10-41-38-685 30784120 379133823 23813582 -1013441923
10-41-38-714 30365337 378917697 23699463 -1013591443
10-41-38-721 30204883 378846336 23737870 -1013559268
10-41-38-747 30222279 378864969 23637684 -1013646869
10-41-38-754 30130431 378890045 23627469 -1013572607
10-41-38-768 30118188 378929403 23729102 -1013556612
10-41-38-783 30164890 378913511 23703369 -1013602627
10-41-38-793 29997460 379086785 23766931 -1013497322
10-41-38-800 30029974 379070719 23762732 -1013505616
10-41-38-834 29940182 378963674 23802644 -1013589131
10-41-38-839 29921733 378870565 23735034 -1013654687
10-41-38-847 29919943 378715251 23634224 -1013625967
10-41-38-860 29923628 378662492 23672191 -1013712930
10-41-38-885 29914551 378741909 23613982 -1013712187
10-41-38-893 29815136 378729629 23520630 -1013627521
10-41-38-910 29821099 378829433 23501500 -1013617500
10-41-38-929 29653807 378718646 23380832 -1013711305
10-41-38-935 29539182 378649818 23308115 -1013742862
10-41-38-977 29563747 378595569 23232630 -1013702519
10-41-39-052 29494081 378568479 23028763 -1013748852
10-41-39-085 29407798 378564255 22946621 -1013753026
10-41-39-104 29434087 378540545 22882164 -1013765818
10-41-39-119 29326840 378491856 22764806 -1013858209
10-41-39-157 28947301 378425491 22441953 -1013840776
10-41-39-167 28988935 378375889 22390023 -1013835257
10-41-39-183 28891353 378382070 22401036 -1013834274
10-41-39-195 28864891 378261484 22411964 -1013886040
10-41-39-221 28506014 378317783 22609275 -1013938177
10-41-39-263 28427283 378485631 22742914 -1013833965
10-41-39-274 28403271 378489478 22740224 -1013834970
10-41-39-282 28095677 378084798 22898214 -1014069647
10-41-39-287 28132313 377975703 22865598 -1014113633
10-41-39-296 28127643 377860151 22918488 -1014132530
10-41-39-308 28021231 378162717 23265844 -1013968455
10-41-39-315 28010092 378239644 23313343 -1014004227
10-41-39-323 27829863 378191414 23483060 -1014000170
10-41-39-355 27389433 377988025 23582231 -1014030562
10-41-39-365 27336908 377953270 23572019 -1014075991
10-41-39-374 27183184 377795338 23619519 -1014182523
10-41-39-446 27039553 377673920 23514250 -1014237727
10-41-39-466 27084930 377654127 23559695 -1014247013
10-41-39-477 26994759 377686604 23541107 -1014261621
10-41-39-504 26950726 377645442 23445659 -1014217771
10-41-39-515 26455909 393696844 23357168 -1014592199
10-41-39-526 26453474 393545037 23230794 -1014655137
10-41-39-543 26483590 393254434 23025988 -1014684623
10-41-39-556 26133887 392363042 22500357 -998282811
10-41-39-574 25554793 391136396 21879775 -998826801
10-41-39-596 25243129 390379510 21699443 -999183836
10-41-39-613 41044527 389179614 20614682 -999674052
10-41-39-621 40410361 388377671 19353504 -1000101493
10-41-39-627 39761217 387220307 17121819 -1000525789
10-41-39-656 39652564 377441360 4033420 -1004490932
10-41-39-669 40622176 370727586 -20309562 -1023702388
10-41-39-684 25686903 345203737 -13331341 -1026681696
10-41-39-710 33421327 321130637 -73457901 -1021856739
10-41-39-723 52208233 302806269 -75863517 -1042874853
10-41-39-751 53155143 265878464 -96752675 -1046736546
10-41-39-762 51784797 200716230 -163199538 -1037512254
10-41-39-772 51201584 181400410 -202943488 -1037468862
10-41-39-799 50606837 165171698 -226097926 -1036135216
10-41-39-809 32600954 133376681 -281588271 -1040811005
10-41-39-824 31661431 142326769 -324523800 -1017640534
10-41-39-836 29938545 134278009 -335400879 -1026887823
10-41-39-850 34003572 105394366 -440074138 -997324225
10-41-39-856 9803465 77535458 -470220927 -968351957
10-41-39-861 17740926 66181681 -483627625 -954956298
10-41-39-904 -14600701 31760794 -570425603 -925092181
10-41-39-914 -27329793 35600657 -597285363 -907934527
10-41-39-931 -57793303 21147032 -639760657 -890093622
10-41-39-950 -90366298 -13710793 -670261213 -835558289
10-41-39-957 -92751967 -51110197 -708038304 -815730932
10-41-39-970 -113660864 -73017353 -728016953 -811132760
10-41-40-003 -188114247 -125306428 -779608518 -744727826
10-41-40-012 -182322847 -112758941 -794305446 -725678695
10-41-40-032 -204095621 -124109094 -807909601 -709920555
10-41-40-049 -209721726 -86577644 -830023548 -670583324
10-41-40-108 -199872315 -62737701 -815182101 -666791716
10-41-40-158 -226269239 -75363155 -816050363 -663072069
10-41-40-168 -246026838 -61845997 -823580793 -678342137
10-41-40-176 -270321823 -65040059 -803100389 -663051188
10-41-40-184 -275727066 -84478841 -800860780 -663430594
10-41-40-191 -277173716 -88620587 -812145820 -678950586
10-41-40-203 -302323663 -91201199 -809242944 -678647533
10-41-40-209 -293790412 -76661257 -806364259 -678195900
10-41-40-217 -313252055 -90783658 -795984840 -665018827
10-41-40-225 -318048194 -88344524 -792242753 -667345469
10-41-40-230 -338941347 -85694818 -788832443 -669561983
10-41-40-240 -333815453 -74396015 -763905536 -691110114
10-41-40-246 -354788967 -69674849 -777438947 -693061847
10-41-40-251 -359196287 -48166357 -774195147 -694905110
10-41-40-273 -373380021 -51417056 -749941236 -679918525
10-41-40-282 -360843911 -30006105 -747624723 -680380611
10-41-40-294 -364726388 -25396520 -762097794 -681026008
10-41-40-325 -388808040 -34584838 -758342154 -681517682
10-41-40-342 -393245688 -15198186 -756682020 -680918194
10-41-40-348 -381558582 -13383756 -738197168 -679906375
10-41-40-378 -398784848 -24189654 -733508449 -691981329
10-41-40-384 -420414250 -21235792 -732434538 -690326641
10-41-40-390 -424638237 -17642490 -731643809 -688581950
10-41-40-428 -419351360 -4652986 -746402775 -666895107
10-41-40-436 -440133481 -705250 -745589282 -665031258
10-41-40-445 -444443976 19945451 -744943657 -662872072
10-41-40-481 -458118297 34872806 -742166074 -673190969
10-41-40-500 -446118549 40699102 -740599460 -671352855
10-41-40-512 -451326051 29458932 -738727085 -652660459
10-41-40-528 -487211652 67684021 -729666432 -647204935
10-41-40-535 -494886986 62185936 -724756615 -662532351
10-41-40-542 -504118296 75731610 -700957579 -661426762
10-41-40-579 -541777226 137222057 -663834697 -646420635
10-41-40-588 -556251604 151970580 -646802540 -648464186
10-41-40-598 -553609449 169056284 -644809787 -650819852
10-41-40-630 -604513384 238625415 -565019994 -673569011
10-41-40-638 -595988171 248957714 -561000051 -673314253
10-41-40-648 -602646452 278032256 -539659014 -672144821
10-41-40-669 -613751213 367044455 -474248731 -647859769
10-41-40-683 -617230484 410662989 -435732345 -659900027
10-41-40-693 -638124718 436574630 -412562906 -637341944
10-41-40-716 -631312290 486546840 -375220518 -640770980
10-41-40-754 -636918231 509208918 -328101202 -616675924
10-41-40-766 -659326814 512628501 -297166862 -626295568
10-41-40-813 -652766986 578700132 -220522713 -608804942
10-41-40-865 -651918994 592751073 -188201273 -606005995
10-41-40-872 -650440146 604120614 -154903963 -604897467
10-41-40-879 -647572175 598208415 -88908035 -608590876
10-41-40-905 -639186935 628768274 64299027 -603129883
10-41-40-916 -556760517 685333986 218712931 -566228529
10-41-40-921 -529541101 696815822 213082173 -573942237
10-41-40-958 -538043664 721597955 241205226 -549786520
10-41-40-967 -520502777 727841893 270532233 -561062900
10-41-40-984 -497799572 714339437 274986984 -559830477
10-41-41-007 -508982810 720923326 275624482 -555834837
10-41-41-015 -492224680 747632228 257762256 -542207108
10-41-41-022 -490225269 750378437 226646717 -530044271
10-41-41-052 -490410490 752071906 215392123 -532505384
10-41-41-057 -489395490 775849500 202308602 -535373342
10-41-41-067 -489079280 764116671 165080691 -535686900
10-41-41-099 -489044083 769588773 157955222 -535278578
10-41-41-119 -480868426 782292271 74417223 -543707157
10-41-41-132 -504501319 781849128 27102168 -541605451
10-41-41-164 -496506973 794761070 -4340088 -540863209
10-41-41-177 -528771672 763082136 -105543781 -532164385
10-41-41-189 -554957975 732265308 -142409464 -535261734
10-41-41-215 -546499362 717089300 -163747432 -554169983
10-41-41-228 -565315920 677510278 -278778188 -561375395
10-41-41-242 -570185967 636713786 -316175699 -548616417
10-41-41-261 -591069166 626915585 -369388588 -552916503
10-41-41-315 -579713978 538788244 -452641073 -567230670
10-41-41-328 -581519477 505821582 -481118876 -589175889
10-41-41-344 -583728297 471637674 -523768167 -593649185
10-41-41-366 -584762486 402965967 -572466355 -583008619
10-41-41-376 -558034865 213948431 -679553548 -604204169
10-41-41-397 -529730902 205502700 -712672944 -604865107
10-41-41-427 -516693585 165519159 -727577701 -606354979
10-41-41-437 -503830639 119062445 -758290256 -609793205
10-41-41-447 -484739456 80555392 -746759879 -609082631
10-41-41-463 -485931917 75293585 -750095509 -607155688
10-41-41-472 -506032283 36951142 -753420563 -587113074
10-41-41-481 -507070251 22321931 -754166599 -585944268
10-41-41-500 -508818731 -4455599 -754421999 -584456527
10-41-41-506 -526838632 -17991204 -746894060 -595554430
10-41-41-514 -537654900 -18773745 -756544271 -595072434
10-41-41-540 -533174417 1232417 -730504354 -595576443
10-41-41-551 -568863225 39375968 -696627269 -585274427
10-41-41-568 -579833257 57787434 -683418541 -605331876
10-41-41-590 -607675820 61193996 -668714039 -608866917
10-41-41-607 -620201744 130589292 -619155818 -602645640
10-41-41-616 -645346905 173145143 -602388896 -621019872
10-41-41-637 -636108531 183462478 -585346952 -621462330
10-41-41-661 -675962254 267598243 -541887160 -601624272
10-41-41-674 -666392270 295306263 -501789833 -599784112
10-41-41-696 -688873653 338583596 -478508319 -598121901
10-41-41-709 -682668035 398790124 -425527698 -605985441
10-41-41-718 -686032495 440943008 -382866441 -584297710
10-41-41-739 -706822597 447511186 -372133482 -578904001
10-41-41-749 -702655003 501557209 -266387265 -565300692
10-41-41-764 -703725053 518750605 -252489123 -578268230
10-41-41-783 -703461923 553729271 -222949785 -572666371
10-41-41-796 -712594130 608461223 -140494285 -532278564
10-41-41-804 -707955179 623102224 -95994122 -543759830
10-41-41-833 -685913026 618368507 -67086869 -540809040
10-41-41-846 -688389787 637042648 -22587268 -540473501
10-41-41-860 -663778810 660527176 9444483 -541501992
10-41-41-882 -652985157 650604936 56935336 -543924290
10-41-41-892 -626477770 670865118 140831785 -553938979
10-41-41-906 -607892713 681752232 149736225 -536395434
10-41-41-926 -589312885 710504426 188981357 -533520710
10-41-41-945 -517405685 733618784 232254610 -526746865
10-41-41-953 -497780810 747862681 249915246 -499401646
10-41-41-975 -494003844 779002842 265376458 -505262052
10-41-41-996 -441985659 812466374 298410801 -478003783
10-41-42-004 -411932111 805262909 322984563 -450737661
10-41-42-025 -400069010 815085613 312077990 -455732222
10-41-42-046 -395211935 802356358 340798277 -474543266
10-41-42-054 -397239767 798630548 315468727 -468884641
10-41-42-086 -400922857 801596685 320785224 -468509673
10-41-42-108 -412417565 826893827 286525323 -465814510
10-41-42-139 -440212254 822825057 271754973 -488743972
10-41-42-188 -434825872 802199042 253586395 -478304544
10-41-42-198 -468659303 810884640 163618124 -509972737
10-41-42-208 -480337528 807333250 152180777 -497200740
10-41-42-223 -508673791 786245517 121026570 -501513428
10-41-42-233 -515008940 791648564 51230151 -525087254
10-41-42-249 -542398556 768453019 -3919037 -526605025
10-41-42-272 -535366002 778017985 -27215058 -526898381
10-41-42-287 -577974698 743622897 -146376101 -513440138
10-41-42-296 -569829991 725091433 -183877001 -518312031
10-41-42-311 -578913200 685548364 -237481463 -541930811
10-41-42-323 -598791636 627917076 -343597363 -558395011
10-41-42-329 -602275660 586672426 -376852262 -561156470
10-41-42-340 -621174955 562175638 -409013015 -546552806
10-41-42-351 -600712900 484445689 -484711491 -553272836
10-41-42-366 -596955657 474228611 -513599166 -571654517
10-41-42-382 -610023683 430795682 -557736724 -571908419
10-41-42-391 -594040039 348692808 -615472551 -571300115
10-41-42-401 -567656993 339801114 -655502720 -571116195
10-41-42-422 -571889064 299435852 -677656186 -571917348
10-41-42-443 -516171321 232321498 -715549046 -575845733
10-41-42-454 -524818648 225946954 -746352538 -575002798
10-41-42-474 -502808066 203964682 -757989656 -572899282
10-41-42-482 -510989314 127549063 -777175573 -573289129
10-41-42-487 -496363020 123332171 -778814518 -574173940
10-41-42-516 -501741396 101623305 -779458989 -572858491
10-41-42-532 -538784228 53790114 -778411714 -545445977
10-41-42-542 -544617101 51507276 -775549666 -560883777
10-41-42-563 -533278443 55318644 -753729936 -545533778
10-41-42-579 -561811270 68099575 -755352346 -552993410
10-41-42-586 -552068675 75203095 -730611855 -572456043
10-41-42-611 -576691461 84928732 -738663168 -574602757
10-41-42-624 -604311596 111508591 -708339852 -576464906
10-41-42-633 -598477231 127838694 -695920500 -576000313
10-41-42-662 -627123695 144482777 -665306811 -575185477
10-41-42-673 -660427100 218685734 -618599363 -572076743
10-41-42-691 -652174011 241464038 -602464630 -553606579
10-41-42-714 -676692852 248893010 -585709041 -551216503
10-41-42-739 -680998483 340632690 -528554274 -558881242
10-41-42-755 -686790058 348445706 -525571067 -554303320
10-41-42-775 -708918233 390716376 -505406639 -531491832
10-41-42-785 -700429387 470396961 -441262892 -527580983
10-41-42-794 -701870670 494818046 -400764728 -521648075
10-41-42-816 -703373430 500084248 -392298919 -500072567
10-41-42-826 -724206657 563063996 -282872803 -485997191
10-41-42-870 -725564039 582228898 -248110718 -479928381
10-41-42-890 -725955972 599838818 -213039755 -490549152
10-41-42-899 -700039902 652077952 -113186183 -450192467
10-41-42-907 -710367722 669216747 -80888788 -458231550
10-41-42-917 -685514435 684934663 -48563666 -433969588
10-41-42-922 -671217218 738173914 26902334 -438350820
10-41-42-928 -657497844 732471052 72681933 -419099809
10-41-42-949 -642398271 759857036 83670075 -417218682
10-41-43-019 -607426898 778869720 154027102 -416706928
10-41-43-035 -589487958 768821925 163412525 -418741567
10-41-43-043 -553218508 792043589 205969544 -437557232
10-41-43-113 -512307162 806590006 233306617 -437867677
10-41-43-135 -395922947 860364282 341898619 -389673963
10-41-43-172 -379954516 849071823 334948492 -367476331
10-41-43-185 -367534333 853736137 357715456 -363410817
10-41-43-210 -351321147 867247199 324989416 -394050435
10-41-43-240 -371114496 870179896 294408973 -379104962
10-41-43-259 -361610206 870864882 279229422 -382938528
10-41-43-288 -394462573 880737562 226603311 -419698547
10-41-43-299 -423124349 877584020 221045100 -427571188
10-41-43-310 -418654593 874028007 180177432 -418179135
10-41-43-331 -473232823 858903141 96984661 -457053911
10-41-43-343 -469013026 835167673 65916243 -447411679
10-41-43-358 -481163733 844058328 33024397 -471179541
10-41-43-396 -514138301 796984419 -72163185 -489410817
10-41-43-411 -540568049 783471487 -108414696 -479317124
10-41-43-422 -532981511 767601406 -127383004 -503884139
10-41-43-434 -550211776 745075804 -197008405 -522906023
10-41-43-450 -574810066 723376480 -230059232 -515029399
10-41-43-471 -565068256 684972944 -261822887 -538983340
10-41-43-516 -592903769 619796654 -376751717 -534968982
10-41-43-521 -593886112 596925706 -410750202 -536741411
10-41-43-527 -593312023 589858271 -443905428 -555555981
10-41-43-537 -592199456 508568773 -522851988 -571097979
10-41-43-543 -594958578 476210299 -543744693 -577341690
10-41-43-548 -580553961 443600672 -546608733 -565979203
10-41-43-553 -589974285 356636686 -603712710 -593610370
10-41-43-568 -567699834 315374038 -637773293 -595420591
10-41-43-580 -563653385 309878265 -636179797 -595180978
10-41-43-589 -562164817 254822634 -665602601 -590444403
10-41-43-594 -562415408 240313625 -688069505 -589737511
10-41-43-599 -578778222 211354409 -693066820 -589339562
10-41-43-609 -575152013 202646610 -705996878 -570261581
10-41-43-614 -575419452 180266367 -708435250 -568986774
10-41-43-620 -576555484 176986101 -709161355 -567982894
10-41-43-637 -589701185 180229693 -681774785 -566824819
10-41-43-651 -579463629 201434724 -691022038 -567471008
10-41-43-656 -586838078 206852525 -665144432 -568772724
10-41-43-693 -601081606 223547891 -660826058 -588559029
10-41-43-709 -623780797 235777240 -633035338 -589730638
10-41-43-717 -628677674 233982595 -638857181 -590181293
10-41-43-743 -642836664 302425812 -586921074 -570082573
10-41-43-748 -632292028 320158755 -589852166 -567776394
10-41-43-755 -655519865 338881493 -574477558 -564887977
10-41-43-796 -653635308 406668074 -503159974 -571039244
10-41-43-808 -673263445 413767578 -483111631 -550712096
10-41-43-815 -674943181 453428496 -462925214 -547524176
10-41-43-844 -677336012 503210458 -398973165 -535820008
10-41-43-853 -676345245 543617769 -393197645 -529871375
10-41-43-862 -675035285 550583874 -370314321 -539096210
10-41-43-888 -671128862 615508328 -278587940 -497259201
10-41-43-896 -652682854 636108486 -248952861 -505489016
10-41-43-907 -652204374 671439503 -216866918 -479353940
10-41-43-938 -649389293 703037098 -115904203 -446820055
10-41-43-945 -661379584 717951449 -82717561 -453593859
10-41-43-955 -654759997 732042643 -50289244 -444213770
10-41-43-995 -613234376 778824784 30916280 -426714123
10-41-44-007 -601022704 769769846 63974671 -424714847
10-41-44-018 -605022321 792496608 95796579 -424265460
10-41-44-039 -561340633 785186890 183246744 -416278296
10-41-44-046 -545147107 787893490 210404935 -418011831
10-41-44-054 -527957775 808302476 253735612 -416889199
10-41-44-082 -490365157 802574145 283832257 -425379649
10-41-44-093 -472485068 824351861 320800199 -420172469
10-41-44-113 -455297878 829136069 339045378 -397748228
10-41-44-139 -408629831 843072239 366087863 -393761159
10-41-44-146 -379237767 846568616 394090026 -386917240
10-41-44-153 -368913048 832692661 385655888 -364972642
10-41-44-179 -375567421 837952442 385092701 -363560801
10-41-44-197 -377447171 838263496 378954116 -367592009
10-41-44-213 -362608878 838381363 389048767 -389225455
10-41-44-237 -383728458 856889401 329442137 -406139281
10-41-44-246 -395984727 855655318 311749346 -395032016
10-41-44-258 -425428366 837304289 307689001 -402190521
10-41-44-291 -448174713 833326204 222144887 -440919394
10-41-44-297 -462360382 831521970 190467092 -428219133
10-41-44-302 -491621932 846311712 158819552 -431187339
10-41-44-324 -527299328 829244930 55447899 -448962343
10-41-44-330 -538759723 803251282 18392212 -472366106
10-41-44-339 -532758346 809739919 -35445985 -461547900
10-41-44-373 -576871095 751198651 -133272561 -481460340
10-41-44-385 -567465928 733343079 -189220597 -505116102
10-41-44-393 -589852828 714791017 -212097165 -511145712
10-41-44-418 -594858367 671179525 -331218841 -525261413
10-41-44-434 -593520886 630422002 -388436394 -513305152
10-41-44-439 -590358576 622207036 -427670671 -517712703
10-41-44-482 -564483704 550527855 -503414380 -541912679
10-41-44-493 -577081737 518646548 -537158559 -530568397
10-41-44-498 -575452276 482209736 -549581651 -555090544
10-41-44-624 -595212983 346212901 -621307009 -566830878
10-41-44-682 -605050915 301729359 -615610976 -588323960
10-41-44-694 -597934265 263283780 -641394855 -588519822
10-41-44-708 -623198715 215227140 -660290290 -563385473
10-41-44-719 -653921861 163066435 -647819743 -539699891
10-41-44-730 -675573439 189319114 -656736327 -539893110
10-41-44-742 -664356979 182357978 -630758351 -540324343
10-41-44-774 -682456335 214796840 -598377836 -541707709
10-41-44-786 -687127512 228641804 -586526391 -542611486
10-41-44-794 -707415601 243995081 -591558795 -543843833
10-41-44-809 -712766608 294428798 -556393734 -529570180
10-41-44-825 -696697944 312770251 -544226334 -529904921
10-41-44-833 -696798695 331701455 -514678772 -530301854
10-41-44-839 -712883188 386625822 -504590283 -530142003
10-41-44-868 -705291249 493663169 -424605037 -518438325
10-41-44-873 -685922420 498989854 -407112691 -513999895
10-41-44-906 -682528765 538119565 -388167488 -526325561
10-41-44-952 -669983361 585869592 -322222813 -497631998
10-41-44-960 -666565194 622239698 -278770003 -510372389
10-41-44-967 -663066495 641235387 -250106323 -506292763
10-41-44-979 -651890429 695644813 -173488917 -468502453
10-41-44-985 -648655629 696314393 -142028137 -472807034
10-41-44-990 -661658048 713497984 -93191994 -458532725
10-41-45-007 -638357909 775735654 7344860 -422598114
10-41-45-013 -627202857 771175736 41592619 -397211545
10-41-45-023 -596486978 782564676 75167251 -407243824
10-41-45-053 -547533534 824173775 149486540 -382285497
10-41-45-073 -531532491 827412276 178164207 -384455676
10-41-45-078 -515019613 829040169 224072621 -404282646
10-41-45-108 -461415706 817650100 303792674 -405901968
10-41-45-113 -458817569 838861962 324604862 -385375444
10-41-45-119 -438806276 844650793 343713895 -378475242
10-41-45-193 -364341565 850917344 390121693 -355850241
10-41-45-200 -349902712 874384292 384039812 -341311932
10-41-45-213 -355080653 880221683 408405539 -311317043
10-41-45-218 -330980005 890776915 403845736 -294690312
10-41-45-222 -335334583 891467318 382194455 -294022763
10-41-45-227 -357359369 890355007 377572348 -297598643
10-41-45-249 -347618587 884741156 357384883 -319546428
10-41-45-258 -373945552 886127139 339879707 -324410285
10-41-45-277 -386072954 885728922 321748013 -313994134
10-41-45-303 -423895914 883797370 232701184 -354126567
10-41-45-313 -438928152 881486044 220048890 -345583421
10-41-45-322 -453890836 895178439 188813625 -370129538
10-41-45-352 -480459344 877740428 86355035 -379863376
10-41-45-368 -495871350 849781825 33380214 -408690281
10-41-45-374 -528041936 835876796 -4149824 -422325817
10-41-45-406 -551589864 781363879 -122604196 -447589723
10-41-45-411 -562417306 777207325 -145649990 -476584067
10-41-45-416 -589036879 737326564 -202249940 -488322214
10-41-45-443 -597440705 654163485 -320304828 -520554757
10-41-45-460 -601918713 639012911 -360544032 -513936529
10-41-45-464 -603477632 606414593 -383387573 -540427436
10-41-45-505 -601996292 505222523 -506162442 -560753374
10-41-45-521 -601398572 469960734 -518946202 -548828831
10-41-45-526 -600543104 417368958 -545651060 -553168427
10-41-45-546 -611054986 316568745 -612753480 -576457929
10-41-45-551 -608662475 302574192 -629982741 -577380365
10-41-45-558 -606438292 273826533 -661352293 -577890610
10-41-45-606 -585762694 222297309 -666863135 -578675041
10-41-45-617 -584880810 183182649 -692104203 -577900496
10-41-45-627 -585041109 163491139 -682378451 -575997341
10-41-45-647 -604320275 141582638 -709697250 -571549209
10-41-45-662 -605102742 117168389 -710553479 -571464636
10-41-45-671 -606857684 110486352 -710999622 -570464616
10-41-45-695 -622400382 119395667 -683992186 -551458173
10-41-45-704 -612618758 123303595 -692957996 -552445596
10-41-45-719 -619203214 114195984 -667473692 -570842097
10-41-45-739 -635789615 169309305 -656716521 -574082385
10-41-45-746 -658930399 185134235 -644850742 -575296113
10-41-45-757 -649016915 201307691 -614628511 -576793742
10-41-45-790 -670984335 234109108 -569446122 -578605853
10-41-45-802 -694958332 269885240 -552562990 -578016770
10-41-45-818 -684872960 291200805 -534135934 -577138606
10-41-45-849 -699475772 346109259 -488630768 -573028109
10-41-45-856 -704160266 368792656 -448974129 -570773036
10-41-45-863 -725258131 407201181 -441948887 -551717586
10-41-45-894 -726522474 463054735 -370932503 -558492856
10-41-45-901 -703764769 510839446 -332376521 -534985041
10-41-45-908 -712223518 543468800 -311688178 -542862808
10-41-45-945 -693038220 617199659 -256384766 -486006454
10-41-45-953 -690923560 658888427 -225009534 -486771566
10-41-45-960 -689976856 664581085 -190903965 -453003998
10-41-45-983 -687988351 721758725 -119397835 -413437573
10-41-45-989 -668701486 739710708 -66076150 -409564388
10-41-45-999 -663242051 756414299 -28879134 -390973754
10-41-46-029 -631571415 781453314 65671503 -331956971
10-41-46-040 -616279365 809314673 118046975 -339636908
10-41-46-046 -600399014 800487440 152441425 -318372783
10-41-46-082 -552828793 827129281 230654307 -336010459
10-41-46-087 -534049180 813802383 273961777 -337224217
10-41-46-094 -515191275 817519855 281092522 -337449277
10-41-46-124 -474359548 846518535 355466422 -317070715
10-41-46-133 -435540533 838770995 350520856 -326931051
10-41-46-138 -413204234 850747796 373674978 -299901656
10-41-46-214 -365303012 885954389 373978782 -270982021
10-41-46-290 -374498258 911166865 372518415 -253503998
10-41-46-298 -369726474 901101479 369808073 -237955304
10-41-46-306 -352275465 926648584 359089702 -219636680
10-41-46-322 -396315692 927664232 277823079 -237199844
10-41-46-332 -521197222 896210527 100334192 -302361061
10-41-46-343 -537331068 871182832 66217719 -294366911
10-41-46-364 -535965865 878985900 29262853 -301645199
10-41-46-385 -578669860 858619909 -51952057 -314038718
10-41-46-391 -588942930 846384271 -77630203 -337847196
10-41-46-418 -580650385 815427559 -136855114 -329961512
10-41-46-479 -610184067 777909212 -247857439 -366256698
10-41-46-486 -610824104 757126201 -306785308 -377824157
10-41-46-496 -608919475 718914196 -331600940 -405453131
10-41-46-502 -590714060 646709647 -447787033 -444316525
10-41-46-508 -567912953 618382482 -482340638 -457495666
10-41-46-518 -563592779 604839423 -513548330 -470483227
10-41-46-616 -553350026 504428509 -609245896 -508108369
10-41-46-674 -548532125 470984813 -614480646 -502632916
10-41-46-684 -559369975 438603583 -634331656 -513740629
10-41-46-690 -532321537 361707231 -665177681 -532835502
10-41-46-708 -552994658 231040964 -699798911 -560974571
10-41-46-716 -598707268 281788443 -656395521 -561066836
10-41-46-728 -621438372 297315201 -644628960 -559524608
10-41-46-753 -626613304 314780596 -615465043 -557568274
10-41-46-775 -620654755 350476564 -604674185 -535951924
10-41-46-784 -643188911 367729290 -589741650 -533365594
10-41-46-807 -631421076 385399112 -574399241 -530554770
10-41-46-814 -656674134 448304413 -527581977 -516063396
10-41-46-821 -658370536 488395129 -511383938 -524955633
10-41-46-861 -660561033 511588841 -494151448 -499066031
10-41-46-875 -647086888 562626696 -437642242 -487336129
10-41-46-884 -647301825 583731031 -401234307 -477776972
10-41-46-907 -648151220 603762429 -379919457 -451072866
10-41-46-926 -652862059 676674170 -320329078 -437154090
10-41-46-934 -671286040 693609526 -290949152 -427050693
10-41-46-957 -673551967 709108756 -259098632 -400017399
10-41-46-966 -664899046 746531131 -152395357 -367689656
10-41-46-973 -664638564 757814005 -98983604 -373367765
10-41-47-056 -679001831 751570611 -62668075 -346623106
10-41-47-092 -659580608 796723596 39328480 -338481800
10-41-47-106 -632580726 805869122 71890888 -313335416
10-41-47-112 -619799096 798001765 103104298 -323844627
10-41-47-122 -512980659 843422526 263240930 -316167402
10-41-47-127 -505433150 834638704 285117806 -313050221
10-41-47-133 -466469833 857255387 321329183 -311634664
10-41-47-155 -411276103 851130037 375490005 -299177678
10-41-47-160 -398334501 853523651 387990896 -293647118
10-41-47-165 -404368388 872755595 380584473 -305128811
10-41-47-215 -387266553 864055298 383492110 -282154064
10-41-47-226 -387454314 867025860 393197830 -282357334
10-41-47-242 -389267769 869100203 368354548 -284698758
10-41-47-258 -409162634 891609140 341827658 -295011736
10-41-47-266 -422351692 891150058 323120673 -299662568
10-41-47-274 -436941150 890214379 283985170 -322362288
10-41-47-309 -469154982 868135282 198927148 -337935493
10-41-47-316 -486095718 880637717 167476476 -327450815
10-41-47-339 -502898326 873731823 152611386 -353438770
10-41-47-362 -573364211 817391180 50863135 -380405632
10-41-47-372 -592127666 799415849 -5168378 -394606588
10-41-47-380 -609122811 780983842 -30618939 -422566332
10-41-47-403 -630083927 741377715 -164358104 -440217956
10-41-47-413 -656907471 702350482 -223387489 -428226508
10-41-47-421 -649697526 693274649 -246740905 -435051401
10-41-47-443 -678674173 604196687 -372663052 -462795393
10-41-47-448 -678209262 568424290 -405887463 -487600047
10-41-47-459 -675411615 558983116 -439350568 -494432176
10-41-47-492 -646260462 503447069 -508063665 -507216312
10-41-47-513 -636568790 474181749 -542932818 -496151285
10-41-47-526 -642315592 427961838 -575873383 -501379449
10-41-47-557 -620913640 354459767 -645598611 -516783986
10-41-47-568 -600482521 310510513 -659046258 -539079596
10-41-47-578 -596143683 303245553 -652941605 -528590633
10-41-47-598 -605960981 231154947 -669698992 -560804535
10-41-47-609 -609371870 213944636 -669952751 -547477158
10-41-47-618 -599218770 194853571 -668145502 -550290188
10-41-47-639 -640855356 169890674 -650634374 -574684351
10-41-47-653 -630435285 168242843 -660639982 -575956207
10-41-47-660 -634820663 172619121 -637009769 -577422779
10-41-47-694 -648484195 203595811 -626654020 -564843357
10-41-47-700 -671609112 200605651 -598185299 -564832947
10-41-47-707 -678533300 216062051 -585013421 -564371359
10-41-47-759 -695647532 285390299 -558674002 -563022190
10-41-47-769 -682764221 305218028 -543875210 -578785667
10-41-47-783 -685841551 326582036 -511791235 -577235712
10-41-47-797 -696294988 378920645 -475249153 -548946440
10-41-47-804 -700278016 401134980 -455757178 -560233024
10-41-47-812 -703416315 439231509 -418825522 -555248023
10-41-47-831 -721910014 465691501 -377703345 -529548562
10-41-47-851 -703015143 507022212 -372949599 -540978271
10-41-47-863 -699394365 516062513 -333677904 -518180124
10-41-47-888 -707550444 605057807 -276580742 -509002574
10-41-47-898 -687775938 626785704 -232241082 -482707958
10-41-47-911 -684323844 631113286 -220044791 -489646184
10-41-47-936 -690083619 687624030 -123992798 -454911166
10-41-47-944 -669044416 703947442 -89167316 -441766902
10-41-47-954 -663234507 718753809 -53847180 -413282481
10-41-47-994 -636258261 773045568 46775030 -382621184
10-41-48-006 -641929174 766558727 78202354 -390271943
10-41-48-015 -629120879 792836256 109263392 -365208295
10-41-48-031 -578465867 800683606 200261309 -349358382
10-41-48-036 -557737126 824081551 228273641 -348194862
10-41-48-043 -537836326 828776618 271023023 -347986472
10-41-48-080 -474686710 832419682 318286840 -331273071
10-41-48-098 -453201064 857711944 353306997 -336002862
10-41-48-105 -416847523 847912813 370797592 -323259374
10-41-48-127 -380981537 877739746 384058744 -276997947
10-41-48-137 -382010412 864752651 379466973 -286842734
10-41-48-143 -403769556 870389959 368534991 -260149071
10-41-48-173 -426313299 881487631 342225449 -247477858
10-41-48-186 -416116008 884048634 310752435 -246777874
10-41-48-194 -443862880 884277880 293757153 -249440029
10-41-48-235 -471657705 896159726 273797534 -260644497
10-41-48-246 -486610936 892737885 234719173 -268281321
10-41-48-262 -485691047 871638417 209762158 -293350892
10-41-48-282 -532504153 851495055 128853705 -323715982
10-41-48-291 -547699918 858375043 117434408 -336672830
10-41-48-300 -562406239 846964389 88180476 -333792327
10-41-48-321 -601231246 787882724 -8722538 -379431421
10-41-48-338 -628377148 788712887 -42959605 -410454552
10-41-48-348 -637737039 754557147 -78073104 -424537975
10-41-48-373 -646511510 705105362 -208626300 -448318368
10-41-48-384 -652224156 662839139 -233516527 -476377973
10-41-48-395 -671643273 637076588 -291938273 -486797564
10-41-48-433 -652206015 571481566 -404642220 -500634196
10-41-48-439 -651037664 539779794 -436978685 -527878797
10-41-48-452 -649550361 505763247 -450489051 -538718469
10-41-48-472 -635380130 378794867 -536218888 -552611819
10-41-48-477 -645290286 357059295 -577838837 -578774417
10-41-48-483 -640547072 300849544 -581729315 -569777303
10-41-48-515 -629812562 207972877 -617920466 -592396448
10-41-48-532 -629513289 167147192 -641820039 -593153782
10-41-48-542 -643686560 148646112 -632227210 -593828743
10-41-48-573 -620159609 135897773 -650501985 -588406910
10-41-48-587 -637624798 114287151 -652263511 -570007935
10-41-48-594 -639761931 111474445 -651553537 -569121675
10-41-48-611 -632060686 111352332 -660244593 -568363559
10-41-48-628 -655850332 114118071 -636941926 -567306942
10-41-48-638 -647198109 137533165 -644912051 -566328808
10-41-48-672 -670855603 163696923 -611833320 -562449604
10-41-48-684 -694651655 183225288 -582409860 -577294657
10-41-48-691 -685422087 219997531 -568304347 -575162645
10-41-48-711 -729648194 262931951 -514644602 -549283744
10-41-48-722 -739557445 284236920 -509894108 -561572059
10-41-48-727 -731516886 324700342 -486898522 -556661850
10-41-48-757 -760224676 404999801 -419898178 -540011044
10-41-48-779 -761373399 413830184 -382598378 -516434865
10-41-48-791 -761924601 456510285 -361618071 -525250791
10-41-48-814 -761716676 511847229 -303812503 -486021888
10-41-48-823 -760454865 534269033 -275545062 -478904104
10-41-48-829 -757574835 573943225 -228760786 -488288290
10-41-48-863 -739791153 643982117 -132272998 -445122448
10-41-48-870 -714663598 649804987 -117917002 -433161870
10-41-48-882 -704461537 689907024 -88465595 -419090366
10-41-48-912 -669845298 736487831 -6911334 -386521508
10-41-48-920 -675052654 752701100 38111718 -371986209
10-41-48-933 -662376946 766024516 68806072 -344423945
10-41-49-065 -618191186 784645865 117115560 -332405193
10-41-49-096 -586123035 813602076 181291702 -328778515
10-41-49-104 -565683206 802730584 209819613 -331498807
10-41-49-115 -378913957 893491348 409023593 -225651411
10-41-49-120 -383908267 890021170 409650560 -213105874
10-41-49-125 -404726533 889428821 385473367 -239010870
10-41-49-150 -398849775 882661902 344573432 -232934135
10-41-49-166 -411455427 883514448 343197099 -252056438
10-41-49-177 -442822070 883721782 322580974 -254121138
10-41-49-197 -490457444 897412669 230064490 -249471818
10-41-49-213 -506608001 893425137 220259895 -274101883
10-41-49-222 -520740804 871967326 177100974 -267369758
10-41-49-247 -558499614 849524014 95359225 -310424790
10-41-49-252 -571244826 838441194 84171109 -343719934
10-41-49-263 -566594273 842829469 54102937 -344283263
10-41-49-322 -597442379 781699319 -69211954 -394525520
10-41-49-329 -623365217 779538631 -92915484 -427333276
10-41-49-342 -615102577 757594689 -151979704 -443761430
10-41-49-354 -630674699 686142822 -237357939 -477721618
10-41-49-360 -634253827 673042776 -261496479 -478837814
10-41-49-365 -636289110 641261705 -299583540 -497102861
10-41-49-394 -635938183 539801043 -399252203 -545682350
10-41-49-399 -634972146 503686212 -444421909 -576368510
10-41-49-405 -633737821 449977091 -470367339 -589348139
10-41-49-440 -639529721 352587456 -537977199 -624408140
10-41-49-458 -617352660 298271863 -557939261 -616374884
10-41-49-469 -612992818 262243151 -575685454 -638844752
10-41-49-505 -626524657 164744791 -597054402 -642748480
10-41-49-514 -613278579 153792830 -603406020 -640636824
10-41-49-521 -617806657 111662731 -623700480 -638361874
10-41-49-540 -638909413 60058111 -616055119 -616868284
10-41-49-546 -638330884 70136977 -619029047 -615336832
10-41-49-556 -638588451 68598628 -618623403 -615716012
10-41-49-595 -637546474 61249675 -598246232 -618500481
10-41-49-610 -662309520 87662613 -604402246 -619170467
10-41-49-617 -652827185 100898632 -593259469 -620044880
10-41-49-635 -688686125 151441547 -559635151 -619648068
10-41-49-653 -695565931 169891710 -530290905 -618276963
10-41-49-663 -686105466 188473185 -516929723 -616107895
10-41-49-696 -724993598 231660782 -489208933 -622157623
10-41-49-701 -715621322 268427054 -472847339 -600714481
10-41-49-707 -739951149 287816598 -455580836 -612255831
10-41-49-732 -736023932 311997516 -420665471 -583100257
10-41-49-749 -757294814 352385940 -403754277 -591824121
10-41-49-754 -760318229 361603035 -387222677 -565347366
10-41-49-797 -748850456 457203888 -336580957 -530004154
10-41-49-802 -750935318 463756695 -300774994 -517472291
10-41-49-809 -752678338 486227825 -279492518 -522081938
10-41-49-831 -753412466 551479830 -198080476 -489207074
10-41-49-850 -752481247 570152599 -164153144 -463944145
10-41-49-855 -751515914 586447058 -128647047 -472643924
10-41-49-969 -757739584 632407811 -30684652 -442905988
10-41-49-993 -732227185 651287657 -22642260 -412714801
10-41-49-999 -738296638 671043744 -573294 -398711862
10-41-50-004 -624451950 765521867 197889653 -371142112
10-41-50-010 -604868330 790173448 236866176 -372638377
10-41-50-019 -568765018 780925793 257832480 -372533463
10-41-50-031 -501653814 824922531 322782556 -358213863
10-41-50-037 -479114669 816514301 341063748 -352442406
10-41-50-042 -472208383 842619789 354719331 -331249696
10-41-50-073 -408382276 854922053 362750159 -326160169
10-41-50-086 -392194395 880338973 369025337 -296758221
10-41-50-091 -362833135 870471059 391046746 -284855303
10-41-50-148 -361973701 872352166 393818166 -293001519
10-41-50-155 -362809193 866723676 384618731 -282122968
10-41-50-168 -362372512 879695579 377685059 -320405370
10-41-50-179 -363079520 894628613 360525796 -301206498
10-41-50-186 -366672000 883748845 330869707 -294114803
10-41-50-192 -392945335 885151662 336724571 -307633830
10-41-50-221 -416465181 897276302 263309810 -326434482
10-41-50-240 -431948332 893963698 256423300 -318379155
10-41-50-247 -447190109 890383829 214749835 -343222606
10-41-50-345 -509769960 877156829 130879146 -344582630
10-41-50-361 -524230536 854361599 99890135 -350528827
10-41-50-372 -538407256 863666554 84318348 -374182503
10-41-50-388 -549393733 843143196 -387328 -391010008
10-41-50-399 -639367210 712893853 -242664553 -470613299
10-41-50-413 -645553547 690028697 -260266191 -462450413
10-41-50-434 -633064551 649888606 -294523070 -486793208
10-41-50-443 -636423165 592540108 -408979293 -509772400
10-41-50-455 -635684073 548006863 -440763936 -500007484
10-41-50-473 -633002719 519924951 -472533099 -523326688
10-41-50-483 -638530189 465485289 -514830879 -518462089
10-41-50-492 -619304995 454226783 -554663369 -539988980
10-41-50-514 -641438941 424146678 -570769517 -542131609
10-41-50-526 -674918490 343743711 -568264289 -544838745
10-41-50-541 -663871814 310606358 -569594638 -529766880
10-41-50-565 -666647209 298736746 -589045431 -530684168
10-41-50-576 -689281824 289496788 -585025702 -540796102
10-41-50-591 -694185411 265710653 -586183425 -537222568
10-41-50-614 -682874666 260934186 -584192848 -517918784
10-41-50-623 -697325865 274687226 -587649868 -515171225
10-41-50-628 -700375506 276094130 -567290185 -514186841
10-41-50-661 -702979652 262138240 -563417164 -513433017
10-41-50-674 -729526545 277531036 -559164410 -514012682
10-41-50-684 -716020172 283168156 -533715608 -515148363
10-41-50-706 -718933105 306064230 -542616767 -515787371
10-41-50-719 -740624760 313245118 -521629549 -515132383
10-41-50-736 -741182554 339621517 -497565136 -515082756
10-41-50-755 -741268526 332226716 -507148848 -515653045
10-41-50-763 -743437984 372762605 -468351072 -516327205
10-41-50-780 -744726499 363698249 -477063213 -516136857
10-41-50-809 -745644243 388660657 -452039864 -516020365
10-41-50-821 -744516931 397210669 -431688041 -515436156
10-41-50-836 -743228291 422441388 -442953933 -514831716
10-41-50-855 -742004195 414055807 -438204966 -513656679
10-41-50-864 -739921536 430098599 -412971114 -526514014
10-41-50-872 -739419365 454069931 -425870961 -523893542
10-41-50-899 -739241428 460736844 -422098041 -521227549
10-41-50-907 -739273627 476792592 -395984640 -496988090
10-41-50-922 -739322436 464607899 -409849076 -511522320
10-41-50-948 -739219421 468904702 -407092350 -509490928
10-41-50-965 -739625538 481064213 -382701664 -485972651
10-41-50-980 -739826454 485158563 -380283739 -483284762
10-41-51-007 -740043226 506118844 -377948339 -480504197
10-41-51-017 -740322846 500810026 -387309493 -490316932
10-41-51-028 -740281566 520996139 -367674728 -488816794
10-41-51-050 -740113256 524424013 -364464164 -488006138
10-41-51-062 -719041431 518304713 -371180686 -490040668
10-41-51-071 -715654379 539563570 -352085619 -491969338
10-41-51-095 -727613210 544764374 -350691966 -494357159
10-41-51-113 -687247443 551474118 -350661012 -484422654
10-41-51-124 -692992577 562929699 -351109454 -486137324
10-41-51-142 -663340379 592011018 -369154409 -504956296
10-41-51-167 -616595338 618843942 -351634309 -495043928
10-41-51-178 -598734506 635409456 -348920095 -497364455
10-41-51-199 -579559638 651742974 -345538389 -500748984
10-41-51-213 -537023561 709848940 -352450739 -515596052
10-41-51-219 -497551791 723168336 -331857163 -538601955
10-41-51-241 -488942647 720281980 -328373821 -544792102
10-41-51-252 -416695282 749621180 -338923791 -536838869
10-41-51-270 -402917597 766660896 -318566684 -554065058
10-41-51-292 -372495479 783003772 -313349243 -553885366
10-41-51-300 -265048257 843474916 -293685396 -533893829
10-41-51-313 -234109138 856000942 -302480504 -532706393
