10-44-13-183 -577648955 -284676613 -656131777 590426384
10-44-13-197 -573742693 -283823889 -648240266 567986208
10-44-13-206 -553040647 -282907950 -673746423 562379525
10-44-13-238 -557615885 -280249246 -683416754 561198032
10-44-13-259 -536632838 -279415192 -708876491 554860634
10-44-13-272 -532333269 -278670210 -700678528 531832109
10-44-13-295 -540963990 -293571433 -717302294 519044679
10-44-13-306 -536935384 -292599833 -742076668 512604608
10-44-13-322 -516261373 -291706836 -733115974 522890357
10-44-13-368 -521688735 -288748620 -771865437 503910352
10-44-13-375 -501076168 -287847004 -778743049 480961902
10-44-13-381 -497426814 -286856998 -768583646 491858611
10-44-13-405 -486384785 -267923752 -786667109 475140484
10-44-13-466 -482979164 -267363231 -808939893 469842598
10-44-13-476 -480105720 -266705437 -797015039 448152459
10-44-13-493 -489932279 -265775457 -825770719 434974352
10-44-13-503 -487915119 -265911172 -828881482 431223950
10-44-13-513 -469293966 -266059834 -814862524 428012336
10-44-13-546 -465630313 -266806034 -820546383 437794304
10-44-13-589 -465206466 -266927394 -821654604 436176285
10-44-13-696 -465134703 -267040750 -839003193 418394085
10-44-13-723 -466399514 -266897864 -821909763 417589356
10-44-13-754 -493225752 -264738552 -814446792 438884840
10-44-13-765 -523613257 -260588448 -783599953 445973602
10-44-13-789 -553862084 -275273898 -748203847 487787324
10-44-13-804 -556633841 -274937378 -761550786 490111546
10-44-13-828 -559548078 -274502930 -758083224 492410440
10-44-13-838 -548376675 -273670568 -734534605 479912522
10-44-13-882 -565005563 -270417990 -715353965 507700719
10-44-13-946 -567676864 -269844046 -728993447 509323453
10-44-13-958 -570313896 -269204395 -726017204 510904297
10-44-13-967 -592153430 -251426712 -703197192 497222436
10-44-13-992 -587093030 -249554423 -705864045 520771364
10-44-14-002 -600828117 -247877093 -689142688 527692967
10-44-14-018 -602545893 -247686362 -670335569 528397471
10-44-14-059 -620916760 -247478382 -668464346 512268614
10-44-14-077 -623969912 -247045046 -665079140 513358758
10-44-14-086 -625328499 -247013712 -663515675 513664419
10-44-14-095 -626645646 -246917754 -678846191 513972846
10-44-14-100 -613470422 -247018535 -674842424 514783419
10-44-14-105 -614737952 -246964167 -673444051 515133588
10-44-14-122 -615994644 -246890307 -672066925 515347579
10-44-14-186 -619818128 -246743284 -650996891 516313002
10-44-14-200 -637940768 -246772295 -649474869 516601302
10-44-14-209 -639099273 -246826868 -647881096 517006991
10-44-14-224 -641389383 -247037203 -661627260 517905170
10-44-14-286 -630579579 -247717590 -636340059 537520365
10-44-14-296 -631623853 -247873338 -634917531 538077299
10-44-14-312 -632721783 -247919215 -633345232 538588633
10-44-14-337 -635253425 -248105044 -629805250 539684183
10-44-14-347 -661059725 -248885104 -615937251 544525723
10-44-14-356 -662714089 -249430338 -613091379 528857418
10-44-14-381 -647484066 -250023800 -626816146 530093574
10-44-14-395 -650849276 -251493953 -603264237 533074799
10-44-14-403 -652462446 -269110191 -599447166 534801298
10-44-14-419 -654196372 -270024467 -612330852 536691346
10-44-14-448 -675802211 -273406321 -582627825 559729707
10-44-14-454 -677529356 -274762905 -594754435 561963145
10-44-14-469 -679246206 -276255366 -589987027 547451678
10-44-14-476 -668257425 -264901118 -574531445 553355583
10-44-14-481 -670415679 -267028670 -552162609 572144360
10-44-14-515 -689508388 -286056692 -546189668 574177477
10-44-14-527 -680286743 -291501132 -543272330 564213725
10-44-14-540 -682933908 -292696738 -519771509 566537938
10-44-14-571 -685689546 -293467083 -513015218 568827084
10-44-14-583 -710605403 -278775641 -511145969 591162093
10-44-14-588 -696382306 -279635196 -505388752 592417516
10-44-14-612 -698908321 -280632860 -483196094 593585394
10-44-14-631 -722614268 -283546598 -468233140 579115988
10-44-14-643 -724897489 -284825119 -463453409 579630994
10-44-14-664 -727184607 -302895016 -475406465 579897369
10-44-14-673 -717950705 -307647845 -459284667 580918176
10-44-14-686 -720683888 -308941465 -453212510 581383807
10-44-14-714 -740623944 -309952313 -429867521 581904729
10-44-14-731 -734656688 -293945133 -423852653 584204597
10-44-14-744 -755274685 -310293213 -398771271 585197063
10-44-14-772 -759005401 -309887120 -407233373 586190914
10-44-14-783 -749095160 -309295502 -390528222 605456877
10-44-14-790 -752021306 -309092691 -365590994 606932541
10-44-14-810 -754712636 -309008579 -374257365 608356597
10-44-14-822 -778165092 -309441743 -334508209 596105837
10-44-14-828 -780089115 -309715059 -343855383 597701573
10-44-14-858 -765033507 -309962499 -336664701 599194755
10-44-14-868 -769150660 -293953178 -299288162 620809704
10-44-14-889 -770036121 -294290663 -309825626 622480253
10-44-14-919 -770756256 -294892079 -303957235 624002078
10-44-14-936 -789040226 -297619789 -286656945 628644052
10-44-14-955 -789618460 -298477572 -263937760 613205002
10-44-14-978 -790309465 -299220788 -274734469 614528836
10-44-14-987 -792140069 -301281842 -257194322 618244730
10-44-15-007 -792584736 -301764634 -234730078 619528089
10-44-15-022 -793080975 -319093899 -229228069 620679765
10-44-15-030 -793998725 -320490405 -213038729 641309842
10-44-15-037 -794176835 -320658965 -224455872 642805502
10-44-15-052 -794221337 -320770072 -219127604 644252038
10-44-15-069 -794305277 -320809349 -203503410 632249284
10-44-15-078 -794238457 -320770266 -181634570 633741264
10-44-15-110 -794079930 -320936973 -176776046 635094625
10-44-15-122 -793766587 -321603992 -167258257 654439013
10-44-15-134 -793578489 -322242493 -162634087 655589862
10-44-15-169 -793257689 -323038639 -174964613 656751231
10-44-15-179 -791845825 -326458965 -146108797 659479171
10-44-15-197 -791436231 -310805517 -159141630 660361439
10-44-15-219 -790977376 -312097580 -155424160 661032548
10-44-15-230 -789735449 -315772917 -128600323 646070055
10-44-15-252 -789345235 -316935752 -142202693 646499559
10-44-15-271 -788902904 -318054221 -139332719 646951687
10-44-15-283 -770821131 -337965679 -114939502 648276373
10-44-15-304 -770304654 -338922448 -112986530 648822667
10-44-15-319 -769808899 -339882115 -111233662 649334133
10-44-15-327 -767838501 -342256973 -124400415 651042917
10-44-15-335 -767071160 -342807522 -123592305 651601584
10-44-15-364 -766366050 -343340780 -123103280 652304221
10-44-15-373 -764396035 -327803926 -122430601 654055520
10-44-15-384 -763902091 -328064858 -122510760 671263826
10-44-15-403 -763449320 -328344538 -122689194 671645810
10-44-15-413 -779483548 -328610822 -123655350 672121523
10-44-15-422 -779651931 -328836676 -124386783 671671657
10-44-15-492 -763491961 -329569663 -125589557 653649691
10-44-15-515 -770908817 -358099971 -123228785 656400680
10-44-15-524 -792842659 -348739534 -98494700 630809975
10-44-15-532 -782022489 -374435622 -101280037 620621214
10-44-15-549 -779621928 -469872880 119488847 592822180
10-44-15-554 -757534251 -478193255 169684714 588927473
10-44-15-559 -729486665 -522317619 219859071 567213879
10-44-15-657 -620896158 -598524664 331584958 555277763
10-44-15-689 -563511000 -631655677 364706961 539344581
10-44-15-698 -538404755 -664353303 410382089 520653701
10-44-15-706 -435156201 -744121553 453419298 461672773
10-44-15-802 -180232422 -901408109 476079749 285290969
10-44-15-842 -167879305 -917279761 471013158 258457809
10-44-15-856 -140569835 -947886870 447971318 216780298
10-44-15-871 -8130225 -996859915 402472871 111660465
10-44-15-879 78645517 -1000564491 369957554 60290501
10-44-15-889 103533431 -1002594173 346241025 73098296
10-44-15-901 94506779 -1004534511 355872675 69298288
10-44-15-906 109713564 -1025176039 341101014 43643172
10-44-15-911 134463356 -1027079390 316503073 55045707
10-44-15-930 126038011 -1028862682 325472436 32233014
10-44-15-941 169142727 -1015361402 304365710 11900098
10-44-15-947 161563167 -1015775980 281216881 22691179
10-44-15-976 187530330 -1015958717 292228533 17746297
10-44-15-990 198324684 -1031634201 260214068 -7242246
10-44-16-025 223955230 -1031153479 271754942 7301747
10-44-16-045 215957282 -1030549740 249615075 4572907
10-44-16-052 258390339 -1028327812 234072979 -24666251
10-44-16-060 250115700 -1027346423 229012285 -12630437
10-44-16-093 291602606 -1024029136 213328308 -38639748
10-44-16-106 282718983 -1005903737 225349038 -39877800
10-44-16-120 306978252 -1004620335 221287001 -40419113
10-44-16-146 326484700 -1000382592 195023911 -25244779
10-44-16-159 315739691 -998812853 193026830 -25798932
10-44-16-198 338345887 -1013901512 208433080 -26480246
10-44-16-218 352685891 -1009185098 206962277 -27534430
10-44-16-232 356188814 -1007959220 207315932 -27615431
10-44-16-251 359145705 -1006676242 207932213 -27869529
10-44-16-272 347326492 -987730199 209305196 -29318301
10-44-16-293 350761777 -986280470 193240318 -32897039
10-44-16-303 351438637 -986027400 209267015 -52098701
10-44-16-322 350575115 -987822265 201831681 -54439640
10-44-16-333 348734246 -989580001 179782557 -54439561
10-44-16-342 346602824 -1008092459 191518307 -56517740
10-44-16-358 369706289 -1006986997 165588529 -67491789
10-44-16-383 375326529 -988095031 164481412 -71285736
10-44-16-396 364117130 -985829299 163457023 -75488624
10-44-16-413 380726325 -995452805 161306544 -91079908
10-44-16-423 402904137 -992771303 161259627 -79874868
10-44-16-432 408416398 -989986176 161353601 -101618186
10-44-16-446 424094484 -965646305 159656051 -97348066
10-44-16-453 412373644 -979814140 175965022 -118563045
10-44-16-466 417439065 -976934547 176106959 -123571468
10-44-16-479 432967026 -950007019 164194244 -140651620
10-44-16-486 455003822 -963168791 166887042 -128234301
10-44-16-494 460409217 -959631744 186369547 -131196053
10-44-16-518 477995239 -932543692 177419402 -131028196
10-44-16-536 467693876 -945679188 179933386 -128957299
10-44-16-547 491206878 -941849150 182937535 -127009128
10-44-16-569 496687271 -927976740 193336204 -138335257
10-44-16-586 521165281 -923293504 196284026 -136259901
10-44-16-635 511882972 -901932326 198492959 -116780263
10-44-16-647 543597332 -909833310 218288705 -110178861
10-44-16-658 534073058 -888890348 219433378 -123194003
10-44-16-730 576134079 -890492073 221297360 -92797833
10-44-16-746 564940190 -870306375 221191572 -107217251
10-44-16-756 570136141 -867126450 220724817 -105288672
10-44-16-770 625391011 -857442014 198602940 -92840278
10-44-16-777 613246503 -837086756 198499355 -94369416
10-44-16-784 617671771 -833625542 198429825 -95711746
10-44-16-813 630482338 -840765441 196795721 -97465083
10-44-16-833 634187207 -821102289 196327731 -97729300
10-44-16-844 654445202 -818359272 196261581 -98068057
10-44-16-872 662533765 -827221088 200397407 -100321029
10-44-16-881 647747176 -824591243 220210318 -118223808
10-44-16-919 649521631 -805170763 223711387 -119265760
10-44-16-928 653730024 -799056518 216322703 -119232627
10-44-16-940 671871528 -797604210 217953592 -117897120
10-44-16-962 678426964 -809495359 217867223 -95510288
10-44-16-967 663129488 -808654599 216920831 -94658258
10-44-16-972 664365689 -807981994 215806850 -94059896
10-44-17-022 665522096 -807657159 213497632 -94026747
10-44-17-036 665704874 -807809029 212222299 -94838531
10-44-17-045 666041882 -807781578 210490126 -96096499
10-44-17-060 668325797 -806638938 221371553 -119991352
10-44-17-073 669582487 -805843752 219129597 -122968712
10-44-17-079 670980977 -788063999 199992274 -125624923
10-44-17-107 692799220 -785121969 208918439 -113918247
10-44-17-115 694671528 -784064863 205862613 -114628768
10-44-17-129 679984615 -783003831 202575197 -115048408
10-44-17-155 686644591 -796715509 191478960 -114635134
10-44-17-171 705578465 -795864986 187546814 -113661261
10-44-17-176 707535121 -795207470 167067121 -112152645
10-44-17-204 710131660 -796534399 172448236 -121103323
10-44-17-218 710270638 -781057442 167890883 -100482374
10-44-17-225 710168412 -782921582 146171441 -95744078
10-44-17-256 707515784 -807100817 129728857 -79177949
10-44-17-264 705973397 -809876521 141546036 -90688018
10-44-17-274 687104911 -812875706 137594266 -86436222
10-44-17-313 695819085 -804690735 114697624 -62873489
10-44-17-406 692719084 -824506338 112775902 -61919767
10-44-17-416 689395208 -827882986 110219594 -61095722
10-44-17-431 665502410 -818350021 119070516 -59591749
10-44-17-442 679095472 -821493619 98607451 -59752842
10-44-17-455 678585470 -821286652 104436252 -83731240
10-44-17-461 662786261 -820303189 104048368 -102672375
10-44-17-473 663549667 -819330649 104308018 -105044891
10-44-17-497 667575869 -814960720 106242961 -96130356
10-44-17-604 669567431 -829629513 106777387 -98685875
10-44-17-631 688773595 -827217837 107277031 -117796187
10-44-17-645 694579379 -804753618 108977846 -121475522
10-44-17-690 718878517 -764601605 110362183 -121351993
10-44-17-710 740366603 -776325138 112896759 -121818807
10-44-17-752 745091143 -754600925 115051238 -121918677
10-44-17-763 737210238 -762339749 116868982 -120276380
10-44-17-783 774112032 -741036338 137358300 -118417309
10-44-17-802 792218725 -703986094 137409345 -120773529
10-44-17-810 795831445 -700009133 136427967 -121762352
10-44-17-817 782605045 -712732964 135230894 -122862444
10-44-17-838 810339405 -683069987 114870576 -110601439
10-44-17-849 797104973 -695600144 113880145 -112298170
10-44-17-855 800439111 -691464076 112829698 -113818096
10-44-17-892 825414424 -665004722 125691475 -116384684
10-44-17-897 827413254 -679410217 124815432 -116753595
10-44-17-903 828863593 -677662703 124532319 -117112529
10-44-17-974 814244174 -674526032 110782303 -116283283
10-44-17-995 814446549 -673902605 113319268 -115172689
10-44-18-037 814402685 -673568459 116141358 -113624390
10-44-18-046 814549014 -673347445 137225393 -109413255
10-44-18-060 815052962 -675014582 115889270 -100034656
10-44-18-086 827512414 -665434027 117456426 -123724797
10-44-18-123 826497672 -666737693 98353771 -109672504
10-44-18-136 825421510 -667946386 96461551 -112268587
10-44-18-142 823563619 -669697372 94199466 -117310632
10-44-18-172 822600954 -670567571 93742047 -136648376
10-44-18-185 801958543 -692000237 104659491 -141999283
10-44-18-191 801337951 -693323617 102472148 -141152053
10-44-18-218 800442231 -694807877 83524217 -140054835
10-44-18-288 813023947 -684711696 78872897 -134381682
10-44-18-302 810800846 -687866248 78473471 -115279676
10-44-18-313 808189823 -708110154 78138809 -112736749
10-44-18-330 786178835 -698575167 77453136 -123501202
10-44-18-337 770100991 -719993102 85441265 -106409267
10-44-18-349 766546331 -740724106 84483221 -106142163
10-44-18-364 779644573 -744791174 66367683 -107104317
10-44-18-436 748782577 -758912957 62053442 -99293409
10-44-18-444 760207171 -746767813 62532343 -121507471
10-44-18-450 755607966 -750534873 63845063 -110338175
10-44-18-494 732108947 -772368192 65708794 -137016952
10-44-18-509 721107090 -768094070 69086173 -134282819
10-44-18-520 719895876 -769623966 49100473 -116155186
10-44-18-539 718884881 -771063513 46192066 -115441196
10-44-18-568 716373955 -790321869 43146634 -116468748
10-44-18-583 715071755 -791314289 42959378 -134895834
10-44-18-590 714146680 -791833375 43652486 -136818774
10-44-18-613 713852304 -791263077 44863026 -140754528
10-44-18-620 739285229 -767032909 53351105 -139643721
10-44-18-626 740935097 -765779861 52586637 -137900895
10-44-18-660 742516783 -764542004 52775759 -135938093
10-44-18-672 731615969 -776132121 57652419 -113047739
10-44-18-691 734375107 -773613759 42903963 -110999319
10-44-18-709 737524421 -753797798 44983929 -109265265
10-44-18-718 749873284 -758182965 49715811 -121990412
10-44-18-729 754729773 -736296708 68025844 -121387174
10-44-18-765 776635823 -730747707 69493112 -121393248
10-44-18-779 793053210 -728966781 73012925 -124187268
10-44-18-790 781644598 -722542024 73552833 -109169316
10-44-18-816 787017360 -699266780 73683249 -111091755
10-44-18-836 802301109 -680728919 71939109 -116382478
10-44-18-849 823590712 -691661142 71069915 -135069294
10-44-18-867 827835370 -669474395 70202630 -137112805
10-44-18-880 821527531 -671975708 68886641 -126595074
10-44-18-891 840959956 -651578802 68390208 -128719209
10-44-18-906 842966310 -648558359 68052405 -130622184
10-44-18-962 845845963 -660856077 67859362 -133903873
10-44-18-983 846873728 -659375972 67875594 -151912054
10-44-18-996 830710829 -658261722 67953660 -152965827
10-44-19-015 831322001 -657108136 69082717 -153677126
10-44-19-026 843817650 -646725826 62521488 -127766924
10-44-19-036 842939062 -648407178 63173936 -141503377
10-44-19-054 841895051 -650343473 63768593 -138436781
10-44-19-075 821459941 -672707809 66187625 -114698067
10-44-19-086 820170046 -674275047 84620566 -113432993
10-44-19-106 819045375 -675584586 86470182 -112796490
10-44-19-117 816274043 -678543418 91590110 -112303763
10-44-19-126 815575622 -679180765 76309839 -112446929
10-44-19-145 815003368 -662803213 77644666 -112771804
10-44-19-216 830084263 -664423837 81138614 -113673851
10-44-19-227 829387554 -665179360 81324503 -113742465
10-44-19-239 828599372 -666237709 80941478 -113680730
10-44-19-257 826335315 -669326152 79171980 -113434615
10-44-19-309 798192381 -683848236 90876907 -113321932
10-44-19-401 812929005 -686786590 89049075 -111582486
10-44-19-448 810836418 -706577840 87468313 -109511042
10-44-19-464 805744421 -696667006 85342749 -121986638
10-44-19-479 793497249 -727694197 66399942 -121045123
10-44-19-496 757380795 -748331284 58941674 -116032144
10-44-19-514 737204777 -752070916 74008953 -115158051
10-44-19-522 733873579 -772692263 72490036 -113497407
10-44-19-530 741612360 -765518217 71900119 -125150692
10-44-19-545 739446687 -767682994 72109600 -124493280
10-44-19-554 721314270 -769075013 72011365 -124415169
10-44-19-560 739182725 -767707362 71979300 -109886461
10-44-19-566 740353986 -766331343 71867914 -111186101
10-44-19-586 741975947 -764521861 71494101 -112675788
10-44-19-614 732196106 -774330563 68946193 -115841127
10-44-19-634 734506555 -771954802 68240979 -116383551
10-44-19-662 736608038 -753094744 67963250 -116455165
10-44-19-677 757178207 -749420600 69558106 -114597205
10-44-19-691 758959751 -747621082 71647313 -112832228
10-44-19-707 760696051 -762766974 74288432 -110606691
10-44-19-751 748193305 -758978319 65626190 -100495602
10-44-19-767 749600970 -757849854 84506202 -96206210
10-44-19-777 750845203 -756840849 86375910 -109078357
10-44-19-793 753683506 -737424353 90041269 -103347846
10-44-19-799 779802696 -741994517 82121799 -94967157
10-44-19-812 765069575 -739293124 82828682 -98353787
10-44-19-835 767139830 -719638073 83335243 -118716445
10-44-19-845 791291290 -726772414 83603930 -112234064
10-44-19-853 793886856 -723314188 83392006 -115467545
10-44-19-883 796691776 -703017684 82846831 -135236567
10-44-19-899 805458660 -708995834 79632280 -142488188
10-44-19-920 808230855 -705403020 78453777 -127751080
10-44-19-981 811064778 -685078723 77523312 -129837194
10-44-20-045 802833023 -690619669 75727539 -153218912
10-44-20-060 822406708 -670107264 91344001 -155159257
10-44-20-066 825284557 -666455814 89878848 -156715687
10-44-20-080 820908606 -651389011 91172102 -153414512
10-44-20-086 839553590 -651883241 76994086 -135958243
10-44-20-091 821893877 -653338466 78697895 -116935652
10-44-20-130 820861610 -671505674 80488421 -115058305
10-44-20-142 818293209 -674569508 100773315 -113162667
10-44-20-162 817543783 -675224776 101842984 -113497975
10-44-20-183 816830679 -675794578 102824618 -114167987
10-44-20-268 814420079 -678203550 105933576 -115503410
10-44-20-282 830360744 -679298402 106181433 -115327659
10-44-20-288 829468384 -663656042 105787374 -114736793
10-44-20-293 827731881 -666770109 103328852 -112296035
10-44-20-315 802713797 -680681720 91533514 -98624250
10-44-20-334 787428382 -702927540 59087929 -79452341
10-44-20-342 784547480 -723732167 72403031 -76521160
10-44-20-363 780269577 -728885553 69390048 -91752078
10-44-20-514 769582479 -740907687 48197565 -77296835
10-44-20-553 764231861 -746520223 45913434 -80515677
10-44-20-561 776240940 -734794362 42406100 -100698264
10-44-20-568 749169543 -762404085 27639947 -108528317
10-44-20-609 737916357 -774022960 24069385 -96293097
10-44-20-623 737940776 -774015551 24915597 -96395015
10-44-20-636 738060718 -773866882 8428473 -96528437
10-44-20-645 755549977 -773199464 24422508 -96395013
10-44-20-707 756269015 -772972336 9534188 -108189408
10-44-20-774 756531490 -772797512 11186177 -106946898
10-44-20-781 756953170 -772519287 13139041 -105740309
10-44-20-793 757783063 -754951400 34821686 -102933127
10-44-20-863 761733575 -750187461 55078469 -82874930
10-44-20-909 777870980 -730115854 64834037 -106890633
10-44-20-929 764938650 -742226898 85494159 -108159482
10-44-20-938 768970153 -720302623 89381321 -92644170
10-44-20-998 820134407 -651804179 96992727 -137994274
10-44-21-072 839516587 -648150161 97082995 -139603744
10-44-21-114 841476579 -662086077 97254070 -140414890
10-44-21-130 843788515 -659069695 98378974 -139827785
10-44-21-143 840152128 -649057571 98862565 -110872020
10-44-21-154 829624377 -663685639 99541476 -120258138
10-44-21-162 828611864 -664815614 100264608 -119774371
10-44-21-177 827994541 -665609643 117777956 -119436686
10-44-21-189 827290018 -666423247 118137891 -118857158
10-44-21-204 826915063 -666922560 118032581 -118730755
10-44-21-222 826628422 -667363792 117898071 -118845608
10-44-21-229 825254180 -668799465 118743472 -119521239
10-44-21-258 824449914 -669736230 119153513 -119545442
10-44-21-268 823367441 -670942958 119421090 -119086224
10-44-21-278 802771676 -692707021 120925387 -98840982
10-44-21-301 801419838 -694510699 121206278 -97177039
10-44-21-313 797332511 -685174836 97752626 -103671389
10-44-21-331 812680703 -687730001 94519161 -83764731
10-44-21-349 810750211 -707714086 108012346 -80904443
10-44-21-406 783413523 -721523753 82899879 -76781732
10-44-21-418 795493525 -727055256 81338031 -77392536
10-44-21-425 790395310 -715918215 80398320 -79343942
10-44-21-440 764557836 -741640777 79849097 -104375947
10-44-21-445 750746483 -735751284 76066678 -134536297
10-44-21-451 748884576 -737616809 91902317 -136174070
10-44-21-485 747057286 -756204799 90399487 -137411802
10-44-21-506 759243101 -760638843 85924085 -125987125
10-44-21-518 757987656 -761118329 85723244 -129942853
10-44-21-547 756908014 -761252819 86026574 -151893416
10-44-21-565 755677626 -760382458 86381006 -146226106
10-44-21-582 755588422 -759716604 85363282 -167998559
10-44-21-599 755753024 -758704272 84029227 -172157853
10-44-21-611 757179522 -755659706 63856731 -164834205
10-44-21-621 757940847 -737589814 63719239 -167185938
10-44-21-640 758895021 -736099844 64110288 -185640007
10-44-21-727 763171624 -731302798 65782871 -186724735
10-44-21-749 747916397 -729959710 66528540 -185603539
10-44-21-758 749361196 -745497615 84230353 -167096355
10-44-21-776 772076346 -739780656 79698890 -174168349
10-44-21-795 788677989 -704041559 107701139 -170513314
10-44-21-803 791153556 -701391599 107495281 -170412508
10-44-21-834 793523506 -698582861 107519717 -170561913
10-44-21-847 782470731 -708272960 108531774 -172227971
10-44-21-866 783987224 -706418646 108872852 -172419717
10-44-21-890 785404553 -704768354 108974694 -172354459
10-44-21-898 788065513 -684964655 92305522 -171660665
10-44-21-904 806352909 -683375431 108994336 -171111167
10-44-21-926 808025810 -681592461 108861463 -170744064
10-44-21-949 796989510 -691591245 108530053 -170246320
10-44-21-959 799128082 -688887714 108428990 -170542722
10-44-21-978 801522522 -669263997 108304924 -170844504
10-44-21-985 825274999 -676847961 92630737 -171992032
10-44-21-999 827368016 -674190385 93219168 -171989532
10-44-22-032 829305416 -671815468 93800863 -171559712
10-44-22-049 816318906 -650526394 95617766 -168961101
10-44-22-060 816883794 -649756289 96739296 -167897767
10-44-22-078 817313167 -649244546 97930836 -150126253
10-44-22-088 817187110 -650007146 99127125 -146872317
10-44-22-104 816745056 -650910636 98569307 -145491741
10-44-22-129 816263361 -652112583 97490840 -143968640
10-44-22-143 814287031 -673265365 108753430 -156546354
10-44-22-151 830429957 -674560368 106594678 -155597656
10-44-22-166 829820177 -675818646 104953288 -154884684
10-44-22-187 828331682 -678331965 102460304 -153288253
10-44-22-193 827839157 -679094919 102320092 -152664632
10-44-22-216 827505246 -662886683 102162763 -151672522
10-44-22-241 826634225 -665591228 82779414 -129529961
10-44-22-254 826017595 -667032736 81153349 -127203767
10-44-22-281 824938699 -668927903 79422874 -141857882
10-44-22-291 803982428 -691710044 76596872 -138853437
10-44-22-301 800494974 -696273845 75733938 -137952479
10-44-22-322 813017959 -684648021 75467210 -137413019
10-44-22-341 782420572 -700730771 91888634 -138121224
10-44-22-352 795478153 -721885502 90763235 -138501443
10-44-22-367 792413611 -725505051 89238991 -138533254
10-44-22-389 769493628 -716104303 66999700 -138321371
10-44-22-397 768020865 -718162656 64768573 -138085836
10-44-22-415 766304239 -720245609 62544757 -137818325
10-44-22-425 775666260 -744983193 73191556 -141386578
10-44-22-440 772325580 -731266629 72605054 -128052565
10-44-22-463 751930925 -734185533 73005443 -132442872
10-44-22-473 756652083 -759649322 62231043 -149285437
10-44-22-489 735830545 -762664352 64027293 -170447735
10-44-22-510 731897023 -749248586 64409858 -172839244
10-44-22-531 720486639 -778091121 75348884 -171634087
10-44-22-540 716746912 -765264320 72894950 -171518299
10-44-22-561 713210821 -768644437 70448417 -172202111
10-44-22-570 703653568 -793540003 48227104 -162279852
10-44-22-575 700516166 -796069870 46501972 -164937122
10-44-22-608 697213681 -781820653 44852341 -167406207
10-44-22-624 705305612 -805696759 57277644 -189421060
10-44-22-629 686472200 -807199945 56457481 -190886768
10-44-22-656 685172945 -808153261 55719361 -192328096
10-44-22-674 684723162 -808339568 54230187 -177296213
10-44-22-682 685212508 -807849909 53715646 -177063716
10-44-22-704 686226067 -807141110 53597729 -176305577
10-44-22-723 708303041 -786549394 56527841 -187869008
10-44-22-727 710700113 -784703798 41950034 -186012496
10-44-22-758 696387537 -782684964 44446619 -167318399
10-44-22-782 703613324 -793241805 70161977 -161646048
10-44-22-818 722587278 -791171662 73720982 -160267835
10-44-22-826 724889745 -788782024 60746067 -176058098
10-44-22-838 715855715 -763691450 88974226 -175329074
10-44-22-850 718750286 -777202059 75823085 -175483240
10-44-22-864 738529889 -773728352 79352838 -176110370
10-44-22-871 731428515 -762225381 105066503 -162108908
10-44-22-876 734939154 -758190899 107338500 -163437349
10-44-22-898 755090688 -737298998 92452504 -164931380
10-44-22-922 748259046 -742114257 95477708 -186514288
10-44-22-930 751597508 -721411069 95847618 -188207339
10-44-22-960 754917222 -717503279 96030049 -189953301
10-44-22-971 765031831 -722212544 95194648 -177820414
10-44-22-982 768502277 -701313565 94641675 -179150820
10-44-23-012 788794852 -697091382 93807156 -180506484
10-44-23-022 782118647 -685367680 108203361 -182411425
10-44-23-028 784850211 -682250223 108005209 -182123367
10-44-23-045 787271490 -679510403 108212248 -181321829
10-44-23-073 808083520 -692327889 92749260 -177959734
10-44-23-083 809587082 -691021377 93617243 -192303655
10-44-23-103 810661828 -690190499 94532851 -189563373
10-44-23-108 810814824 -691692253 97061329 -164680614
10-44-23-113 809384216 -693807960 97848375 -162267485
10-44-23-143 807361374 -679896903 98565280 -160064872
10-44-23-157 781986830 -707191686 117680422 -172858387
10-44-23-163 795478348 -710791985 118924567 -172729112
10-44-23-193 792355652 -697276008 120433128 -172919978
10-44-23-208 768678180 -703880975 110581048 -172999708
10-44-23-214 767479955 -721648951 112780385 -172358125
10-44-23-242 767042437 -722089043 114583950 -171438593
10-44-23-260 768162027 -704549858 115160499 -168412820
10-44-23-271 768788455 -703976966 114834650 -167838614
10-44-23-296 769362066 -703485340 114622052 -150799313
10-44-23-309 771110038 -701941135 113861189 -149621635
10-44-23-325 788534428 -701725787 112728943 -148510689
10-44-23-347 789052418 -701661769 110886453 -146935566
10-44-23-356 790133982 -703146070 119970121 -157835495
10-44-23-374 790091484 -703720701 117697907 -156355163
10-44-23-395 789890504 -704366782 99249074 -155686914
10-44-23-405 789239941 -722043266 97098631 -156545374
10-44-23-419 788976999 -722357663 96110796 -157638815
10-44-23-438 788772774 -722614828 94790553 -158530300
10-44-23-452 769654971 -725937221 104405397 -143723124
10-44-23-460 767391471 -728618435 101833094 -144566056
10-44-23-484 764455690 -715042404 82721172 -146041547
10-44-23-493 754245040 -742470026 76327114 -168859814
10-44-23-511 750664647 -746161910 90579669 -170944488
10-44-23-533 746713840 -733476907 87738148 -172356915
10-44-23-554 732870760 -748481121 63938277 -172025452
10-44-23-561 744579687 -753787318 62676734 -171742708
10-44-23-582 739481803 -775585631 61470216 -172301981
10-44-23-593 727739351 -769103326 74191105 -162214616
10-44-23-621 724881802 -771134517 73069884 -165456152
10-44-23-643 722546730 -789594414 72395160 -185455874
10-44-23-650 701180713 -792466228 72718309 -191617181
10-44-23-657 700584419 -792800820 73217416 -192396575
10-44-23-679 700398421 -792784632 73471306 -192896913
10-44-23-697 701595988 -791731156 72844480 -192620614
10-44-23-704 702375863 -791294772 73029226 -191794883
10-44-23-728 702906292 -790865242 73809630 -190623922
10-44-23-749 702509179 -791750538 63324385 -186041180
10-44-23-760 701921884 -792132007 66624631 -184858309
10-44-23-778 701290485 -792425933 87594914 -167308466
10-44-23-800 700888978 -791618774 80507582 -167517128
10-44-23-961 701726752 -790025676 102214798 -184720282
10-44-23-976 703304745 -770991451 107349157 -185540426
10-44-23-986 725248771 -764249061 100177104 -187555995
10-44-24-003 752214996 -727856002 127567138 -204066643
10-44-24-013 806713679 -666641842 138654506 -196385904
10-44-24-023 811679332 -677555995 136692832 -196959315
10-44-24-040 799510654 -672168335 135019455 -196994366
10-44-24-050 828086071 -658462285 115625969 -194629013
10-44-24-058 814388657 -654958955 115594282 -209612693
10-44-24-118 817062617 -635516684 115884829 -207132561
10-44-24-144 838955409 -630648863 134457469 -182375419
10-44-24-156 839896640 -629723555 135246476 -180343789
10-44-24-180 840554634 -645948397 136237190 -178745363
10-44-24-187 818229348 -635253799 128357872 -176461138
10-44-24-194 816511698 -636708890 129917850 -177785206
10-44-24-218 814846409 -654742379 131647218 -179347848
10-44-24-234 828390245 -657493802 151338077 -182467506
10-44-24-240 827832372 -658379392 133692017 -182419598
10-44-24-269 827492326 -659232784 132253411 -182258398
10-44-24-276 827373257 -661023996 142074763 -181914028
10-44-24-284 827357054 -661647675 139335338 -182081793
10-44-24-315 827092988 -662661827 136426811 -182070825
10-44-24-322 824974156 -650701092 111718530 -179998613
10-44-24-338 823870401 -652863763 109595828 -178767103
10-44-24-363 822534554 -672039195 124107486 -177379082
10-44-24-370 801098911 -663490829 99456475 -190722517
10-44-24-381 799231698 -666332323 97109917 -190425828
10-44-24-410 797013602 -669127750 95577789 -191194379
10-44-24-426 787308549 -695303939 96981202 -182006197
10-44-24-437 782648195 -682563445 98613111 -203075636
10-44-24-461 795097426 -686198382 99471225 -207420539
10-44-24-483 769582272 -711317184 106624479 -218490647
10-44-24-489 767745361 -696981843 82877387 -221065586
10-44-24-507 765431341 -699778458 75971886 -223425834
10-44-24-523 775413747 -724077972 66315135 -210626202
10-44-24-528 754670019 -728113409 64124475 -212996532
10-44-24-562 750717621 -714927148 62566871 -215579801
10-44-24-573 758076672 -739696363 74474062 -240569050
10-44-24-593 756310233 -741408994 71998201 -242002642
10-44-24-619 755122640 -742708175 69847406 -242271023
10-44-24-632 736036222 -745904990 50143826 -240580856
10-44-24-643 735785830 -746332074 50182195 -240278354
10-44-24-669 735727048 -746274423 67474325 -240443734
10-44-24-678 737462090 -743547991 69345343 -242479557
10-44-24-685 755821220 -742020260 69943067 -242125825
10-44-24-762 757754752 -740334457 70753137 -240849131
10-44-24-798 746635650 -719838517 75403708 -214912171
10-44-24-808 748371286 -719063239 60795967 -210977642
10-44-24-824 749824283 -718272187 63468204 -223940434
10-44-24-837 777510176 -724541993 108614094 -205377107
10-44-24-850 779721500 -722139322 94102897 -203949796
10-44-24-864 765611459 -702505967 96149520 -202826011
10-44-24-877 792222851 -707381707 117577593 -202705605
10-44-24-890 796039965 -685850565 118690444 -203253450
10-44-24-949 783494599 -680666472 119545701 -203800620
10-44-24-967 809288584 -669305529 120661888 -204826396
10-44-24-985 797221263 -663493687 120926892 -205153453
10-44-25-006 801882970 -674351415 121123643 -205351018
10-44-25-017 846880157 -618776504 123939807 -193570837
10-44-25-027 832044302 -615814267 124452204 -193922989
10-44-25-051 833762708 -613505339 125134260 -193808104
10-44-25-075 836576349 -626275051 111864706 -208443060
10-44-25-094 836747137 -625774519 113691529 -207534880
10-44-25-102 836821051 -625703062 115339393 -206570582
10-44-25-110 836799753 -626815048 116220020 -202416435
10-44-25-123 836526420 -627764106 115434470 -184416465
10-44-25-164 835701048 -612565838 114358049 -183631748
10-44-25-174 847142660 -620070615 113346462 -183940083
10-44-25-191 844643487 -639925044 113816698 -201697289
10-44-25-207 821341973 -629538589 116628513 -207131570
10-44-25-217 820083382 -630481488 134439438 -209358633
10-44-25-227 819175092 -630814359 135111370 -194623478
10-44-25-248 819467999 -645689572 136145252 -199075780
10-44-25-256 820106601 -644391968 135933451 -200214306
10-44-25-267 821026635 -643114660 135143690 -201037503
10-44-25-347 839852038 -640600035 115495207 -219062309
10-44-25-368 840484065 -639961948 113620143 -219573360
10-44-25-379 840880789 -639762663 111936226 -219592466
10-44-25-394 840087837 -641704140 125297150 -218802678
10-44-25-408 828124555 -661404169 98111029 -196143831
10-44-25-416 824850197 -649197620 96136132 -195826245
10-44-25-423 803903609 -671281441 94790662 -196148109
10-44-25-440 787749760 -689129719 94694438 -219871359
10-44-25-454 782739577 -693823760 94997842 -223392110
10-44-25-461 795493619 -680786092 95035865 -210093014
10-44-25-491 770629922 -705464469 106748188 -217046310
10-44-25-503 769459180 -707454386 103301041 -216904203
10-44-25-510 768520064 -709530282 82333417 -215398634
10-44-25-535 763901493 -701268185 88570292 -226158328
10-44-25-550 777877324 -721676967 86339376 -225385861
10-44-25-555 774379381 -725717754 84639569 -225403385
10-44-25-597 763307399 -720466102 66301878 -210696187
10-44-25-602 760631293 -739745241 66594628 -211554614
10-44-25-608 758631983 -741600221 66567513 -212070554
10-44-25-636 756862528 -743513013 66917385 -212025337
10-44-25-642 757111186 -744152580 84022483 -225337745
10-44-25-658 758130941 -744000007 84054341 -222276440
10-44-25-689 761237668 -742330957 84253812 -199740164
10-44-25-698 746656741 -740612777 84340534 -197619083
10-44-25-736 749087522 -738613311 84703373 -195630699
10-44-25-772 774243909 -715006761 87305601 -203069922
10-44-25-785 776982721 -729747398 89022718 -181611899
10-44-25-800 779750132 -727752597 91078099 -176401919
10-44-25-808 791431275 -700510305 102670361 -175802527
10-44-25-816 795058868 -696417200 106182893 -173424297
10-44-25-839 782365390 -708379120 92774759 -171597314
10-44-25-853 813315709 -691080876 119022328 -150584578
10-44-25-870 801512241 -668080459 121644153 -149274829
10-44-25-890 823108940 -678613334 123868928 -148104926
10-44-25-900 820293965 -659916520 113378570 -146881503
10-44-25-907 841415459 -637032918 115179675 -147286060
10-44-25-925 845638481 -631014328 116605422 -147873054
10-44-25-940 857203896 -614682232 116774373 -149677031
10-44-25-948 861018403 -626203326 115770848 -150605057
10-44-25-968 847848607 -621014612 114518859 -168507077
10-44-26-052 875432728 -604676165 110239973 -174261748
10-44-26-082 879122479 -582028548 125429747 -160176103
10-44-26-090 866018179 -592694909 123789931 -163075573
10-44-26-103 889508535 -564525347 120296459 -185310396
10-44-26-110 884814968 -546553271 105344161 -190725484
10-44-26-117 885757598 -546187262 102571122 -188493198
10-44-26-175 886054347 -547255337 101107398 -184597953
10-44-26-202 882361143 -575346938 83606010 -149455698
10-44-26-217 897226426 -563171085 101217023 -143088869
10-44-26-229 895311192 -567521902 102029498 -154083804
10-44-26-243 866928854 -608576955 101288303 -124307311
10-44-26-250 866047726 -611170261 80489783 -120031734
10-44-26-256 865163188 -597407527 91952749 -98749543
10-44-26-318 877702922 -625770825 72006372 -79920022
10-44-26-337 875439148 -614314169 47125940 -87926766
10-44-26-355 855524763 -620757452 54876128 -61224675
10-44-26-373 863151691 -636625011 34954411 -53558808
10-44-26-384 794276849 -713856127 -57969796 103153319
10-44-26-393 777174265 -744368348 -67817795 113236659
10-44-26-413 758021298 -758253345 -59144185 158506491
10-44-26-438 697998694 -768183303 -85204988 200350434
10-44-26-452 690705355 -781431677 -86233015 228896660
10-44-26-487 646433508 -812458106 -85183907 274413250
10-44-26-501 556550997 -862512693 -65745430 334776787
10-44-26-520 498299152 -879488831 -63552079 373239665
10-44-26-543 469778873 -895287661 -74159059 379796646
10-44-26-551 320777340 -930681838 -54890076 445203603
10-44-26-564 270018956 -921155219 -50980688 463067388
10-44-26-603 220230144 -942175865 -30187525 480417188
10-44-26-610 49617088 -942470249 -16718139 539682789
10-44-26-627 -1178096 -939980516 -12226421 531084325
10-44-26-634 -50671866 -920337775 -8472745 535314594
10-44-26-701 -185541695 -926680423 -24047242 544614701
10-44-26-759 -222122530 -904972878 -9272893 540112268
10-44-26-766 -253988950 -898946655 -10992941 536988198
10-44-26-777 -302094761 -881672623 -13467464 542313981
10-44-26-798 -388519437 -737194245 -25366847 669286151
10-44-26-869 -328365376 -646435637 45872039 789446089
10-44-26-877 -333635099 -654010432 54440732 764884328
10-44-26-910 -357587100 -665208955 28189831 752883293
10-44-26-923 -375934242 -711361243 20084787 718768961
10-44-26-930 -400476582 -808254921 -53941717 587148848
10-44-26-937 -420063946 -824062457 -57487118 563761929
10-44-26-951 -421114867 -839136529 -42899739 558054892
10-44-26-960 -398599826 -879445705 -43700242 481317272
10-44-26-967 -410645035 -891017755 -42357995 464514824
10-44-26-994 -404702642 -884763649 -56498351 450366343
10-44-27-005 -376942237 -925231206 -26458536 444088049
10-44-27-032 -348247992 -930501192 -38788351 443158069
10-44-27-048 -352526721 -917606012 -34741946 428101500
10-44-27-060 -296652461 -942389007 -10063532 456136603
10-44-27-072 -284098305 -945453257 -10088276 457963208
10-44-27-109 -289217075 -932401008 -11622354 457483504
10-44-27-121 -244485572 -963315992 -39634511 443638091
10-44-27-132 -254096879 -951246424 -28002538 437015143
10-44-27-152 -230792812 -955601912 -33215311 413857927
10-44-27-164 -236976228 -978564245 -43635218 421236613
10-44-27-176 -216010298 -980561319 -48749110 401743452
10-44-27-198 -212321425 -965036912 -70936124 400051037
10-44-27-218 -223043013 -965787794 -90126466 398230953
10-44-27-232 -222289973 -965391116 -80919030 398142659
10-44-27-266 -222043901 -964843845 -105926384 397983954
10-44-27-273 -221895151 -978713184 -116563541 397880007
10-44-27-280 -221833363 -977603231 -126629563 397703326
10-44-27-298 -221864314 -976241459 -153597797 397617020
10-44-27-310 -222039101 -953922087 -185217641 398552750
10-44-27-322 -222136858 -951638658 -179219564 399105707
10-44-27-400 -222454989 -949163535 -207072760 399931291
10-44-27-435 -223641586 -939274293 -241531512 421311035
10-44-27-454 -224284402 -935019936 -253005931 424134715
10-44-27-464 -225215982 -947125540 -247533932 427353203
10-44-27-486 -233560525 -925372881 -311633680 402590437
10-44-27-496 -259674177 -902176637 -375474119 389208012
10-44-27-506 -243644337 -900585541 -366730929 367947772
