10-43-51-960 -274136878 -406659148 -109849573 960561290
10-43-51-993 -274144778 -406640413 -110040221 960470648
10-43-52-002 -274128188 -406733846 -110132903 960500875
10-43-52-040 -274280233 -406691462 -110236985 960456542
10-43-52-047 -274498058 -406452505 -112012742 960206715
10-43-52-059 -274435091 -406380783 -112101910 960300129
10-43-52-088 -274384205 -406305232 -112292394 960329835
10-43-52-170 -275012980 -405721148 -112822422 960280073
10-43-52-178 -275134845 -405751293 -112888244 960319334
10-43-52-188 -275263782 -405741751 -113007506 960216656
10-43-52-206 -275543462 -405655626 -113021983 960140337
10-43-52-213 -276617644 -405282966 -113097803 960066201
10-43-52-219 -260132718 -405137133 -113106987 959970739
10-43-52-249 -260305363 -405210526 -113193104 959900739
10-43-52-262 -260858148 -405400200 -113390334 959641982
10-43-52-380 -261082599 -405539805 -113447278 959591648
10-43-52-400 -261397011 -405503539 -113467654 959518760
10-43-52-417 -262165920 -405195993 -113453487 959360813
10-43-52-447 -265002688 -406360565 -114438027 957973518
10-43-52-472 -265129342 -406577462 -114539829 957895990
10-43-52-490 -265319531 -406917210 -114725495 957661829
10-43-52-505 -265691524 -407640942 -115304183 957201866
10-43-52-515 -265719544 -407796608 -115387067 957160246
10-43-52-532 -265792774 -407879810 -115539541 956994957
10-43-52-542 -265968177 -408335892 -116061776 956780619
10-43-52-562 -265930472 -408577176 -116344149 956608643
10-43-52-576 -266033451 -408771967 -116598960 956487585
10-43-52-610 -266059097 -409337859 -134302736 939312965
10-43-52-620 -266105813 -409503820 -134633531 939274814
10-43-52-630 -265990865 -409641060 -134906563 939124833
10-43-52-638 -265882146 -409955794 -135673922 938983609
10-43-52-647 -265720045 -410067649 -135962122 938920332
10-43-52-660 -265686757 -410096419 -136386192 938864292
10-43-52-668 -265490276 -410454544 -137487311 938651827
10-43-52-676 -265453086 -410485660 -137978172 938633970
10-43-52-684 -265422951 -410665869 -138335419 938541600
10-43-52-696 -265289457 -411004268 -139661466 938193888
10-43-52-703 -265258769 -394300315 -140032405 938154382
10-43-52-709 -265222917 -394442788 -140535067 938049370
10-43-52-745 -265177850 -394908121 -141912004 937708103
10-43-52-750 -265070448 -395139353 -142329610 937587679
10-43-52-755 -265115438 -395237669 -126013898 937399396
10-43-52-808 -265000063 -395703679 -127404640 937109432
10-43-52-824 -265040312 -396037288 -127889685 936874867
10-43-52-833 -264948451 -396293488 -128414181 936678157
10-43-52-849 -265000412 -397060510 -129739228 936156183
10-43-52-902 -265079911 -397271386 -130152941 936055222
10-43-52-914 -265213250 -397619006 -130621478 935779807
10-43-52-928 -265608673 -398485776 -131459792 935183182
10-43-52-947 -266431696 -400617459 -133403642 933843473
10-43-52-957 -266416317 -401361285 -133881083 933428713
10-43-52-969 -266360745 -401751159 -134128330 933310582
10-43-52-985 -266224301 -402489966 -151439886 932932528
10-43-52-998 -266155375 -419605950 -151743459 932774343
10-43-53-008 -266089269 -419923566 -151896587 932561578
10-43-53-030 -265741680 -420740706 -152481120 932275333
10-43-53-047 -265607176 -421076345 -152682815 932103574
10-43-53-056 -265463826 -421338213 -152888867 932068354
10-43-53-077 -265162065 -422274071 -153688266 931665945
10-43-53-094 -265101558 -422664509 -153919693 931472633
10-43-53-111 -264995764 -423015426 -154292866 931195719
10-43-53-142 -264928050 -424248042 -155093508 947420289
10-43-53-148 -264759041 -424675797 -155404274 947257472
10-43-53-157 -264665199 -424974059 -155582338 947044094
10-43-53-177 -264011775 -426032612 -156307456 946738096
10-43-53-186 -263706250 -426363433 -156519724 946631013
10-43-53-212 -263539825 -426676051 -156719137 946465374
10-43-53-227 -262941243 -427572189 -157196242 946191210
10-43-53-236 -262765741 -427847894 -157347672 946163252
10-43-53-250 -262519581 -411275971 -157570584 946006837
10-43-53-284 -261923420 -412134196 -157994141 945725751
10-43-53-293 -261771758 -412412740 -158226226 945705075
10-43-53-301 -261556798 -412656522 -158364547 945637423
10-43-53-318 -261077762 -413038781 -158462745 945523138
10-43-53-335 -260971991 -413086892 -158464671 945549009
10-43-53-344 -260841019 -413001146 -158476256 945602371
10-43-53-368 -260606128 -412759275 -157961426 945860121
10-43-53-378 -260651151 -412565134 -157478316 946077925
10-43-53-395 -260508508 -412343887 -156783560 946298005
10-43-53-418 -274662128 -427042362 -132823399 932193372
10-43-53-437 -272364854 -426037204 -127322015 933955113
10-43-53-450 -251433327 -426659884 -135664743 935921031
10-43-53-471 -240907098 -412766445 -91356842 962640673
10-43-53-556 -210983375 -425361147 -70778435 952052631
10-43-53-576 -195243625 -398714675 -30561476 977136276
10-43-53-588 -172180066 -373298243 25105642 983772901
10-43-53-613 -7080898 -278952070 163235043 1004245009
10-43-53-625 194326916 -393605376 317713011 924287845
10-43-53-637 227718694 -405902635 343968256 883994363
10-43-53-665 261019841 -400873546 368594541 875501403
10-43-53-689 377718448 -473762017 449296534 755765365
10-43-53-699 401254219 -488346290 464705276 723709122
10-43-53-726 439899961 -485294341 478488004 691797457
10-43-53-749 462336779 -526497329 501623495 628294645
10-43-53-851 479692464 -537535145 528222935 580075893
10-43-53-876 495584320 -530982691 536893583 549154802
10-43-53-912 539960448 -548583850 534327816 506593025
10-43-53-925 591112152 -579216297 551351480 364168469
10-43-53-931 643021080 -613165937 548421557 193030742
10-43-53-943 629875805 -614617978 547241444 180630098
10-43-53-974 633678621 -615595889 545578760 186034850
10-43-53-985 646761744 -616941057 554313308 157005473
10-43-54-000 651880671 -616946621 533820874 131307166
10-43-54-008 673714460 -616992010 530082191 138844301
10-43-54-024 668796519 -617721946 537818292 93137669
10-43-54-042 688449980 -618328829 518457118 83462538
10-43-54-052 691420947 -618853637 515724565 91153311
10-43-54-070 686059730 -617874233 521929064 69599702
10-43-54-081 707802943 -616516198 500678450 47166370
10-43-54-095 712802879 -614841922 496320661 58587086
10-43-54-111 721806276 -629042802 504765303 30610779
10-43-54-120 725527021 -628320015 483971015 41445609
10-43-54-127 728977763 -628006967 479788883 35615286
10-43-54-149 738469745 -612640011 464730791 21992572
10-43-54-157 741278258 -613407640 476175737 18732250
10-43-54-164 743788227 -614534693 470983858 -1338081
10-43-54-208 733094349 -617814304 457089859 3012768
10-43-54-215 734689468 -618742701 453272103 -18225023
10-43-54-223 736472514 -619489426 432204138 -22036137
10-43-54-244 761623930 -638930064 414158635 -9846942
10-43-54-249 747540115 -640211785 424112774 -9886418
10-43-54-255 749542042 -642020472 401220188 -10354797
10-43-54-291 749055565 -633318392 406044319 -34203484
10-43-54-310 747495317 -636799686 403343622 -38122956
10-43-54-319 762524887 -657340746 383941769 -25827170
10-43-54-347 757108957 -651881199 391352911 -54927220
10-43-54-354 755814832 -672377941 387377568 -57360085
10-43-54-359 755041738 -675828718 366318242 -58706527
10-43-54-389 732848816 -689836193 352024953 -45306262
10-43-54-405 746411176 -695767183 347207508 -47238894
10-43-54-410 742819874 -685576935 358682733 -49700380
10-43-54-439 718981734 -698825989 329100582 -59573754
10-43-54-462 715773155 -704091192 340867072 -65273943
10-43-54-490 729389811 -725775064 336613873 -86933698
10-43-54-499 722817684 -720060235 324564529 -81985622
10-43-54-509 721760136 -739135490 320960786 -102055354
10-43-54-518 704472306 -740791598 300695138 -104792243
10-43-54-540 721514580 -743758472 307873448 -94986253
10-43-54-550 721946116 -744358562 304955732 -97215209
10-43-54-557 722371390 -744754806 302052505 -99440293
10-43-54-596 724492473 -744300231 278845336 -123129924
10-43-54-609 725645171 -743115091 278225774 -125693444
10-43-54-620 726822468 -741451063 278189547 -111600099
10-43-54-723 714027106 -718346150 281361563 -135236599
10-43-54-745 715636710 -715805060 282879672 -136433227
10-43-54-753 717612375 -729736585 284448767 -137046172
10-43-54-784 756668423 -686413356 308700346 -134319616
10-43-54-803 777685645 -677397640 296982861 -114978253
10-43-54-813 764433859 -673635843 296394479 -114300900
10-43-54-825 767795215 -653344411 295420233 -113944310
10-43-54-842 791227001 -646028291 310107460 -115486018
10-43-54-852 794271659 -659181699 309170553 -117146482
10-43-54-870 780532010 -655470051 308056125 -136205894
10-43-54-887 805828265 -645057455 304319305 -126833377
10-43-54-897 808541757 -641745933 303276594 -129080152
10-43-54-906 811088907 -638385107 302354493 -131222363
10-43-55-027 801601506 -628854839 283579977 -152144412
10-43-55-055 803672359 -626008500 283493328 -152854429
10-43-55-071 822059602 -623466537 283886550 -153229918
10-43-55-081 824041516 -603180029 302313914 -152826610
10-43-55-101 802202587 -624618191 304101812 -158748261
10-43-55-114 801312191 -623893665 305540556 -147392511
10-43-55-124 800559031 -623144181 306530842 -169134795
10-43-55-137 799792332 -622343067 304161825 -163961170
10-43-55-145 799680752 -622438466 302209620 -184591339
10-43-55-152 799284568 -622681287 283590237 -189125183
10-43-55-172 796991592 -621966488 280986033 -206117577
10-43-55-178 812800209 -621626599 280892228 -194695682
10-43-55-189 812002570 -621563312 280273265 -199018712
10-43-55-272 811630554 -623119211 292137048 -219616916
10-43-55-289 812053667 -624656924 287993815 -219077937
10-43-55-300 812593832 -626637880 266630143 -200904853
10-43-55-324 812751601 -614927621 274210368 -197557555
10-43-55-342 794378192 -649853934 232687036 -193221193
10-43-55-354 792184806 -653211244 229767108 -194603614
10-43-55-412 790520920 -672770888 226636631 -196011783
10-43-55-420 767928006 -665335393 215115513 -218580111
10-43-55-433 765174364 -668944651 211577333 -221291007
10-43-55-457 779339898 -689019525 224875315 -224135183
10-43-55-483 762530704 -696876350 181496516 -215960213
10-43-55-491 761228504 -698401204 179795026 -216904110
10-43-55-511 760128513 -699630096 178440722 -217801790
10-43-55-522 759531582 -700146895 176743855 -236650030
10-43-55-532 760620328 -698845723 192805669 -237670961
10-43-55-552 762167465 -697055957 191898852 -238881155
10-43-55-573 749632724 -708971937 190210459 -241085279
10-43-55-582 751697765 -706196721 190090022 -242250613
10-43-55-599 753758667 -686635219 191028489 -226562388
10-43-55-658 775983445 -693286811 183660279 -229911308
10-43-55-694 778116784 -689329842 204658135 -230877900
10-43-55-705 763609529 -668139197 208983294 -231806415
10-43-55-757 768938191 -675925645 199755717 -232828799
10-43-55-773 784542059 -634144329 211067797 -255125696
10-43-55-791 786943551 -629942353 211987745 -257071471
10-43-55-808 806310832 -642485122 212496474 -259138288
10-43-55-817 823868302 -611016527 214240637 -260289875
10-43-55-826 825779711 -606656660 215142857 -263123075
10-43-55-844 827585401 -585611019 216052573 -266026753
10-43-55-873 815603284 -590479589 236342113 -290907723
10-43-55-890 816701731 -569996446 238008240 -293588727
10-43-55-908 817832689 -566239476 240097352 -279492828
10-43-55-917 820331012 -572322644 230530322 -303739917
10-43-55-926 820921799 -552523873 233305977 -305437405
10-43-55-959 821158330 -547693394 258193088 -306745528
10-43-55-968 820681744 -546414196 246556010 -305847524
10-43-55-977 820000622 -546558655 251062983 -303590931
10-43-56-013 816750383 -571197841 274667707 -291038792
10-43-56-028 815403985 -575543768 274337724 -287004768
10-43-56-047 813687654 -563352023 273141975 -266845651
10-43-56-066 823167163 -594759003 268836378 -262581883
10-43-56-083 803496397 -582873022 250411717 -262565512
10-43-56-093 800521903 -604427366 248528930 -262899903
10-43-56-110 809869770 -599430399 258588641 -265973617
10-43-56-120 808322387 -601988939 256256233 -267355191
10-43-56-139 807111968 -603805836 254103420 -285757392
10-43-56-160 806099451 -621957527 232025452 -290810101
10-43-56-167 806337939 -621627513 230169802 -292319201
10-43-56-174 806801434 -621124042 228271814 -293615405
10-43-56-198 808164286 -603545216 239829295 -279258740
10-43-56-234 808250325 -603614027 239017791 -279547105
10-43-56-258 807883029 -621011944 238397086 -279855651
10-43-56-269 786547688 -627078977 237442120 -280633427
10-43-56-281 784504736 -612508277 237476726 -281516111
10-43-56-296 795634478 -617910803 236540406 -303347197
10-43-56-304 795318895 -618508969 235066251 -303974585
10-43-56-311 795394471 -619176709 216356867 -303889554
10-43-56-341 795817703 -638058600 211765239 -302037222
10-43-56-347 795659479 -639858182 226353323 -283424197
10-43-56-376 795238592 -642106302 224576962 -281163368
10-43-56-393 791152475 -635782593 220794965 -289013647
10-43-56-399 788928884 -656852952 219894289 -286031185
10-43-56-410 769666793 -661505079 218842871 -266197150
10-43-56-442 776749521 -678394010 196441974 -274592656
10-43-56-452 772961730 -667572915 194124293 -272588187
10-43-56-490 752215533 -690010478 208611243 -271156909
10-43-56-504 759079563 -704682551 181747455 -269813680
10-43-56-512 756755532 -708905836 176774356 -269487624
10-43-56-528 737780328 -712760197 187942753 -269217479
10-43-56-535 730476736 -724059355 168668885 -273564529
10-43-56-552 745234531 -725778962 148975750 -276438379
10-43-56-574 743120937 -727335581 146885834 -262947719
10-43-56-598 720515480 -713865247 144208350 -288506053
10-43-56-605 718979583 -714739778 143652233 -290582130
10-43-56-624 717816518 -715320444 143354508 -292400060
10-43-56-639 715675424 -715880357 142836073 -280327191
10-43-56-646 715523064 -715316640 142992373 -281902956
10-43-56-674 715583243 -714553588 143501266 -283385504
10-43-56-684 717633393 -727409652 147095052 -302855464
10-43-56-689 718873055 -725653789 148663501 -302895383
10-43-56-730 720466321 -723789865 150325655 -302563885
10-43-56-753 741247748 -702418924 171141472 -284229547
10-43-56-769 743668172 -699697624 173307474 -283379274
10-43-56-796 746194905 -696855928 175644937 -282394747
10-43-56-804 755164413 -686267060 166081364 -279551869
10-43-56-825 758708904 -682291365 184953593 -278304108
10-43-56-872 762581662 -694974620 186704311 -276912825
10-43-56-890 774951725 -664595107 191065077 -289013900
10-43-56-901 778998453 -676810095 192496425 -287709836
10-43-56-924 766084194 -672132395 177136191 -286645699
10-43-56-938 809287076 -619304662 203016111 -287192628
10-43-56-954 812161365 -614965536 203489805 -288170173
10-43-56-979 798152045 -627481427 203848730 -289223665
10-43-56-986 805157458 -599715369 204854818 -291772910
10-43-56-993 823809142 -596987167 205347300 -292119442
10-43-57-074 825381565 -611328391 206012172 -292183098
10-43-57-101 828774598 -606048171 209496079 -290451142
10-43-57-116 829397117 -605232175 194319059 -289147094
10-43-57-131 829953332 -604736498 195963484 -287229151
10-43-57-139 823220624 -600988876 223064826 -270482032
10-43-57-145 804010560 -620823193 224165642 -270127672
10-43-57-168 801287879 -623560567 225291541 -270966026
10-43-57-180 809255609 -614018768 212733597 -261623463
10-43-57-186 806323171 -615948076 213889475 -264630213
10-43-57-207 786962493 -617820591 214798860 -267731078
10-43-57-221 796720477 -639168904 216227096 -293232467
10-43-57-226 794829502 -640248508 216475691 -279509403
10-43-57-260 792951321 -640976473 216711314 -282869069
10-43-57-279 770930025 -642118330 235503247 -309907817
10-43-57-289 769534080 -642304634 236017730 -296117978
10-43-57-312 768328763 -642678184 236101391 -298299423
10-43-57-320 766214916 -644678089 217270950 -301307940
10-43-57-334 766021291 -645381840 215805999 -301355729
10-43-57-359 766195247 -629333870 214298727 -300646971
10-43-57-372 767221068 -632016177 210821903 -294771542
10-43-57-410 767397602 -633543532 210449750 -308259942
10-43-57-474 767336786 -635508031 210033901 -304394994
10-43-57-483 766234936 -657426667 209707969 -279267571
10-43-57-490 778116222 -653011664 225069714 -265511412
10-43-57-528 748375757 -688362976 219833337 -261040504
10-43-57-548 762645900 -691648013 200501568 -262042946
10-43-57-559 760218313 -694871860 197298764 -263353931
10-43-57-572 737316441 -686297166 203220427 -268256944
10-43-57-579 735549320 -705214822 182971288 -286945862
10-43-57-589 733769027 -707311539 180277478 -288702724
10-43-57-610 745072203 -712892081 177640676 -291170344
10-43-57-617 743684803 -697656350 177832661 -291115164
10-43-57-627 742670105 -698890179 178138436 -290730738
10-43-57-664 741414883 -701110747 177629125 -288745824
10-43-57-702 741217038 -701577274 177238259 -288427885
10-43-57-718 740864647 -701986563 177049266 -288240260
10-43-57-727 740388075 -702219965 177599857 -288655600
10-43-57-772 739340133 -702678398 178968245 -289341509
10-43-57-780 739521635 -702169560 180702587 -289020863
10-43-57-806 739987120 -701325929 182705198 -288355982
10-43-57-845 742964319 -697247809 207433571 -267837312
10-43-57-852 744510806 -712243393 193426459 -266085045
10-43-57-863 746280956 -710345203 196100735 -264117276
10-43-57-871 733910976 -705293327 200882128 -260499860
10-43-57-878 736532268 -685587545 219585200 -275997312
10-43-57-894 756206906 -682135628 221347233 -274982798
10-43-57-902 752936996 -666201319 225223944 -273491178
10-43-57-908 773242713 -678917273 225453405 -273248836
10-43-58-000 776761768 -674958417 225284034 -273092295
10-43-58-031 769513090 -646248868 224865415 -274388206
10-43-58-040 789199970 -659108996 224762079 -275681469
10-43-58-090 791900858 -655115121 224796457 -260555936
10-43-58-101 809147049 -627305295 221362551 -293106147
10-43-58-107 810795198 -624615378 221052086 -277607196
10-43-58-112 812299786 -622181110 220953246 -278657329
10-43-58-146 800729790 -598000203 219257343 -280885756
10-43-58-159 800550431 -598381098 218901341 -280926569
10-43-58-167 800092824 -598853668 218780316 -281343600
10-43-58-192 798220623 -599823248 219682921 -283804213
10-43-58-205 797075242 -600033915 220766341 -302777370
10-43-58-212 812540028 -600069021 222346352 -305337080
10-43-58-236 809107365 -600016812 226456417 -294896050
10-43-58-249 808589622 -600215758 209941264 -295775284
10-43-58-256 808326879 -600373061 209950962 -296116021
10-43-58-291 808324052 -600396498 226272601 -296557109
10-43-58-305 808307415 -600216185 226185858 -296772621
10-43-58-313 808252422 -600339118 226046449 -296847183
10-43-58-338 807799274 -602355364 224854633 -295139735
10-43-58-347 807470202 -620876282 223822979 -309831572
10-43-58-375 806987122 -623359447 222441503 -306890015
10-43-58-491 805750452 -615733710 201129971 -277580395
10-43-58-515 805376222 -618738787 199555024 -290100929
10-43-58-531 788077872 -638326816 198257966 -286309290
10-43-58-539 786388118 -643898521 196184786 -263185793
10-43-58-553 752080774 -692185720 205591868 -251528071
10-43-58-563 747444701 -679561624 206058063 -271161016
10-43-58-577 759338007 -683385764 206599782 -274708067
10-43-58-640 734432660 -706179296 207253119 -265269271
10-43-58-649 731639644 -707959957 207106568 -285299516
10-43-58-656 729877292 -709073986 206462154 -287936506
10-43-58-672 746422976 -706405038 204114240 -280065737
10-43-58-686 745205762 -683105364 206038813 -297439559
10-43-58-692 744337397 -681338614 208427614 -318853474
10-43-58-718 743845772 -679708668 193371334 -322425389
10-43-58-747 745206385 -692607967 195430136 -326293895
10-43-58-760 729822631 -691220494 195803365 -325818437
10-43-58-790 731231281 -689605257 196958322 -324943864
10-43-58-804 736752019 -665330614 222725442 -321478195
10-43-58-818 755806255 -678712890 209959054 -320205006
10-43-58-875 758362000 -675035417 213984221 -318903570
10-43-58-883 750578686 -662230308 241047006 -298850248
10-43-58-891 754082924 -657505037 226770839 -298140544
10-43-58-916 774298278 -635863755 228933950 -297632492
10-43-58-939 781852883 -598331277 233316075 -324355292
10-43-59-022 784472244 -611293407 232224804 -325757623
10-43-59-048 787013328 -607723448 230850050 -327062950
10-43-59-064 809009835 -584238786 227190277 -312139482
10-43-59-079 811694990 -581155672 242112944 -312589048
10-43-59-088 814476474 -576287992 211757592 -310906798
10-43-59-095 816041151 -574500040 212095754 -326457020
10-43-59-110 817445802 -572728892 213101035 -325175751
10-43-59-117 820889283 -551962665 215143409 -321339737
10-43-59-158 821982090 -551490047 214454791 -319872622
10-43-59-230 839603658 -551330581 213187789 -301840409
10-43-59-249 840369998 -553265723 225127367 -300044397
10-43-59-259 839849167 -571253731 223812288 -300063645
10-43-59-274 819551894 -575866310 222166051 -319399886
10-43-59-283 827934566 -566881558 223485926 -326916187
10-43-59-291 826966379 -568529675 223361163 -326517367
10-43-59-307 826249497 -570367176 222878481 -325350666
10-43-59-328 825311556 -591496905 221538064 -320817523
10-43-59-343 824828550 -593914184 221044120 -301014197
10-43-59-412 824406720 -579553641 221004605 -297700251
10-43-59-429 805022488 -605261090 220584122 -303935154
10-43-59-437 803959493 -608788572 220102692 -283617242
10-43-59-456 802803036 -612182812 219429151 -280220978
10-43-59-474 807929721 -619918051 196288175 -265691394
10-43-59-479 806271645 -639014304 195070027 -265810880
10-43-59-499 787951647 -641475504 193568183 -266259562
10-43-59-512 781836606 -632906506 205879809 -285401601
10-43-59-523 796153340 -635762622 204578734 -287004930
10-43-59-560 793267167 -655717429 203295110 -289164086
10-43-59-569 766963406 -648118312 180840638 -282035759
10-43-59-576 764370925 -650595495 178609986 -302085285
10-43-59-608 778565846 -653140271 192844266 -304825146
10-43-59-616 754387304 -679286858 184858812 -308664138
10-43-59-624 751739978 -665850277 166221415 -309151529
10-43-59-647 749004019 -669048207 164976809 -309590665
10-43-59-655 757730248 -694059369 164410359 -295300589
10-43-59-665 755516879 -696112689 164792489 -296019807
10-43-59-705 736728772 -681192300 165374239 -296544442
10-43-59-722 733835879 -683661928 167029075 -297217868
10-43-59-727 732843178 -684319910 184987450 -297474671
10-43-59-802 732189707 -684655576 186330024 -297636875
10-43-59-872 733090130 -682919857 189173513 -297371016
10-43-59-880 734096284 -682027532 189483880 -296723378
10-43-59-892 735105578 -681225903 189510222 -295848421
10-43-59-905 758162090 -692919368 182716585 -284907611
10-43-59-948 754802650 -677649885 193596335 -276879784
10-43-59-956 774657568 -674124385 194601972 -292754115
10-43-59-964 777754837 -653564200 195475667 -291963939
10-43-59-983 767418326 -662616678 197141421 -290678891
10-44-00-017 784262030 -642171646 197886681 -288669091
10-44-00-033 787576587 -638270046 197838242 -288212294
10-44-00-046 807441046 -617590877 197785509 -287712898
10-44-00-061 799663129 -623524985 196660477 -286273432
10-44-00-067 802468905 -603095294 196168948 -286183607
10-44-00-073 805184150 -599642464 195346210 -286482630
10-44-00-097 826665668 -609929855 193726442 -287573157
10-44-00-190 828859548 -606797604 193017559 -288393157
10-44-00-209 813935908 -587049113 209219429 -289476010
10-44-00-216 817180466 -581812343 208394063 -291570580
10-44-00-246 818329623 -579757336 208365176 -292433788
10-44-00-254 817421470 -586479297 201764172 -285535639
10-44-00-265 816255702 -605799323 183744473 -267945621
10-44-00-280 814887348 -608228102 182825094 -267598590
10-44-00-328 827550865 -596879759 181777159 -285785266
10-44-00-354 826334290 -597786910 182261853 -287063770
10-44-00-365 825389937 -598330606 182906730 -288353588
10-44-00-401 823742617 -599051851 201383741 -290500979
10-44-00-417 802569136 -601847503 203719987 -279211675
10-44-00-428 801144866 -602811467 203897964 -281030266
10-44-00-444 799753157 -603875869 203805736 -282995090
10-44-00-453 812435923 -623881853 201834392 -305673503
10-44-00-463 811276976 -625282718 183705535 -307221929
10-44-00-478 809957943 -626906905 181851388 -308404084
10-44-00-538 807232676 -614821200 177874258 -309217668
10-44-00-547 805647054 -617702631 192591630 -308773025
10-44-00-556 787179687 -620745595 190705066 -308078169
10-44-00-587 783474641 -644066506 187324189 -306313238
10-44-00-599 789539451 -660631624 162995409 -304469825
10-44-00-618 770761060 -646156970 162151506 -304991414
10-44-00-730 768409258 -649033105 160887804 -305833242
10-44-00-786 776982882 -674059036 175276452 -294071660
10-44-00-793 774127103 -676170570 175387725 -296796604
10-44-00-800 754294187 -678244239 175563236 -299952667
10-44-00-839 742833280 -687869965 160011719 -310984270
10-44-00-847 740693654 -705951387 172585276 -315576742
10-44-00-852 741489692 -705165581 171283869 -316096880
10-44-00-927 742428646 -687383075 170158259 -316569020
10-44-00-952 744984487 -684840741 168294364 -316969960
10-44-01-066 746488459 -683482646 167826714 -316817572
10-44-01-079 731376856 -681924152 167805419 -316191612
10-44-01-115 754681131 -675787997 162230573 -319057179
10-44-01-128 776309170 -654002988 163266287 -300189627
10-44-01-165 822665231 -611640527 166958325 -297305065
10-44-01-171 825014369 -608538214 166943964 -297101670
10-44-01-187 827415656 -605609850 166527300 -296615702
10-44-01-373 817726394 -580101524 164347589 -295137745
10-44-01-402 843813672 -567086071 166008556 -309872645
10-44-01-417 844952633 -565195488 167431270 -309244346
10-44-01-428 845871976 -563701345 186004169 -308439559
10-44-01-434 815995292 -580943316 183183609 -303146908
10-44-01-439 815034648 -582553471 183185948 -302733230
10-44-01-451 814012091 -584293737 182761119 -302080857
10-44-01-515 827699028 -607087885 181484027 -282897223
10-44-01-522 826335735 -609363253 181405285 -282180123
10-44-01-536 824856999 -611773819 181380484 -281458362
10-44-01-610 804582956 -600794323 181254400 -279464710
10-44-01-649 809832953 -620726614 179340238 -287587285
10-44-01-662 807669652 -640967310 179467324 -286123796
10-44-01-695 805542552 -644092801 179669681 -268127056
10-44-01-710 789065721 -651844264 177403703 -260287011
10-44-01-720 767965598 -673718401 177039954 -260928029
10-44-01-744 763478733 -678285074 177178647 -262265154
10-44-01-761 734651889 -706604649 188741523 -276888664
10-44-01-776 731389499 -710372405 188674142 -293541832
10-44-01-802 745020715 -696799601 189129350 -276891904
10-44-01-857 719938070 -702973457 191375137 -281738308
10-44-01-865 717481490 -704390489 191834225 -284281392
10-44-01-878 715413925 -722299379 192256518 -303413640
10-44-01-944 728891343 -723786861 176639491 -307461159
10-44-01-956 726231609 -722543610 187717676 -320516718
10-44-01-969 726664919 -704620244 186602796 -322667872
10-44-01-978 728324014 -702238917 185477042 -325089628
10-44-02-045 718211721 -696852762 186235438 -320902613
10-44-02-097 719945967 -712263049 186932605 -319283952
10-44-02-106 738762866 -710449808 187988837 -300951945
10-44-02-115 743709882 -705595783 191426047 -297786410
10-44-02-144 760374860 -670210234 201736849 -308170676
10-44-02-151 765404843 -656603313 194494006 -295079095
10-44-02-158 768447172 -634964151 195373514 -296738061
10-44-02-171 771402543 -630393113 195891019 -298479181
10-44-02-315 795826316 -618099293 196855657 -320008406
10-44-02-326 781292461 -614305837 196987089 -321484542
10-44-02-333 783604324 -627551588 196830155 -322608706
10-44-02-372 788410047 -621129428 195025823 -324128355
10-44-02-450 803134400 -585134106 199181823 -319457257
10-44-02-458 802487430 -585740903 200415233 -319026496
10-44-02-465 801702386 -586872570 201179222 -301825761
10-44-02-479 811077217 -598315902 198201627 -301459348
10-44-02-570 808843504 -622360531 202108426 -301763680
10-44-02-667 809348165 -622958075 182497457 -301029431
10-44-02-769 810015265 -623581841 179685974 -299891469
10-44-02-789 811546288 -624451548 191732998 -297283870
10-44-02-797 799349025 -617684255 160408542 -288786272
10-44-02-804 787609967 -653132440 157705004 -233325218
10-44-02-824 767470178 -685275160 129244214 -216658041
10-44-02-861 764772535 -705058402 128783788 -217252669
10-44-02-869 778915854 -707968441 127682190 -234946178
10-44-02-915 753219359 -701459263 139264261 -237411661
10-44-02-924 749829203 -722283817 137943272 -237101927
10-44-02-930 762974437 -726600335 137238475 -236389622
10-44-02-936 755788998 -717775712 137124742 -235394035
10-44-02-964 742761619 -745805381 139819932 -240815677
10-44-03-031 742116755 -746213227 140426352 -241270215
10-44-03-047 741954733 -746038868 141228911 -241806348
10-44-03-055 742454460 -744328355 125989614 -227819966
10-44-03-121 732368878 -718124337 126491012 -252304960
10-44-03-127 733711268 -716698076 126866776 -251896809
10-44-03-132 735328706 -715375355 127358861 -233990182
10-44-03-160 747794424 -722252781 151652608 -235147666
10-44-03-177 750024425 -703338224 152705492 -216852109
10-44-03-186 752436720 -700820907 153427883 -215733391
10-44-03-209 777486592 -708175926 155206237 -215038804
10-44-03-230 763933547 -687474297 155695485 -215745690
10-44-03-243 767369369 -683057854 156181449 -216966547
10-44-03-263 794700215 -668697929 156456882 -239795975
10-44-03-274 781376801 -663720137 156239330 -242301888
10-44-03-289 784854165 -675564937 155828561 -228068307
10-44-03-308 811449113 -661089412 154093317 -252503690
10-44-03-327 797621019 -656539857 153777406 -254916492
10-44-03-339 800473876 -635375348 153611767 -257231877
10-44-03-359 824552904 -640479707 153497328 -245681105
10-44-03-376 826732883 -620584636 152977950 -246738069
10-44-03-388 828842413 -617679931 152229857 -247588920
10-44-03-408 816953090 -627420899 133109822 -249773703
10-44-03-427 818315549 -625605167 132220746 -250082043
10-44-03-439 819506141 -624176982 131588985 -250175650
10-44-03-459 821098307 -622754904 130981060 -248651751
10-44-03-467 821348731 -623136349 130912608 -246846674
10-44-03-479 821323695 -624076799 131135910 -244600853
10-44-03-513 819171945 -613122776 131525729 -253630229
10-44-03-518 818112754 -615631673 131106298 -234562650
10-44-03-529 816845023 -618261193 130375032 -232582185
10-44-03-559 829214711 -642587013 126810564 -230267759
10-44-03-565 827659916 -644731330 142208021 -230937247
10-44-03-571 826139888 -629662676 140763903 -232374072
10-44-03-599 824777245 -629645832 136842266 -256602305
10-44-03-613 825439251 -644724433 135597304 -259468272
10-44-03-618 826395694 -642576174 134265067 -245452314
10-44-03-654 814179640 -617916707 114950953 -251513734
10-44-03-659 815883667 -615029586 114736480 -269804668
10-44-03-668 817409358 -629079926 114800661 -271206210
10-44-03-704 820373579 -623568542 115894958 -274056761
10-44-03-718 820764530 -622672186 116347034 -274882578
10-44-03-727 820901509 -622049448 116745923 -275536889
10-44-03-750 820110353 -623388466 115516435 -275714903
10-44-03-761 819532499 -625009148 114346588 -274428743
10-44-03-781 818590805 -627339825 113318213 -272461793
10-44-03-802 815703973 -618753118 110811739 -246408911
10-44-03-810 814829376 -638304843 109986291 -259648906
10-44-03-816 830436512 -641348774 125743821 -256486313
10-44-03-847 827173325 -630854903 124037190 -252002779
10-44-03-852 825457296 -633598986 123796821 -234057206
10-44-03-858 823619612 -636082271 124027279 -233608523
10-44-03-899 801790471 -658633598 125665044 -234728735
10-44-03-905 799929633 -660638178 125410641 -252368320
10-44-03-917 797610457 -646487265 124486049 -253756734
10-44-03-937 805561481 -673351776 120731542 -258065878
10-44-03-952 785734546 -676991202 119797424 -259125725
10-44-03-962 782560846 -663941947 118952678 -259550443
10-44-03-998 790232279 -693365924 99870661 -255432253
10-44-04-009 769755694 -681842695 99905569 -252891113
10-44-04-018 765808491 -687251553 100270483 -233446489
10-44-04-045 754599652 -701255906 118172124 -228683797
10-44-04-062 751756126 -704428104 117563736 -228302497
10-44-04-070 749559531 -723944079 99574382 -228158837
10-44-04-097 761578133 -713359103 94295540 -227128084
10-44-04-109 760720531 -714555793 92806935 -227202068
10-44-04-115 760489258 -714973666 107773942 -227510350
10-44-04-148 747007700 -729161499 102487391 -227307658
10-44-04-153 748876988 -727743728 100835573 -242747846
10-44-04-160 750849815 -726510779 82706567 -240499268
10-44-04-188 772501377 -724478354 82195053 -213368980
10-44-04-201 774001185 -723933660 83040286 -226372445
10-44-04-205 775486709 -723207743 100862401 -222484566
10-44-04-233 778762451 -721594653 102656882 -197656982
10-44-04-251 763654577 -704278844 103176526 -193161121
10-44-04-256 764864356 -704029669 103428072 -205192730
10-44-04-282 767512837 -704178979 105151743 -192521354
10-44-04-292 768619516 -703527651 106503632 -189408229
10-44-04-298 769931976 -702479953 108025955 -186732187
10-44-04-356 792474566 -697221407 93407683 -163239532
10-44-04-387 794923333 -711772919 92754680 -160928203
10-44-04-402 780723884 -709655465 108188626 -175273073
10-44-04-413 785646837 -705616468 104866904 -170271905
10-44-04-430 802311883 -670278342 101481037 -149808804
10-44-04-443 822350760 -666253375 101182596 -150409338
10-44-04-448 825631591 -678833220 101085495 -167855138
10-44-04-484 818428012 -649191635 100753897 -170895853
10-44-04-489 821339003 -661817275 83785948 -172286615
10-44-04-497 840892613 -657955139 83627437 -173719311
10-44-04-590 830975503 -631598002 83412949 -175717547
10-44-04-640 832817414 -629352931 83206932 -174848793
10-44-04-655 834476244 -644383102 83051153 -173156909
10-44-04-668 835069231 -634679784 82601611 -137887449
10-44-04-677 833734389 -637503621 82193436 -115102656
10-44-04-684 832295384 -657308460 81536077 -109336056
10-44-04-700 844987220 -649163166 76967882 -93820186
10-44-04-705 843837076 -651600275 91369502 -105263061
10-44-04-712 842915960 -653986828 88763221 -82601070
10-44-04-726 840243945 -677769413 62779044 -60570344
10-44-04-732 838948099 -663907904 59266435 -67949410
10-44-04-737 820441707 -667168755 72240429 -57226856
10-44-04-769 828528076 -680308752 43384243 3849891
10-44-04-774 823686606 -686129568 56188120 23033037
10-44-04-779 800667989 -709594743 52515300 27394877
10-44-04-817 789111602 -716970606 29526134 118333489
10-44-04-822 776368941 -742600799 29173076 129228905
10-44-04-832 761937401 -734645347 29297734 174709028
10-44-04-872 706306799 -778682009 30689691 250242828
10-44-04-878 666241222 -770855804 31579652 283130892
10-44-04-883 656729372 -796434904 33203880 316580403
10-44-04-923 561912006 -823827492 41971032 427011318
10-44-04-938 526678224 -816394155 45930719 452987780
10-44-04-977 489168191 -841717541 67696990 478035470
10-44-04-993 381376049 -858060191 63816580 512497582
10-44-05-002 331340295 -848840279 86792747 534347617
10-44-05-015 280541871 -855178144 75602008 552900516
10-44-05-027 126987837 -864107859 106596853 611790837
10-44-05-033 76070236 -864432336 92425791 603828766
10-44-05-038 25452756 -879895610 92781533 627901410
10-44-05-061 -118553770 -874226508 82828200 613627145
10-44-05-083 -145400904 -874049607 91983918 623210545
10-44-05-094 -202230074 -875156006 65562502 612319214
10-44-05-119 -292505841 -866689491 41881747 552390298
10-44-05-135 -294999280 -868710291 10443311 557295125
10-44-05-144 -326801645 -869434215 -4192165 531547873
10-44-05-226 -356595416 -879746139 -32454417 540050572
10-44-05-234 -345715751 -877196743 -68493626 538875813
10-44-05-244 -349363638 -866077158 -80703159 523754694
10-44-05-290 -357301728 -920860395 -104585920 425834456
10-44-05-307 -356031010 -920894899 -102924585 427035812
10-44-05-317 -354679571 -921901940 -101435073 426308271
