10-40-27-417 -982543801 -103691307 -303081214 296504382
10-40-27-445 -982435725 -103318726 -304765124 295171393
10-40-27-470 -982420608 -102983768 -306279315 293927269
10-40-27-478 -982529496 -101877602 -308996000 308305409
10-40-27-485 -982489619 -101289094 -293672974 307064688
10-40-27-505 -982500644 -100697204 -295137417 305719613
10-40-27-512 -982382320 -82438264 -300119105 284915457
10-40-27-562 -982333543 -82109474 -301977103 283455160
10-40-27-578 -982096657 -81925638 -320854690 281959906
10-40-27-584 -998033425 -81537298 -311164084 277497430
10-40-27-655 -997693986 -81421180 -313569204 292881897
10-40-27-661 -996193061 -81085676 -339687083 287812714
10-40-27-666 -995838546 -80985854 -341899454 286750621
10-40-27-672 -995392582 -80976823 -327404348 285677357
10-40-27-727 -991464288 -80885712 -344035408 262468958
10-40-27-830 -990925615 -80902539 -346391490 261658408
10-40-27-848 -990319948 -80937143 -348713301 260867542
10-40-27-853 -972286580 -80911571 -370046969 276189990
10-40-27-861 -969467841 -80286889 -363709428 272641890
10-40-27-884 -965475437 -90767495 -379772228 249845293
10-40-27-917 -965254073 -89975079 -380877935 249202825
10-40-27-936 -965078944 -89252972 -381946413 248662979
10-40-27-954 -981456442 -87313951 -384656597 246671108
10-40-27-964 -981419627 -86619873 -385485529 246000835
10-40-27-974 -981343889 -86068553 -402953195 245396136
10-40-28-029 -981193712 -84120745 -404892558 243423465
10-40-28-039 -981202910 -66750995 -405409651 259547472
10-40-28-046 -981287418 -66170326 -405893136 258834983
10-40-28-052 -981315101 -65150101 -406629215 257554641
10-40-28-075 -965120642 -61979609 -407987475 254220490
10-40-28-090 -965289924 -61560954 -408121963 253671297
10-40-28-095 -965336648 -61048867 -408154370 253201554
10-40-28-130 -965717719 -59990123 -408198385 252010589
10-40-28-143 -965868927 -59637857 -408166541 234808330
10-40-28-150 -966095331 -59442614 -407954663 234478519
10-40-28-172 -966425017 -59080426 -407647998 233874945
10-40-28-183 -966521707 -58915131 -407443653 233657934
10-40-28-188 -966735871 -58934191 -407241317 233344148
10-40-28-231 -967190164 -58969547 -406425434 232799209
10-40-28-236 -967343742 -59025377 -406115711 232675412
10-40-28-241 -967431355 -59096434 -405787671 232509982
10-40-28-284 -967945931 -59445058 -404532916 232465242
10-40-28-295 -968187433 -59486910 -404070429 232476351
10-40-28-307 -968366877 -59610885 -403649650 232439639
10-40-28-325 -968843943 -60138987 -385416594 232676699
10-40-28-333 -968923044 -60338439 -385030172 232699316
10-40-28-338 -969063935 -60548178 -384585178 232852637
10-40-28-368 -969528601 -61248644 -383144762 233027758
10-40-28-385 -969752430 -61507804 -382578546 233182726
10-40-28-390 -969896585 -61784143 -382171214 233211866
10-40-28-418 -970346305 -62595747 -380606522 233569062
10-40-28-434 -970527169 -62783903 -380021615 233773718
10-40-28-439 -970647516 -62946014 -379484937 233925922
10-40-28-469 -971243609 -63097015 -377539317 234335845
10-40-28-488 -971509738 -63186826 -393763363 234482317
10-40-28-499 -971710363 -63181849 -393151263 234690808
10-40-28-525 -972266871 -62992199 -391272500 251851035
10-40-28-536 -972581343 -62850576 -390539587 252078006
10-40-28-543 -972840460 -62630005 -389710812 252182357
10-40-28-566 -990135226 -62484704 -388261866 252536785
10-40-28-576 -990300129 -62388533 -387584262 252652212
10-40-28-582 -990578058 -62382716 -386943441 252774284
10-40-28-614 -991098799 -62197089 -368321514 253205201
10-40-28-627 -991371314 -61913583 -367670050 253410117
10-40-28-634 -991576460 -61638147 -366973839 253600678
10-40-28-661 -992228151 -60733508 -365189123 253984903
10-40-28-670 -992381629 -60492536 -364544621 254112948
10-40-28-675 -992675225 -60117179 -363977132 254073814
10-40-28-771 -993463020 -75111115 -362383986 253739879
10-40-28-793 -993723816 -74371952 -362119091 253360967
10-40-28-809 -993892335 -73763420 -361978040 252862341
10-40-28-824 -994744546 -74418587 -366024575 226642274
10-40-28-834 -994770490 -74636342 -366535160 242329529
10-40-28-845 -994822818 -74697737 -367022878 241528305
10-40-28-882 -994874047 -73747239 -367941090 240096035
10-40-28-895 -994926732 -72965157 -367902524 240291411
10-40-28-913 -994891306 -71926718 -367619674 240992503
10-40-28-932 -995684127 -67524767 -363166838 228686082
10-40-28-946 -996169168 -48931714 -360897239 230543887
10-40-28-955 -996564788 -47256080 -375515820 232449109
10-40-28-974 -997000278 -44213407 -372524124 252420547
10-40-28-982 -996918165 -43213174 -371811443 253668462
10-40-28-989 -996818874 -42254247 -371521325 254832656
10-40-29-007 -996209493 -56423028 -370966665 258093951
10-40-29-016 -996069630 -55507187 -370685917 259169645
10-40-29-025 -995884020 -54589495 -370404797 243520501
10-40-29-053 -995221678 -51096416 -369673632 247456833
10-40-29-070 -995079548 -32634826 -352107105 249309782
10-40-29-078 -995112540 -30622859 -350686464 251562623
10-40-29-115 -995712302 -37816050 -358303396 261972065
10-40-29-124 -996005088 -16203807 -353525856 266804097
10-40-29-130 -996338617 -10331938 -331267601 289025991
10-40-29-154 -996088264 -1870579 -312868190 309663010
10-40-29-159 -995238658 9885993 -322973023 301329027
10-40-29-171 -993770653 40458533 -299283956 310567357
10-40-29-205 -968496899 76218254 -280340977 357524011
10-40-29-213 -980822254 96614240 -291841587 350895428
10-40-29-227 -975374019 134843989 -287519790 360877524
10-40-29-271 -934931700 204649460 -267209350 406878161
10-40-29-282 -941345422 212442601 -267883339 400004537
10-40-29-293 -929798120 254896652 -285284738 426877880
10-40-29-344 -887178512 309647022 -267340731 428796337
10-40-29-366 -889732142 338334172 -266452173 453227404
10-40-29-375 -874659153 350497166 -265927622 459787182
10-40-29-402 -823152576 432129626 -290173807 475882526
10-40-29-414 -681287231 553552571 -318473205 495075282
10-40-29-422 -663923925 591588577 -335667413 510275078
10-40-29-448 -647733805 595801367 -336567373 505810610
10-40-29-455 -609324972 648688506 -359084926 491700899
10-40-29-461 -569449017 677127830 -374826509 492005669
10-40-29-486 -560642650 668748526 -393018930 478831846
10-40-29-506 -467640452 687206731 -440377992 509028821
10-40-29-517 -448499180 709126176 -434154031 510248375
10-40-29-543 -434882509 711477828 -460103543 510940056
10-40-29-556 -442536006 681081464 -464903942 501335534
10-40-29-575 -434229166 689016948 -467222457 520795301
10-40-29-597 -448208550 662734925 -466916382 521713012
10-40-29-606 -511788285 641390380 -474765091 502744659
10-40-29-615 -536884190 623744319 -470963443 502178308
10-40-29-633 -562361749 586985216 -450542206 501946657
10-40-29-642 -658044779 515091988 -456368276 498492416
10-40-29-654 -670130348 505622916 -432417183 511159995
10-40-29-680 -701412380 462609835 -436670845 504789008
10-40-29-699 -770454171 411515680 -393375371 467110691
10-40-29-709 -805073816 383011767 -350968583 471082164
10-40-29-733 -836165359 351447899 -328602022 458447936
10-40-29-741 -904780240 257514638 -306858525 411958952
10-40-29-752 -922418897 200526333 -281076681 402455676
10-40-29-779 -956347389 175905473 -286884640 407711254
10-40-29-785 -994066477 33066354 -247180534 349783156
10-40-29-799 -983605944 -7457810 -247991395 335132744
10-40-29-824 -987114041 -30878050 -270362486 336801756
10-40-29-837 -983925891 -146163318 -302060351 286496247
10-40-29-844 -998142183 -182657801 -308417799 250836517
10-40-29-878 -995271423 -235277180 -309893659 231898826
10-40-29-891 -968780731 -322568512 -278355061 208804342
10-40-29-908 -965944287 -341265648 -288014217 202928335
10-40-29-928 -980492113 -354067204 -265376778 183591508
10-40-29-940 -979140835 -344722358 -274441058 203958139
10-40-29-956 -980696116 -354810732 -275064221 207211513
10-40-29-982 -966139190 -327844248 -276580276 194595122
10-40-29-990 -991299276 -281032450 -266654841 214110314
10-40-29-998 -993719390 -261165680 -286616300 239840835
10-40-30-024 -995735664 -256405374 -289928307 233278649
10-40-30-030 -981664549 -167736971 -281576637 286332149
10-40-30-040 -997982111 -158173215 -283705209 282684256
10-40-30-076 -996827837 -113949901 -302935888 295754158
10-40-30-096 -991424434 -73110289 -309455997 337861153
10-40-30-108 -970364965 -26513503 -297122305 332913086
10-40-30-136 -964919977 3751805 -319135082 344355044
10-40-30-183 -958227343 77609583 -337979600 393291953
10-40-30-206 -931561946 124722768 -343514786 403420009
10-40-30-222 -921166757 155494341 -331356524 396043268
10-40-30-234 -898789775 218198571 -355793463 427337687
10-40-30-240 -809367105 385936417 -395546270 451484203
10-40-30-247 -790059326 395682839 -401659313 472745393
10-40-30-269 -754386266 437811020 -424048695 475778058
10-40-30-275 -710239983 504196307 -429551465 466323504
10-40-30-286 -670610871 521295905 -457311754 487278302
10-40-30-316 -647159664 518676646 -452072621 493035905
10-40-30-324 -586413462 535455010 -504831167 498858344
10-40-30-342 -588967687 533828933 -496573394 525063497
10-40-30-366 -564175602 531571394 -499959787 516121324
10-40-30-374 -583069701 517730888 -506335844 519421467
10-40-30-391 -597921313 524169800 -483629886 518722840
10-40-30-475 -614081502 510980009 -494842935 518125931
10-40-30-490 -646728523 477857696 -469632484 517867362
10-40-30-520 -662949862 457780711 -467145844 517658677
10-40-30-529 -679791918 419088610 -464938527 516759540
10-40-30-546 -878096752 233911182 -376424383 451046879
10-40-30-564 -896544067 220191452 -346774189 458549022
10-40-30-578 -912883013 187197147 -353166104 432481659
10-40-30-586 -937639607 63993863 -322223094 400356084
10-40-30-621 -967826292 -28279222 -291669544 373924585
10-40-30-629 -990203664 -63744511 -286708400 358558550
10-40-30-636 -993544785 -99430638 -267975492 342412053
10-40-30-671 -992724638 -252274295 -265633126 272870383
10-40-30-677 -989959942 -266664763 -263677714 255413624
10-40-30-684 -969474482 -295075115 -262268789 239483772
10-40-30-714 -973706857 -370395960 -260863171 193332792
10-40-30-725 -953826774 -364997021 -276577727 206454972
10-40-30-731 -951651547 -389149988 -274994616 205121672
10-40-30-774 -952134816 -388690770 -251647959 194975675
10-40-30-785 -954411506 -364145240 -250610983 199533170
10-40-30-793 -974071695 -369523990 -250887556 222122900
10-40-30-812 -979849123 -338942981 -272869627 236994033
10-40-30-823 -965492086 -320988864 -260867635 228736384
10-40-30-830 -967369511 -285070661 -266617725 254564634
10-40-30-865 -970133689 -238354648 -302664803 268051685
10-40-30-872 -969867053 -198285198 -308767074 279372037
10-40-30-878 -969156920 -190821077 -297683362 308084780
10-40-30-908 -979181562 -96949624 -313899581 327984813
10-40-30-913 -975161792 -86628771 -336488864 356820185
10-40-30-921 -953559339 -42214796 -342604594 351710447
10-40-30-962 -931888257 25437052 -349681449 383933274
10-40-30-970 -922375082 69899591 -375629083 410605610
10-40-30-975 -928770071 80232540 -367666257 420297481
10-40-31-006 -896731649 161715479 -383374063 430212874
10-40-31-011 -868580674 207205341 -385757520 454844952
10-40-31-024 -873635973 237017734 -385508172 445693588
10-40-31-060 -841245772 325183378 -377693742 474227183
10-40-31-066 -829420279 334795570 -377984002 475406678
10-40-31-072 -799714830 376485799 -380099882 476496119
10-40-31-172 -773394111 442405708 -395451654 477954493
10-40-31-185 -756204431 445968965 -420778027 461508783
10-40-31-195 -720970760 465353244 -413910815 462161537
10-40-31-208 -614607668 533317321 -484887452 487240641
10-40-31-214 -612582876 529616813 -507039281 488713267
10-40-31-219 -615843534 539938414 -509492437 489316598
10-40-31-263 -649185199 507814329 -504713077 468527487
10-40-31-274 -665476783 492036680 -484343690 466333402
10-40-31-282 -682784226 473717264 -480651005 464245844
10-40-31-298 -737421217 403655316 -486996899 474469699
10-40-31-314 -773666496 376842064 -465117990 471015692
10-40-31-320 -794552008 332674317 -473664342 449190402
10-40-31-346 -849002753 248604327 -426029171 440682937
10-40-31-364 -871174297 235386943 -408780547 413317682
10-40-31-370 -907405894 203430137 -393334300 420081121
10-40-31-395 -956824458 82047056 -328762858 388995025
10-40-31-405 -954205518 46113341 -326670271 360704005
10-40-31-424 -966758293 10099386 -307443016 348091025
10-40-31-454 -985844307 -77038860 -260083473 310959857
10-40-31-467 -986684363 -110583989 -260276492 298527716
10-40-31-481 -986134046 -142894263 -262618363 302087427
10-40-31-503 -998130511 -232154226 -265077240 256642384
10-40-31-515 -995658893 -276209997 -263232169 241071769
10-40-31-527 -992708353 -284793925 -260833679 209878513
10-40-31-550 -964841412 -346868072 -251357843 179854177
10-40-31-563 -978182755 -361579336 -247263998 191741293
10-40-31-582 -975674550 -389075640 -259645154 189265815
10-40-31-618 -973504872 -382499883 -252145732 189594638
10-40-31-631 -973990824 -381650680 -232912162 191724849
10-40-31-640 -975534516 -393738691 -231863203 178084302
10-40-31-654 -966791836 -360695293 -253954545 209362541
10-40-31-662 -969721513 -328327107 -257793148 199199681
10-40-31-668 -972598337 -311122829 -245635107 223413143
10-40-31-698 -995771377 -251260436 -261758486 234231486
10-40-31-704 -996470028 -229980900 -267633598 245140138
10-40-31-710 -996431191 -224591263 -291301501 273390526
10-40-31-733 -990055136 -130856000 -322993960 308102784
10-40-31-738 -968817622 -118936045 -335711167 319622298
10-40-31-749 -980014071 -89636878 -331599130 314563196
10-40-31-800 -956912050 -921101 -366604362 349952686
10-40-31-808 -946903489 29643119 -378125821 360916537
10-40-31-819 -918871674 60567284 -405931969 388809665
10-40-31-854 -881839438 150617077 -412171393 421222882
10-40-31-863 -868333169 179866459 -418094219 413763929
10-40-31-874 -854064979 225556361 -440403436 439463381
10-40-31-891 -824943158 308589023 -455037326 460985001
10-40-31-899 -809385395 336115406 -458023250 449143365
10-40-31-907 -794479006 346396457 -459116196 452791628
10-40-31-937 -751432414 398585422 -455378609 472500665
10-40-31-945 -756690030 439639678 -436076796 471337209
10-40-31-952 -745275608 460946035 -435210532 452654678
10-40-31-987 -707008820 508367661 -445823354 451620584
10-40-31-996 -693933904 502643034 -451491719 469753140
10-40-32-003 -665637515 528409185 -473161852 471395733
10-40-32-026 -646841693 543257717 -464163722 473313355
10-40-32-037 -646127095 544756875 -464083410 472642671
10-40-32-043 -647693810 544403214 -463132527 471698348
10-40-32-085 -679415583 511750598 -477843366 471154245
10-40-32-094 -670534642 502876577 -476200579 471373596
10-40-32-102 -680183772 509952516 -473109920 471211207
10-40-32-123 -717611911 475319926 -456956411 450282054
10-40-32-134 -730989537 460669694 -435367395 448954255
10-40-32-140 -760819095 443497713 -431901045 448182584
10-40-32-186 -784043408 362462991 -439283921 447713657
10-40-32-194 -801415568 358239557 -411163305 444962090
10-40-32-201 -822025603 337361754 -410215354 456775692
10-40-32-236 -882882377 251524929 -334874524 418218422
10-40-32-242 -914272363 240241004 -341181234 412670761
10-40-32-248 -925348915 208984013 -337355068 425313535
10-40-32-286 -935435740 99299115 -311994072 408673023
10-40-32-291 -962235459 86505008 -320197147 382563101
10-40-32-298 -954581961 57456741 -295154987 388868404
10-40-32-324 -967807639 -19651110 -285140432 350521260
10-40-32-329 -971524444 -51271095 -302107012 355796484
10-40-32-339 -990352414 -64942090 -303091798 328012260
10-40-32-370 -983806487 -149749522 -274472729 310174170
10-40-32-375 -986899418 -192448532 -257841059 283174747
10-40-32-386 -988134661 -197959809 -229113372 291257334
10-40-32-422 -983414910 -248018946 -229297310 251035880
10-40-32-446 -996669993 -261252750 -254931714 243599073
10-40-32-455 -992996247 -289728242 -247542912 253319149
10-40-32-468 -969162460 -299068497 -260270897 238040637
10-40-32-480 -969097089 -319858136 -274124644 236183536
10-40-32-486 -969856743 -320834980 -269329082 236781997
10-40-32-521 -991807598 -302980744 -258193371 232317682
10-40-32-527 -993990121 -290543015 -258135378 254831415
10-40-32-534 -995960541 -275723352 -243444068 243925559
10-40-32-576 -983207332 -221767857 -273381913 263207549
10-40-32-587 -983525677 -201486269 -262538535 287650543
10-40-32-609 -982882160 -163449387 -286173236 279189382
10-40-32-658 -992045058 -94676301 -297409152 323304527
10-40-32-671 -970623599 -87543640 -325155212 315944542
10-40-32-693 -965105820 -46917470 -336432963 342334371
10-40-32-733 -951414435 297334 -358469629 345238610
10-40-32-742 -901614059 141542061 -385613867 396996253
10-40-32-755 -908774037 147204627 -407902319 421177285
10-40-32-775 -882252329 186003274 -395907138 411452389
10-40-32-786 -851981002 251848066 -422646671 429343723
10-40-32-814 -858374149 272591220 -425709521 433828883
10-40-32-830 -826620232 313494496 -417287201 445743213
10-40-32-839 -800178383 332297507 -416844166 449080951
10-40-32-853 -808903560 351767882 -413697566 450530854
10-40-32-869 -788758288 426779451 -401339367 445666632
10-40-32-875 -763567524 444242911 -401698416 459572355
10-40-32-881 -753235460 460132645 -422206605 457837358
10-40-32-905 -722732559 482908334 -453561093 445877570
10-40-32-925 -687784665 510103546 -448836565 450219056
10-40-32-930 -688339244 502215730 -475941088 470985781
10-40-32-996 -657311117 513376233 -482216707 461734178
10-40-33-019 -636907940 527390187 -504561782 464137584
10-40-33-030 -637015938 521777495 -508002760 466471597
10-40-33-044 -649553095 505013118 -507315491 468357941
10-40-33-063 -762047580 405338621 -473733537 473637121
10-40-33-074 -764466589 365912482 -448579879 469867205
10-40-33-085 -784380863 359222189 -455293537 448398288
10-40-33-114 -843228504 293607577 -427770427 435594721
10-40-33-127 -847921633 267901598 -410895152 444516281
10-40-33-143 -868461943 257561996 -393636649 436264552
10-40-33-165 -919185513 150785190 -331190995 395750509
10-40-33-176 -932175525 135651369 -318708328 404925659
10-40-33-188 -960801242 103511939 -322273742 380333546
10-40-33-206 -971848131 6997282 -265986231 371162070
10-40-33-217 -994242117 -40576311 -273698739 345021686
10-40-33-237 -997987064 -69941829 -251687284 352341122
10-40-33-257 -983469176 -131687181 -269747491 323083820
10-40-33-266 -983131698 -170673667 -270600399 296918210
10-40-33-279 -982672551 -191076330 -270339887 304571999
10-40-33-301 -997419484 -237839370 -251086107 265251228
10-40-33-315 -996697401 -231265564 -249967828 260415131
10-40-33-322 -996246459 -255808698 -248073028 273768510
10-40-33-344 -997991402 -258354800 -258085212 271490991
10-40-33-356 -982827443 -233096664 -257478746 273313787
10-40-33-363 -984899563 -237068072 -258488017 275920154
10-40-33-392 -1007016461 -164596438 -250977172 286756212
10-40-33-403 -1007834064 -142889531 -272740479 291448167
10-40-33-423 -1007768205 -137166341 -261658922 279920446
10-40-33-450 -988224423 -90862003 -291348078 309119650
10-40-33-468 -985512011 -49997180 -281333083 299514132
10-40-33-476 -982148595 -25331799 -305020125 323645329
10-40-33-548 -967057613 52007770 -325885760 328972574
10-40-33-566 -977336751 61741046 -315715499 352704391
10-40-33-574 -953486349 104447196 -339292421 359119583
10-40-33-595 -864452056 265767530 -420551818 403664069
10-40-33-605 -851129877 284293980 -413220714 408873192
10-40-33-614 -838225471 319356577 -437865870 396887524
10-40-33-644 -822938127 373280668 -430468655 422424646
10-40-33-660 -797346196 391139360 -430309605 423089975
10-40-33-669 -805503476 408644242 -430207334 422993724
10-40-33-694 -775118828 457790149 -435657464 422508947
10-40-33-704 -762236985 472571328 -457905941 423360084
10-40-33-713 -730846581 486764311 -448316343 425274155
10-40-33-741 -681664948 522027436 -491711526 419276549
10-40-33-751 -667241501 513757124 -482278474 440157742
10-40-33-761 -672420240 537110963 -504506327 443516513
10-40-33-787 -656428291 529272139 -510163893 433018621
10-40-33-797 -656204176 544376963 -510700443 434527967
10-40-33-805 -657949741 539818151 -511573505 453344913
10-40-33-870 -650262486 524134613 -495047641 458527092
10-40-33-880 -674626755 497695206 -510205236 460441863
10-40-33-888 -667464702 504149007 -506972310 444621569
10-40-33-903 -721890477 451546933 -491982459 459003046
10-40-33-911 -719034563 453201133 -486989242 457558449
10-40-33-925 -733308351 419254402 -465848972 456287442
10-40-33-940 -794675035 372010045 -452954956 435083596
10-40-33-946 -810848974 330496046 -446895325 432744956
10-40-33-952 -828135729 321774609 -455106718 429394498
10-40-33-989 -871399555 240108015 -407603457 411189826
10-40-34-003 -909471043 194405923 -385996194 401810135
10-40-34-020 -928440347 164731298 -348861681 408791667
10-40-34-038 -952405717 86065721 -318925624 366802072
10-40-34-047 -979091514 32894080 -304990736 375941770
10-40-34-054 -970833413 -6043007 -290339076 351243395
10-40-34-075 -986359432 -120039330 -234631565 338130467
10-40-34-090 -987035571 -152353862 -229254267 311512173
10-40-34-097 -985840173 -166049375 -227651443 318750378
10-40-34-187 -992774018 -248448461 -251817684 288801702
10-40-34-212 -972569911 -289077458 -252167489 261727171
10-40-34-224 -969518219 -294397183 -232961237 251585494
10-40-34-272 -953655127 -378854436 -215605566 214344696
10-40-34-293 -952645218 -382351727 -215135473 213565619
10-40-34-303 -952404337 -383007843 -214608685 213692414
10-40-34-320 -990364766 -282125950 -234574125 248666207
10-40-34-368 -993419648 -276627861 -255645460 273198692
10-40-34-380 -995856039 -252590303 -244014437 264715502
10-40-34-399 -981628254 -183177927 -274574755 282332944
10-40-34-428 -979078103 -18515771 -336285369 353278265
10-40-34-441 -954680846 12313296 -331538091 344908215
10-40-34-465 -962547428 42747037 -360325022 370124533
10-40-34-481 -929956376 127285212 -377568454 378042906
10-40-34-495 -900289448 170589780 -405330787 402949914
10-40-34-514 -886426367 180168023 -399241331 394239835
10-40-34-523 -841160880 278623497 -456266115 439327678
10-40-34-533 -825090405 300936683 -447702760 428341100
10-40-34-562 -809497425 339403338 -471432889 433296391
10-40-34-574 -763526023 363158240 -464428571 458196984
10-40-34-613 -750229915 382549785 -466722396 461220664
10-40-34-624 -737808079 401719610 -468201446 446095421
10-40-34-635 -698500416 472870897 -493514119 446135140
10-40-34-644 -681264070 488290353 -485032696 447059381
10-40-34-667 -678376113 484979352 -495478895 450235679
10-40-34-681 -597426546 514079578 -544576989 468646779
10-40-34-689 -579382526 519412684 -535585929 492833517
10-40-34-757 -565103966 538541216 -558472579 483341031
10-40-34-807 -549834385 511886454 -549145867 502414609
10-40-34-818 -572017331 521601920 -548158241 521755240
10-40-34-835 -564170571 495215439 -546623191 523097889
10-40-34-849 -704948523 403457533 -514240840 485273039
10-40-34-859 -723886861 367942039 -525149182 479743689
10-40-34-876 -743716989 347701035 -501288826 490414887
10-40-34-892 -808679347 278684619 -468720932 451176573
10-40-34-904 -815424508 270183270 -452222101 458879927
10-40-34-919 -856193873 227197038 -432711706 432240473
10-40-34-953 -904820267 154916738 -388054073 398516444
10-40-34-960 -921775580 123060021 -369561342 404658397
10-40-34-971 -937644119 90115827 -332552792 393953706
10-40-35-053 -965303234 21115891 -304651804 371310051
10-40-35-085 -989621539 -168115226 -254448272 307131954
10-40-35-098 -988823286 -201481649 -253193576 292106632
10-40-35-122 -987071893 -215699005 -252090335 260243438
10-40-35-136 -976171336 -367125916 -268489118 185596122
10-40-35-192 -975524619 -388619226 -248828339 166648281
10-40-35-200 -976086839 -389205081 -245139836 167210029
10-40-35-212 -968050738 -347337884 -256127412 178224820
10-40-35-241 -972087124 -332270400 -256841253 183246696
10-40-35-255 -983212942 -132291246 -300264839 263431554
10-40-35-263 -996904013 -120658652 -310462529 291738417
10-40-35-285 -992799309 -91146617 -337557712 303038293
10-40-35-356 -974541466 -2367531 -350519132 335653909
10-40-35-374 -949340847 26507396 -377450780 329223524
10-40-35-472 -956522886 71357649 -388165140 356219612
10-40-35-489 -855512340 223706607 -446413387 397648518
10-40-35-515 -856600503 230666895 -472342120 422873592
10-40-35-524 -718673004 422198628 -504042455 469944785
10-40-35-537 -723546202 438324802 -504902851 472398732
10-40-35-544 -712337338 453668726 -505312560 474055722
10-40-35-589 -679061740 493672571 -509254062 477417138
10-40-35-604 -651076060 485929821 -496656039 462429503
10-40-35-620 -656803974 508762602 -502587698 464755997
10-40-35-633 -620427690 511105562 -517971870 488262467
10-40-35-678 -656124456 472006363 -529014735 491441771
10-40-35-698 -653180875 460931417 -541326383 488535222
10-40-35-709 -668847601 431525618 -519111469 468050324
10-40-35-727 -702652880 400403187 -524557723 476792720
10-40-35-743 -822887274 275483854 -478614730 428505757
10-40-35-751 -843288376 234035075 -465834732 419058830
10-40-35-773 -848589868 226161121 -448547737 424920559
10-40-35-789 -929786367 130812836 -383640868 387933147
10-40-35-796 -946770637 119250717 -363767562 376125801
10-40-35-822 -961738640 89965109 -344789734 347954225
10-40-35-830 -996913605 -20550612 -305508426 313118244
10-40-35-840 -987737580 -53832116 -289973883 301485872
10-40-35-873 -1009746652 -87327975 -260908285 306458437
10-40-35-894 -1009993209 -167023009 -272047269 271196342
10-40-35-928 -989080599 -196328185 -263894135 258043469
10-40-35-985 -984001962 -239916579 -291175709 227305043
10-40-36-004 -993025987 -285739033 -302173891 198172237
10-40-36-014 -990721530 -331792463 -250370898 161322413
10-40-36-030 -995184026 -316459184 -247707016 185041666
10-40-36-036 -996943534 -321824996 -268615349 189333757
10-40-36-042 -982079355 -308674979 -272883346 177682213
10-40-36-076 -985592893 -260353184 -265467352 208018878
10-40-36-100 -987024796 -259185718 -287020733 199744697
10-40-36-118 -988118723 -239965775 -291720481 209721687
10-40-36-139 -987528330 -175540757 -306046625 245752015
10-40-36-148 -985630944 -151992395 -295280271 275675874
10-40-36-158 -983003900 -110351359 -301826257 288858311
10-40-36-178 -968998356 -30870886 -341412079 311222643
10-40-36-189 -978793991 -20380356 -334033686 340493241
10-40-36-197 -953695587 23356063 -344373953 352665192
10-40-36-225 -921688032 105842745 -392201896 388864079
10-40-36-234 -926570194 134773415 -382952511 383911253
10-40-36-239 -897747029 147378981 -404757216 394892327
10-40-36-272 -875884124 229696152 -402371557 438375188
10-40-36-277 -860908056 269523242 -427301795 429676259
10-40-36-285 -844232929 289993292 -437468986 455168300
10-40-36-320 -789852332 342920922 -450583906 467754483
10-40-36-334 -772975749 360030655 -473444140 492814743
10-40-36-364 -758277523 376866645 -477053866 482545907
10-40-36-385 -725697478 425295820 -476641390 507975544
10-40-36-394 -700774461 441164204 -474250207 507869340
10-40-36-402 -710624107 457475629 -470622953 506289087
10-40-36-475 -690939262 504315905 -447507844 493784881
10-40-36-484 -665219612 499986634 -450276294 490609584
10-40-36-560 -671280055 527338933 -472448845 488560490
10-40-36-580 -627020927 555998375 -485465988 468650273
10-40-36-598 -614015472 534661235 -486397774 468320786
10-40-36-710 -713450347 395394822 -483703940 489984121
10-40-36-749 -744972263 386569219 -483663986 489214795
10-40-36-764 -760968261 360360953 -481814398 486911384
10-40-36-775 -780662691 307196602 -488075947 476438750
10-40-36-797 -993108471 -46859156 -307178113 336473464
10-40-36-811 -983816638 -77430074 -290608428 322635271
10-40-36-821 -987958081 -123458522 -264168289 309555540
10-40-36-837 -987137458 -193396606 -264775983 249695046
10-40-36-850 -984534703 -237689925 -285317870 233549913
10-40-36-870 -981747176 -247111907 -287655320 217291581
10-40-36-896 -992622433 -297313175 -266581822 203195725
10-40-36-906 -972614547 -337152875 -261097376 190103886
10-40-36-916 -969177511 -358840404 -271212831 162258464
10-40-36-931 -974706983 -409949630 -252158418 159167459
10-40-36-940 -954516934 -421865666 -230530845 156877182
10-40-36-948 -951450608 -414342556 -227359714 156125451
10-40-36-962 -963943646 -438709862 -228062882 143821315
10-40-36-969 -948221842 -416983040 -230438806 147082669
10-40-36-977 -950472001 -425516646 -233251705 167881111
10-40-37-003 -977315384 -367198490 -245158976 188081226
10-40-37-021 -981171798 -348814714 -249801930 180617488
10-40-37-032 -967984038 -328761624 -271421060 207606407
10-40-37-054 -992648996 -260781858 -287841895 226498319
10-40-37-070 -994135302 -252329552 -277092623 256105251
10-40-37-080 -994767309 -225924406 -283219169 269311565
10-40-37-113 -991241844 -141436930 -320896346 309024485
10-40-37-128 -970960837 -95264393 -312231044 321921942
10-40-37-137 -966326827 -66005342 -337738940 317605583
10-40-37-153 -962790755 20800201 -347445072 370007108
10-40-37-187 -937493560 32265729 -371838142 364833779
10-40-37-208 -945351847 59866692 -361619526 392398011
10-40-37-219 -926376361 113904153 -389473536 395091352
10-40-37-263 -899226989 157313022 -377961443 420568205
10-40-37-276 -837008848 260294873 -412076890 453503768
10-40-37-295 -839167555 281204029 -438394966 458320955
10-40-37-305 -823874639 301687025 -431089886 446150841
10-40-37-319 -779820722 361841176 -450341654 473882356
10-40-37-327 -751152297 380995526 -452218482 475301612
10-40-37-341 -740956955 432787057 -449899189 473225334
10-40-37-354 -716951379 449447391 -446700327 471226652
10-40-37-365 -727247761 466260981 -458952413 451454642
10-40-37-401 -708721336 527755808 -434579087 454783609
10-40-37-412 -682925197 540183071 -454156725 434183187
10-40-37-421 -688720581 534212881 -460467950 431607972
10-40-37-444 -629683477 573570766 -468704859 455806904
10-40-37-460 -617481457 563308879 -489952054 459702668
10-40-37-469 -624898246 569217255 -492088826 445610351
10-40-37-502 -611656996 593130815 -493964516 451845040
10-40-37-516 -611887231 590525777 -493903022 471507405
10-40-37-535 -597976975 568967939 -493524172 474300905
10-40-37-567 -620666815 546321150 -487099342 462191728
10-40-37-580 -631691463 536794904 -466945074 462176310
10-40-37-591 -660210871 543151590 -463640738 461711142
10-40-37-607 -666801994 502557392 -475790442 477383589
10-40-37-616 -695146865 505287993 -474739308 477263428
10-40-37-627 -706475134 489129248 -474903726 477540203
10-40-37-679 -742870978 414104827 -475236055 462705544
10-40-37-690 -757134373 409988879 -472416214 461802571
10-40-37-709 -773091080 389122546 -450303098 476265832
10-40-37-731 -808699832 329666210 -433178293 450248630
10-40-37-763 -910812149 159783200 -394188725 424210243
10-40-37-782 -925458181 127099605 -367329982 397591916
10-40-37-794 -922479532 93090879 -373740995 403061497
10-40-37-807 -956030138 -19831042 -331138766 359535134
10-40-37-815 -980700280 -43374679 -340697378 342191283
10-40-37-821 -970736243 -83263458 -314563852 323736705
10-40-37-881 -987897627 -211960043 -249768898 247530107
10-40-37-891 -988252680 -269617511 -227094191 229817894
10-40-37-905 -985167902 -306858403 -211807342 214574847
10-40-37-911 -972630984 -370431196 -201328223 203666043
10-40-37-929 -962644534 -433203043 -224606178 148938436
10-40-37-948 -964348797 -430867802 -221346653 149239373
10-40-37-959 -950511546 -442703734 -200820095 149859304
10-40-38-047 -974590556 -411385215 -194898115 168671530
10-40-38-067 -977961489 -420108554 -193639298 170080645
10-40-38-092 -981143207 -395315809 -193317532 171550006
10-40-38-104 -994730409 -345111473 -222797165 187379813
10-40-38-120 -995874104 -356774863 -224354291 188764014
10-40-38-141 -983014219 -337067344 -235200787 190663803
10-40-38-154 -983805939 -315306498 -239000059 190427736
10-40-38-169 -984621816 -327034544 -243025403 190178519
10-40-38-242 -986781617 -294441256 -255287427 189041360
10-40-38-256 -987456436 -305863665 -259606970 188383830
10-40-38-268 -988091157 -283650271 -247269570 187543503
10-40-38-279 -989326681 -289263673 -272876234 185189141
10-40-38-313 -1009548082 -255679471 -284898259 171129765
10-40-38-338 -1009813007 -233584560 -306738240 167956689
10-40-38-379 -1010031623 -228479044 -295069068 148049968
10-40-38-389 -1010244705 -235931883 -321824863 158113272
10-40-38-398 -1008960042 -218938470 -329371806 138348829
10-40-38-426 -986812808 -194289965 -376273356 93600044
10-40-38-436 -985234172 -193586611 -366080752 104275458
10-40-38-443 -983572662 -193030769 -389197196 81726926
10-40-38-465 -996203948 -208451400 -403817069 84298511
10-40-38-487 -995216136 -208262863 -407263312 63683513
10-40-38-500 -994329938 -208128051 -410398317 60293809
10-40-38-677 -990706391 -208735012 -420770769 49512985
10-40-38-706 -972350335 -209306991 -424899849 45503039
10-40-38-732 -970503600 -193440276 -412698014 57962380
10-40-38-741 -951174954 -222027402 -470063885 24330840
10-40-38-756 -910730574 -225770786 -571088165 -70726749
10-40-38-764 -888107865 -224230444 -563512577 -61279334
10-40-38-778 -882174446 -222563288 -589218536 -85186174
10-40-38-785 -865002532 -201223281 -596675029 -107436295
10-40-38-792 -876259047 -200305941 -603767914 -97882513
10-40-38-804 -854297442 -199529116 -626952137 -121592557
