10-42-57-817 723488801 -249689613 250757021 687054361
10-42-57-829 723566765 -249651415 250644054 687094310
10-42-57-840 723714178 -249467862 250586148 687008178
10-42-57-860 724186338 -248860560 250076790 687019826
10-42-57-867 724171190 -248757304 250008440 686941782
10-42-57-877 724218053 -248803234 249933969 686928275
10-42-57-891 724361344 -248694479 249770927 686948468
10-42-57-895 724432183 -248638484 249636322 686881116
10-42-57-910 724571598 -248661691 249425676 686874668
10-42-57-942 724673654 -248637645 249070494 686887437
10-42-57-946 724695660 -248746486 249022245 686844374
10-42-57-951 724784521 -248924284 249045228 686730923
10-42-57-996 724876054 -248925601 248724121 686755845
10-42-58-004 724952393 -248804208 248487119 686719349
10-42-58-013 725005665 -248638221 248403725 686821738
10-42-58-075 725121160 -248693005 248138856 686784868
10-42-58-135 725114094 -248870450 248039599 686830466
10-42-58-152 725116609 -248950112 248068507 686724766
10-42-58-165 725060205 -249206977 248001019 686715525
10-42-58-191 724981012 -249778532 247965578 686608737
10-42-58-202 724832710 -250121448 248073504 686600233
10-42-58-213 724754049 -250202827 248043866 686636835
10-42-58-235 724735149 -250372222 248144305 686540419
10-42-58-246 724646057 -250748327 248212062 686540279
10-42-58-255 724479081 -250879427 248184562 686649668
10-42-58-283 724339871 -251026843 248236238 686654934
10-42-58-295 723574992 -268695864 248790873 686915895
10-42-58-306 723280330 -269215560 249011291 686991985
10-42-58-327 722885199 -269896493 249359215 687111226
10-42-58-341 721571388 -272251085 250835455 687007929
10-42-58-374 704318617 -273238290 251354745 686938922
10-42-58-406 703710297 -274311311 268600908 686875472
10-42-58-429 701348024 -261991852 270864915 686801769
10-42-58-449 700304329 -263767559 271776483 686891591
10-42-58-472 699274325 -265551123 272919254 686854180
10-42-58-484 696382242 -286660013 276038078 686950782
10-42-58-497 712627715 -287392471 260052086 686897325
10-42-58-510 712416704 -287663867 260639094 686775420
10-42-58-527 696396029 -286754282 261024461 686155652
10-42-58-540 697253274 -285833144 260981737 685772134
10-42-58-583 698379582 -267785306 260713124 685152610
10-42-58-598 702984125 -262526053 275942172 682921748
10-42-58-613 721803467 -260248292 275030363 682117237
10-42-58-627 724171385 -274059412 274068101 681118813
10-42-58-641 718215948 -244080598 274231408 691346755
10-42-58-673 741398321 -253553771 275961132 669378141
10-42-58-734 733635260 -226746930 261622955 678816658
10-42-58-747 794663869 -167003556 285490437 641769931
10-42-58-755 799154304 -152551569 286331499 621897327
10-42-58-763 839079868 -117963018 268170991 581047186
10-42-58-771 886773823 4150991 261691756 508810275
10-42-58-779 902676537 16208423 266744788 475258207
10-42-58-788 915563406 57561612 277010505 440387346
10-42-58-816 938844548 96176493 330740319 325503575
10-42-58-825 958661642 111665411 351304706 286099395
10-42-58-832 959393615 126332040 388422063 230267141
10-42-58-839 932668914 166229224 431341174 114037713
10-42-58-845 942559175 177126242 450457485 75734467
10-42-58-852 917328953 203636315 468819134 55059572
10-42-58-867 885089347 225468600 518022039 -68848463
10-42-58-877 872371685 213494200 532712782 -102033999
10-42-58-885 874988191 217243190 547678690 -134402283
10-42-58-893 842544652 240026664 594458131 -178710302
10-42-58-911 825384728 242350377 608271815 -223968821
10-42-58-941 807973257 227425046 620886404 -234112474
10-42-58-963 738087816 228814315 654579019 -323878189
10-42-58-973 720902599 228492569 647132817 -328303925
10-42-58-989 704453627 227948892 672229093 -347799079
10-42-59-005 678090811 239435355 691323308 -397151789
10-42-59-032 648721777 237139906 679452317 -427730645
10-42-59-046 636426406 234968856 684186142 -440628454
10-42-59-053 600290725 211633030 698445247 -473234001
10-42-59-058 605642016 225917205 703199848 -465423809
10-42-59-070 594968145 223162125 724480912 -490303829
10-42-59-105 553165060 195847782 717017533 -511061240
10-42-59-201 546217150 208763710 719248921 -500471560
10-42-59-223 556112256 204785304 721368499 -523496109
10-42-59-230 541705225 180305191 742040661 -519529810
10-42-59-248 510912755 172241993 732291284 -548591778
10-42-59-261 448344638 110239199 747668177 -579697208
10-42-59-270 445430160 121550249 748431668 -582142787
10-42-59-276 459867781 99352867 748991899 -584406098
10-42-59-299 435096300 83443036 751061220 -607633581
10-42-59-315 431664897 78296878 751742024 -610063479
10-42-59-326 428269974 89778233 752288231 -596038572
10-42-59-362 437204135 71234846 751421181 -622202328
10-42-59-370 418747626 47571924 750583601 -625127547
10-42-59-376 417582530 57197318 749821843 -627778439
10-42-59-396 414969854 35644851 748963971 -615487014
10-42-59-406 413760670 11974230 749607089 -615940500
10-42-59-411 412260381 21865546 750651888 -615990216
10-42-59-460 424649539 1765159 754457976 -614664472
10-42-59-473 423159686 -21019891 772141199 -614394062
10-42-59-484 421513313 -10047176 772961518 -614510571
10-42-59-570 396980517 -41057551 775157670 -616643674
10-42-59-578 410270959 -28103697 775994277 -617754779
10-42-59-593 406521837 -31774112 776985472 -618808899
10-42-59-607 382214804 -55210750 779212766 -620467159
10-42-59-614 361406594 -60302400 766339983 -643697876
10-42-59-622 373944808 -62127266 767707694 -644281420
10-42-59-641 369540141 -63808265 769127898 -644862992
10-42-59-646 345221380 -84474897 770991713 -629881575
10-42-59-654 359322672 -86938918 770735973 -631462377
10-42-59-684 357237592 -89647239 769768270 -633497608
10-42-59-699 333222675 -79615288 766629600 -657252156
10-42-59-707 329480545 -80381412 766020090 -660031111
10-42-59-729 341906338 -80316149 765483842 -646249441
10-42-59-798 313181691 -76890072 778466095 -674181378
10-42-59-811 311115863 -92216331 776072367 -678091356
10-42-59-821 326890720 -90630640 773414490 -665194834
10-42-59-844 326916415 -72822647 757128593 -685317647
10-42-59-851 326281542 -69224856 737881841 -705439062
10-42-59-857 326189917 -49170458 734751888 -709167818
10-42-59-887 311178016 -42257812 739029649 -721985750
10-42-59-898 311909803 -57869608 717421619 -726814016
10-42-59-919 312494147 -56986965 729083290 -715066972
10-42-59-948 313438782 -56091726 712644918 -731045295
10-42-59-957 313741497 -56223023 706917329 -736408860
10-42-59-964 314135560 -56706177 684484115 -758438913
10-42-59-983 315453611 -58221370 689651675 -751805864
10-42-59-998 316368272 -42541584 667100844 -773375970
10-43-00-005 317312601 -43788071 678223130 -777943890
10-43-00-035 337978476 -47898884 662661046 -789614955
10-43-00-043 339205503 -49047450 658266349 -792795659
10-43-00-048 340389481 -49664665 654305978 -795457442
10-43-00-084 343172178 -48820685 645427101 -784980784
10-43-00-099 343769206 -47683896 643149629 -786640453
10-43-00-106 327720212 -46694886 641118547 -787972609
10-43-00-173 330497553 -47045699 619014849 -807937863
10-43-00-195 330854452 -48156630 617704178 -808794584
10-43-00-218 330482597 -49799790 616541652 -809704851
10-43-00-232 327999372 -71479042 614983966 -811640710
10-43-00-248 326418680 -88842894 618704825 -798322941
10-43-00-258 323791450 -91691382 619799545 -798317369
10-43-00-276 321514109 -77422596 620664180 -798256538
10-43-00-293 298908113 -82319351 639665264 -798314843
10-43-00-302 297077975 -82634473 640459066 -798386557
10-43-00-313 294880611 -82546357 641379929 -798491658
10-43-00-368 303283102 -79326612 643334555 -800474575
10-43-00-377 283774562 -77497353 643139231 -801858298
10-43-00-389 281478210 -76096284 642614730 -803275800
10-43-00-395 279930396 -92061954 641321463 -804885797
10-43-00-428 306238519 -106802113 629930030 -812254737
10-43-00-433 307549847 -94275041 633087367 -808728122
10-43-00-443 308257657 -98705922 636424213 -788325017
10-43-00-474 308912844 -112440061 646947316 -794076221
10-43-00-486 309124892 -117351022 650827611 -789997243
10-43-00-491 309577005 -139402636 671802787 -768514855
10-43-00-525 309526842 -157441369 668114904 -753777012
10-43-00-535 308096248 -145586117 688601219 -750099873
10-43-00-541 305354230 -149279849 691609616 -747776889
10-43-00-610 278626236 -173233617 679472942 -762636563
10-43-00-672 276928162 -175827048 680090520 -762228918
10-43-00-692 293011744 -161985195 680401579 -761670108
10-43-00-703 293365296 -185620510 680303016 -760051932
10-43-00-715 289883668 -180031059 681893800 -757294453
10-43-00-774 275332222 -178857987 694010461 -750668982
10-43-00-783 273456485 -177103437 691586530 -753911355
10-43-00-790 271555406 -191394715 689267420 -774196865
10-43-00-805 250913901 -167630869 668013665 -764322777
10-43-00-872 250071305 -148616310 671391997 -780281210
10-43-00-884 251449000 -145361073 651116041 -783486692
10-43-00-903 269777147 -158875588 647380643 -786678290
10-43-00-912 272780037 -152183293 656274091 -810133289
10-43-00-924 262171258 -114161039 618137227 -828540628
10-43-00-929 262895828 -111639414 614791264 -814494517
10-43-00-954 263569020 -109576219 628196235 -817115521
10-43-00-970 265413733 -122662450 600778438 -841801973
10-43-00-975 265906104 -121754076 597201286 -844454356
10-43-01-005 266280339 -120899759 610671397 -846926315
10-43-01-011 267928139 -118126320 584884593 -836445017
10-43-01-020 285636331 -100494585 582190337 -838162809
10-43-01-050 286804341 -99774529 579579903 -856421578
10-43-01-106 291000830 -97693842 589756992 -859869840
10-43-01-122 292283237 -97206741 588263190 -860622426
10-43-01-129 293525683 -96592867 570335087 -860944253
10-43-01-203 280912518 -96085722 590319569 -857329073
10-43-01-217 281167269 -96735817 591772184 -856142385
10-43-01-247 281284952 -97670490 593220850 -838191347
10-43-01-253 281023848 -100409236 578982217 -836158005
10-43-01-273 292629275 -111456944 584399308 -832738520
10-43-01-398 291186470 -113660274 584919726 -832645094
10-43-01-493 289684919 -115777990 585298895 -832480985
10-43-01-538 286835085 -136801526 586198737 -832267398
10-43-01-549 285603573 -138679321 586845638 -831883677
10-43-01-558 264199703 -168259758 615850108 -823517230
10-43-01-570 275504701 -183432504 656122031 -782850756
10-43-01-576 273602533 -203076822 658813720 -780511202
10-43-01-588 271752792 -206189199 661584043 -794854410
10-43-01-594 249717238 -199569937 671167796 -769177714
10-43-01-609 247977825 -220996777 673841940 -766257506
10-43-01-614 246460227 -224879474 675945951 -763813454
10-43-01-645 244407947 -215754420 665864181 -773270376
10-43-01-652 244603779 -217928276 668260616 -753505836
10-43-01-664 245067618 -236684042 670669165 -750551556
10-43-01-695 246357740 -241796167 693493858 -759825727
10-43-01-703 246145225 -242756193 695037412 -758157650
10-43-01-709 245656754 -243159566 696159988 -757115409
10-43-01-751 258652349 -241673965 681179179 -757229992
10-43-01-783 257241303 -240506993 680869595 -758450691
10-43-01-795 255781982 -239154206 679898352 -760204470
10-43-01-816 253058735 -215954846 691201269 -751282032
10-43-01-857 252695049 -212856384 689200791 -754206215
10-43-01-865 252863551 -226140148 670455777 -773652068
10-43-01-885 255565403 -196498409 664670116 -764603186
10-43-01-893 257330948 -208574347 679255377 -767076206
10-43-01-900 259622129 -203993210 676913705 -769501830
10-43-01-907 248585484 -178452313 671189172 -791488591
10-43-01-923 251510594 -191020485 651021399 -794276249
10-43-01-945 271201082 -186985896 647358845 -780616256
10-43-01-962 261632873 -175361635 635482133 -807177772
10-43-01-971 263987489 -172151547 631378710 -810405470
10-43-01-981 266590003 -169677848 643737040 -813487459
10-43-01-998 292636384 -149409571 614301691 -804125941
10-43-02-008 278614414 -148938191 627347059 -822967063
10-43-02-018 280928296 -148731673 623793489 -824882692
10-43-02-036 302646914 -149425460 596388954 -814275834
10-43-02-049 303684285 -150272874 609537648 -816369961
10-43-02-068 304637470 -168221954 606070591 -818401797
10-43-02-094 305739905 -171557639 579710347 -841228631
10-43-02-105 305566133 -172211147 593529053 -843278524
10-43-02-119 305363722 -172632866 590828567 -845290474
10-43-02-139 304373225 -171979003 567843916 -833278184
10-43-02-151 304393721 -171383327 566551388 -834263091
10-43-02-162 304900458 -170992037 565552154 -834937871
10-43-02-183 307107380 -172154327 563451528 -835298012
10-43-02-192 307414860 -173354877 563207608 -835118333
10-43-02-207 307332627 -174561257 563360087 -834848958
10-43-02-233 305678114 -160056981 564633433 -834128635
10-43-02-241 304230946 -160957591 565755545 -833767004
10-43-02-249 302671393 -161752668 566980169 -833370180
10-43-02-284 281580737 -163742602 569799491 -832520536
10-43-02-295 280465098 -164127866 587632807 -832065168
10-43-02-302 279487984 -163807653 589290510 -831291108
10-43-02-322 277422033 -161598852 580112047 -843759111
10-43-02-342 276937715 -161370007 582993874 -841943592
10-43-02-353 293438271 -161724186 585863120 -839866272
10-43-02-372 292506905 -164957280 596193098 -815131529
10-43-02-377 291684535 -165980858 600450048 -828740338
10-43-02-383 290880817 -167176434 621699093 -825453989
10-43-02-424 289035134 -189728923 617360846 -798347772
10-43-02-444 288897599 -192582015 637550876 -811878432
10-43-02-460 288737418 -178938672 640835762 -808514484
10-43-02-480 286141975 -202925913 634207253 -782776881
10-43-02-488 267674681 -205211748 654397892 -796705998
10-43-02-495 265685409 -207817856 657722392 -794059894
10-43-02-516 276249025 -199776982 649598933 -769848075
10-43-02-525 274259331 -219032842 652122102 -767706453
10-43-02-531 272520319 -220834685 671561301 -765519598
10-43-02-566 250811741 -224160567 678868364 -776636082
10-43-02-577 249172097 -225219082 664198234 -775017278
10-43-02-594 247387094 -210177053 665841142 -773744045
10-43-02-628 245087690 -213732922 668181392 -754652670
10-43-02-637 244751302 -216215220 669184314 -753149928
10-43-02-648 244694334 -236056403 670209039 -751329025
10-43-02-668 244352592 -228321585 689887038 -762854356
10-43-02-682 243661623 -230459114 690259631 -762027767
10-43-02-691 259799110 -232196591 690184905 -761950748
10-43-02-715 258323613 -233123333 670944952 -747586992
10-43-02-733 258289277 -232070093 670030453 -748723997
10-43-02-744 258387738 -230608536 669126621 -749986049
10-43-02-772 259311444 -241399331 665074894 -772023050
10-43-02-784 259173811 -238302468 663337705 -774422410
10-43-02-808 258957229 -217800084 678351321 -777174753
10-43-02-858 259421537 -220712307 672995296 -768836485
10-43-02-881 243722095 -199232917 671111752 -771342232
10-43-02-892 245484292 -194707292 652237781 -790478572
10-43-02-903 250274674 -203586231 647071021 -795182741
10-43-02-948 260107860 -166357637 643131809 -813613683
10-43-03-014 261239471 -164384741 638618300 -800443573
10-43-03-028 262348313 -163041790 617220421 -804036576
10-43-03-038 264461292 -161991907 624368469 -827859953
10-43-03-066 268233867 -166820396 583816381 -843295837
10-43-03-076 266350421 -191897103 577232271 -858705769
10-43-03-086 265283079 -191880098 574344752 -861003681
10-43-03-103 264342332 -191401794 571769440 -863162467
10-43-03-202 263170928 -186826895 549416423 -851482156
10-43-03-218 263744129 -185235044 547924910 -852656231
10-43-03-227 264786878 -167001727 546567865 -853496027
10-43-03-233 267375869 -165054379 560880557 -854582552
10-43-03-252 276563781 -184767105 551450263 -851676366
10-43-03-258 274330712 -167263546 570893297 -850802668
10-43-03-264 272269588 -165996270 573512243 -849938742
10-43-03-311 248313299 -175449997 565502427 -847609738
10-43-03-330 245320244 -171997387 568688709 -863782424
10-43-03-358 258895507 -168750360 588424131 -863227908
10-43-03-385 253706610 -147941724 593776811 -861896832
10-43-03-404 252227628 -147023736 579441404 -860713808
10-43-03-412 251643879 -146996085 581888075 -859082269
10-43-03-419 254391840 -169050895 606336176 -835088191
10-43-03-436 256104778 -172029856 609115482 -831969485
10-43-03-449 248405958 -192261766 627335191 -828106619
10-43-03-455 250381548 -181759001 615066855 -822617708
10-43-03-491 269237871 -205399804 620045829 -799584599
10-43-03-519 269336373 -224511483 655017905 -796622425
10-43-03-539 250015703 -212775711 660745821 -791276732
10-43-03-558 247250977 -217469333 648571564 -770274765
10-43-03-566 259232784 -233280965 671890140 -778308157
10-43-03-573 258509372 -255701334 672916675 -775835842
10-43-03-589 257811213 -244262209 673811554 -773598495
10-43-03-595 254831430 -273956408 675900115 -751687326
10-43-03-600 253227168 -260372093 676787404 -750226926
10-43-03-634 234513802 -262717629 677901916 -749075542
10-43-03-695 227432212 -265291233 664116514 -747819131
10-43-03-735 241980574 -264864145 664935991 -748050075
10-43-03-799 239961694 -264239812 665302651 -748506440
10-43-03-805 236753890 -262328959 664247605 -751090888
10-43-03-815 217534693 -272051222 651300449 -765937794
10-43-03-820 238496697 -233485994 659210449 -795802400
10-43-03-837 240879102 -228862972 657658082 -781027726
10-43-03-851 227109321 -240800644 655885194 -783005669
10-43-03-861 253624973 -225146386 633312580 -805831659
10-43-03-869 256319582 -219637848 631354380 -808004246
10-43-03-884 258547361 -197132233 629437893 -810262705
10-43-03-975 247038002 -182263888 620268008 -802609408
10-43-04-072 249201662 -178122111 615987066 -823083229
10-43-04-176 268424075 -191623724 628043670 -826672556
10-43-04-187 274186494 -187900148 600896089 -816671488
10-43-04-201 289476099 -178519474 572822714 -858831045
10-43-04-208 304482724 -181683438 519139939 -877086788
10-43-04-243 312692704 -183351270 540347177 -847808105
10-43-04-252 312122051 -184536026 543244639 -862736154
10-43-04-261 311502752 -202326384 529635146 -860709955
10-43-04-316 325769988 -202623016 558488950 -836798086
10-43-04-345 325110024 -201794241 546214930 -834296532
10-43-04-355 324740433 -183699367 550871631 -831596745
10-43-04-382 324617588 -181309673 576600126 -842799438
10-43-04-399 312842879 -202668946 580598979 -824761935
10-43-04-413 313156043 -203250334 584835964 -804615552
10-43-04-423 313205851 -204033271 606109515 -801014392
10-43-04-439 314788840 -193050652 601886008 -806063635
10-43-04-452 315590267 -196013449 622290180 -785395692
10-43-04-466 316500168 -199228332 625549460 -781564549
10-43-04-486 317880468 -225299485 618901031 -770242807
10-43-04-497 317626796 -211490419 639583190 -766410170
10-43-04-520 317445361 -214407089 643454223 -779187198
10-43-04-530 317770643 -238511432 633726658 -754040734
10-43-04-546 317916002 -242872275 637330761 -749625659
10-43-04-556 317255953 -230425019 658229964 -761746201
10-43-04-575 324108110 -254460543 672202143 -734529980
10-43-04-590 301582445 -255256727 676403435 -732959009
10-43-04-596 296101055 -256237791 662928054 -731972336
10-43-04-636 284948927 -246431019 668298375 -746036268
10-43-04-644 283065370 -249867942 669401759 -744609874
10-43-04-669 281679173 -270295762 670419801 -742915919
10-43-04-687 277503082 -261941348 690262662 -738753045
10-43-04-695 292091441 -264241694 690974682 -721339659
10-43-04-703 289719519 -266027382 691333594 -721298974
10-43-04-751 267182408 -286278480 690136897 -740155638
10-43-04-837 266506844 -287271475 688703507 -741480704
10-43-04-848 266448423 -288140821 670143303 -742780027
10-43-04-857 267148102 -288926845 666247811 -745968189
10-43-04-871 268021364 -260681631 674924477 -757187605
10-43-04-877 305929020 -232796442 654527630 -776289018
10-43-04-882 308867643 -227155850 634252831 -779657755
10-43-04-898 294659696 -237434875 630918197 -766635375
10-43-04-910 298533597 -223449599 640553150 -791748354
10-43-04-916 300228696 -199980616 619818077 -796025535
10-43-04-963 318774753 -194175931 615739773 -783276429
10-43-04-984 325236513 -201484981 601775563 -810819750
10-43-04-999 310363760 -182384160 596488613 -797758263
10-43-05-013 311278057 -180041123 608121854 -801972495
10-43-05-060 326703086 -189824514 593775542 -814674505
10-43-05-067 326123652 -188480652 589447686 -818377503
10-43-05-076 325766838 -188254333 568312267 -821549507
10-43-05-094 326226120 -190649038 576636525 -843615547
10-43-05-108 327117979 -202867634 555511679 -838267694
10-43-05-114 310574056 -204187313 536220865 -856360391
10-43-05-200 311238697 -205094183 534228473 -857139765
10-43-05-228 315286383 -205229555 532029038 -857026752
10-43-05-235 317646524 -205258977 532207780 -855872453
10-43-05-246 337246691 -205432043 532857686 -837550211
10-43-05-257 334415594 -199066895 556705765 -841348151
10-43-05-262 334349180 -220785955 561116460 -820456321
10-43-05-268 333429791 -223036010 547114471 -818442828
10-43-05-312 330543588 -226160287 553350450 -814467710
10-43-05-325 328888769 -210270783 573344224 -829458685
10-43-05-334 343781261 -210504506 576748814 -827871151
10-43-05-356 338682684 -226057273 568999474 -823853671
10-43-05-367 337688367 -225825465 588212668 -822474805
10-43-05-378 337186720 -225987609 590493831 -804239839
10-43-05-400 336545293 -211721590 581040401 -798353926
10-43-05-408 336416207 -213327401 583983498 -812561399
10-43-05-415 336226137 -215148587 603955892 -809775595
10-43-05-446 336204500 -239943898 598187263 -782209635
10-43-05-456 336576909 -243274649 602422808 -794539083
10-43-05-477 337402136 -229894038 623480244 -789706951
10-43-05-513 340345075 -257137327 620182453 -774203974
10-43-05-523 340589679 -243706527 641537713 -752271023
10-43-05-536 340300507 -246915830 629358280 -747470012
10-43-05-583 335841780 -271809947 659790138 -734688026
10-43-05-599 316516025 -274747540 647732817 -730557198
10-43-05-610 313515679 -261343594 652821983 -742873912
10-43-05-616 322703944 -285519775 663493233 -716859502
10-43-05-654 303918816 -283405531 692315461 -724572974
10-43-05-684 304167141 -304207466 691446461 -723665575
10-43-05-703 305643417 -309000317 690234396 -722283063
10-43-05-713 308492653 -318844202 688422527 -701871677
10-43-05-732 308182588 -321871637 688650704 -700474075
10-43-05-754 290907918 -300336581 693655903 -721751074
10-43-05-762 289692548 -299473310 692862374 -723358208
10-43-05-785 289132644 -298666953 691507371 -725190962
10-43-05-794 288374166 -308892033 669885718 -716151468
10-43-05-807 288246110 -305306163 667875894 -719612099
10-43-05-825 288514375 -284735751 665577137 -739967759
10-43-05-850 292159249 -288851122 674685688 -733695150
10-43-05-861 277479401 -267698562 672097333 -736856195
10-43-05-881 279796422 -263192092 652699034 -756773205
10-43-05-889 304617650 -247870126 661535372 -749061370
10-43-05-898 307365350 -258755678 658540612 -752504299
10-43-05-925 310128607 -252698985 655376880 -772795366
10-43-05-940 319001860 -235854033 644322380 -766803729
10-43-05-950 322466630 -214718854 639873042 -770285238
10-43-05-976 326030822 -211095352 618211286 -790623651
10-43-05-985 316267684 -222527655 623741693 -781404228
10-43-05-998 336036424 -220703214 601068466 -785276959
10-43-06-021 338602439 -219306539 612063786 -805900275
10-43-06-036 343812581 -200108521 579521283 -799404397
10-43-06-043 327976691 -199800838 591859309 -802439250
10-43-06-071 328744653 -199945366 587444849 -805226538
10-43-06-087 330164668 -219628416 575717630 -829094093
10-43-06-096 330566502 -220892730 572365984 -814207030
10-43-06-122 330686346 -222007102 552739398 -815955784
10-43-06-133 331213095 -222479768 546920341 -819579080
10-43-06-164 331644737 -221628431 546044315 -820259425
10-43-06-185 332215563 -220372843 545889715 -820369644
10-43-06-196 353061424 -200289823 548280282 -817922008
10-43-06-209 354913494 -199606043 549473786 -816350827
10-43-06-228 356696793 -199219363 550567502 -814861469
10-43-06-239 359715296 -200184933 553380314 -828103619
10-43-06-251 359743558 -201100394 571233111 -827183007
10-43-06-277 359277235 -218786134 572630238 -826212520
10-43-06-290 355957022 -219848221 562627803 -822614627
10-43-06-302 354506913 -219627274 565502238 -804362753
10-43-06-326 352996892 -219221047 568488525 -803007996
10-43-06-334 332081275 -201227809 592148291 -800136728
10-43-06-342 330402192 -200484458 594186821 -799399262
10-43-06-365 328648905 -199380468 579626748 -798897694
10-43-06-375 342295241 -196788321 583839157 -797628423
10-43-06-386 341243137 -196045176 586024484 -813428015
10-43-06-425 340955719 -196048798 604762042 -812078480
10-43-06-435 328419184 -218736271 611135951 -787074602
10-43-06-446 331060850 -222339741 597044338 -782914012
10-43-06-468 333902662 -226368039 600308284 -794674007
10-43-06-475 358288140 -236537772 613788880 -777427355
10-43-06-482 360641932 -239364095 618920107 -754453595
10-43-06-507 346430677 -242170002 640849839 -748033536
10-43-06-523 370041006 -253891624 655576140 -744801406
10-43-06-534 371190103 -258290279 660754943 -721312308
10-43-06-556 371212996 -245594225 649643937 -714586012
10-43-06-577 346579160 -272113160 666445152 -699240880
10-43-06-588 359110513 -273716868 670912837 -696469497
10-43-06-610 354796886 -275007548 691129177 -711533663
10-43-06-627 329192561 -262997317 695206101 -710226883
10-43-06-638 327412760 -265084706 695268699 -710066610
10-43-06-657 342519092 -267740210 695113256 -710152950
10-43-06-679 317895124 -289659923 695225276 -711874314
10-43-06-690 313964642 -289253016 695716220 -696514908
10-43-06-707 326492075 -288140125 679646412 -698310924
10-43-06-719 298509131 -285254012 680179993 -703956203
10-43-06-729 296298806 -285266857 696061993 -722757964
10-43-06-769 294616147 -285519070 694645715 -724732348
10-43-06-780 308663537 -268341044 691064574 -729476389
10-43-06-791 307432502 -267118986 689406208 -715320410
10-43-06-816 306180697 -265368033 670941782 -718124040
10-43-06-825 304936017 -274651456 664394876 -744381228
10-43-06-830 305692003 -271961250 678401478 -730778729
10-43-06-850 306919538 -269196182 675447405 -734019782
10-43-06-868 294979612 -259513540 650578193 -759436195
10-43-06-878 296437233 -255746987 648236717 -762095235
10-43-06-897 297638004 -234853668 662620599 -748140605
10-43-06-920 300065595 -239333595 654471577 -774818035
10-43-06-931 300691438 -235473711 634306417 -778643750
10-43-06-954 301213795 -214924235 630815065 -765743798
10-43-06-977 320216060 -222233681 618366413 -794406100
10-43-06-987 321302871 -220079707 613766879 -781506827
10-43-07-008 322563088 -218446554 625788016 -785172540
10-43-07-018 325583747 -198548543 611835429 -812435654
10-43-07-027 325785835 -197819251 607328150 -799268856
10-43-07-055 325442927 -197172744 585988300 -803036383
10-43-07-065 324061005 -197088987 589165223 -830320123
10-43-07-074 323965432 -197594358 568292046 -816482556
10-43-07-095 323871419 -198107789 564407175 -819123861
10-43-07-116 324238378 -198789415 571621003 -842402841
10-43-07-127 324377547 -198222193 552570888 -843901523
10-43-07-147 324782195 -197531654 550879699 -845084899
10-43-07-166 326520650 -195052861 549014080 -846400480
10-43-07-174 310819753 -193285236 548849131 -846365832
10-43-07-197 312082602 -208074897 549366470 -845984416
10-43-07-205 316034707 -205063850 552476734 -843087716
10-43-07-212 317066143 -204595709 570664932 -841677829
10-43-07-240 317587052 -204377533 572364922 -840376677
10-43-07-249 317354129 -205270165 577911081 -819629118
10-43-07-264 316886816 -205790777 562689481 -818619538
10-43-07-288 316204828 -206248182 564186212 -817703695
10-43-07-315 313520078 -206883954 568006366 -815951021
10-43-07-327 312566640 -206585637 569419065 -815321633
10-43-07-346 311570463 -205753094 587885231 -814731965
10-43-07-357 325544948 -203768985 592643537 -829657379
10-43-07-366 324885329 -203816098 594074747 -828802601
10-43-07-385 324259962 -204265148 578864884 -827773430
10-43-07-403 323155928 -206486369 584363501 -823629685
10-43-07-413 323330798 -207845828 586703564 -804776127
10-43-07-442 323998709 -209448142 606003604 -802160524
10-43-07-455 312045916 -199949959 597868549 -808576992
10-43-07-471 314081846 -219767786 600996308 -787839492
10-43-07-494 316173223 -222750834 620979756 -783597382
10-43-07-504 336235824 -212125777 627835035 -791792641
10-43-07-513 337406092 -215691402 614822766 -770497116
10-43-07-534 338053088 -236352299 618947398 -765709944
10-43-07-558 336519609 -231650330 634348860 -749735362
10-43-07-568 318359673 -252125918 656830633 -760938392
10-43-07-602 316866155 -256190174 662313894 -755433191
10-43-07-611 311266510 -276591101 673392694 -740955122
10-43-07-618 324207373 -266747942 675688781 -721205072
10-43-07-633 301769136 -288688029 677783192 -719869363
10-43-07-644 281436267 -277556107 665974497 -738472734
10-43-07-654 292947929 -278800415 666473141 -739611420
10-43-07-689 288751150 -280417127 666384107 -740834073
10-43-07-702 264557768 -284261842 664844348 -743664783
10-43-07-719 262736745 -284418554 664713586 -744428395
10-43-07-746 260344247 -284237855 665210253 -744944581
10-43-07-759 251473566 -279634690 667417389 -731198836
10-43-07-773 248220888 -277590364 667292479 -733249887
10-43-07-797 245445852 -292577555 666268573 -735986300
10-43-07-809 257734058 -287274876 676276631 -762415814
10-43-07-827 257538943 -268193433 673582801 -749034651
10-43-07-848 257929272 -265332496 654166331 -752134419
10-43-07-859 245575641 -270785995 647308485 -777475208
10-43-07-877 247810808 -249683713 661831085 -780036857
10-43-07-890 250461380 -245388857 659543056 -765639185
10-43-07-902 274040288 -253414734 654616956 -770248240
10-43-07-911 261196395 -232592291 635122101 -789159498
10-43-07-938 265431478 -228805804 632050709 -791426656
10-43-07-948 277640997 -235447399 638114185 -781760578
10-43-07-957 281104880 -215790832 617280533 -784609725
10-43-07-975 284234533 -213166611 613071651 -787452720
10-43-07-992 308217252 -223701357 599982777 -813483122
10-43-08-000 309990421 -222114334 612218883 -799940106
10-43-08-025 294697473 -220692899 607833837 -803023219
10-43-08-037 298290715 -218693054 595437839 -828083649
10-43-08-049 299304740 -218363144 591698249 -813752394
10-43-08-086 299935915 -218248061 588058558 -816273765
10-43-08-102 301263338 -218337349 577284724 -840110723
10-43-08-114 301554424 -201313303 574258546 -842178021
10-43-08-131 301679471 -200618524 571605678 -844153855
10-43-08-140 319138441 -195930587 549367206 -831894096
10-43-08-148 320233504 -194347290 548535766 -832435287
10-43-08-169 321690396 -193071251 548275928 -832446759
10-43-08-179 310646880 -206575761 549724414 -846712389
10-43-08-194 312296056 -205889955 550902181 -845395626
10-43-08-214 313585578 -205894374 552110623 -844045999
10-43-08-230 315119028 -209388241 573682885 -839342194
10-43-08-238 314342840 -194144289 575821392 -821067428
10-43-08-267 312734413 -195519722 578028227 -819809987
10-43-08-283 324715360 -196379747 566055680 -818099635
10-43-08-291 321629493 -195706546 568541736 -817720802
10-43-08-315 301496809 -194166747 587705097 -817652195
10-43-08-330 307665223 -204689063 593094879 -819271180
10-43-08-343 304292560 -202152421 594355972 -820251125
10-43-08-363 283878740 -182651361 595469388 -821385640
10-43-08-381 289135312 -190869454 583130459 -840810637
10-43-08-392 285643187 -189021296 585501969 -840734925
10-43-08-419 265962012 -188041838 604721659 -840239875
10-43-08-429 261662073 -190882766 610484258 -819971217
10-43-08-438 261695672 -177149499 611639621 -818498670
10-43-08-483 262163463 -180769981 595956226 -816727851
10-43-08-492 265156477 -209078807 600421514 -826427993
10-43-08-501 266634950 -196639123 602243785 -823472854
10-43-08-519 285461607 -218198828 621102258 -803236288
10-43-08-526 292191627 -217048554 613517608 -806132111
10-43-08-533 292991225 -239436475 617949291 -784020003
10-43-08-557 292725928 -228881546 639223746 -795331666
10-43-08-563 285641295 -245141440 635440026 -765383246
10-43-08-572 265603530 -249160750 654958451 -779671759
10-43-08-614 262288398 -269850510 656978574 -777888829
10-43-08-625 273728172 -261699804 659122653 -775171751
10-43-08-641 271784725 -265854115 659501900 -774031072
10-43-08-666 269510413 -286499953 659779677 -773233564
10-43-08-674 243878069 -291677484 646489089 -754652465
10-43-08-681 257700237 -292091629 648183646 -754082362
10-43-08-704 254931435 -292819936 649228740 -753770682
10-43-08-764 232933437 -279277828 649318375 -754277540
10-43-08-777 231875734 -280803971 648942552 -754360039
10-43-08-832 230987745 -281751795 648686773 -754592947
10-43-08-839 229296782 -280605456 648079302 -772803162
10-43-08-850 252734495 -289051104 654984190 -765447241
10-43-08-856 256461502 -285679513 635891455 -767341768
10-43-08-867 243828405 -264698646 633609561 -769418587
10-43-08-873 275852704 -250540231 642191892 -792435783
10-43-08-878 264245164 -245854638 638751771 -794882831
10-43-08-898 285797415 -258195335 618126530 -780855208
10-43-08-909 281441054 -231096035 603383690 -808001096
10-43-08-928 284831248 -228033885 597911261 -811832355
10-43-08-949 304485348 -242012045 609245685 -798935965
10-43-08-963 309829739 -235007178 593093206 -827660383
10-43-08-980 293912037 -216576311 588200234 -814535771
10-43-09-000 294290923 -215152703 566332797 -818437631
10-43-09-012 293803765 -213277062 572109506 -843654141
10-43-09-030 309837511 -212462018 549848274 -831135346
10-43-09-050 309012282 -211806908 561053042 -835294373
10-43-09-063 306017307 -210474105 544634474 -847554696
10-43-09-081 305287821 -210230032 539541563 -851086550
10-43-09-115 304665205 -210320568 518116178 -854274203
10-43-09-129 305104289 -211864098 523575934 -877459899
10-43-09-146 306119909 -213155546 520885514 -878517215
10-43-09-164 307627250 -214357053 502341709 -878732263
10-43-09-175 298037491 -217484228 520942751 -874111740
10-43-09-187 301195073 -218019296 523694997 -854416559
10-43-09-211 321376359 -235214325 527154950 -850852200
10-43-09-220 316854288 -236049381 538677712 -838595818
10-43-09-229 338693965 -236723851 542722625 -833853919
10-43-09-250 327400043 -238026741 529885951 -845406552
10-43-09-261 347051460 -231131216 557202278 -827155554
10-43-09-270 371107938 -252567458 560590929 -803255281
10-43-09-290 362100895 -258012929 547484544 -812275316
10-43-09-297 405779365 -262884879 578051561 -764848634
10-43-09-308 399651482 -288233020 567000399 -751719088
10-43-09-337 411179764 -280217175 590551115 -736547323
10-43-09-355 451429271 -321741952 602172458 -693335322
10-43-09-368 466504951 -311856148 614554114 -650854703
10-43-09-395 482072803 -318317633 645016109 -638674518
10-43-09-407 515059495 -329857496 673617186 -571268174
10-43-09-420 532109752 -335043052 670918794 -516309724
10-43-09-442 549353828 -356708842 684345930 -491424196
10-43-09-452 603005352 -370096434 714283594 -331052912
10-43-09-461 637517575 -372519019 720102831 -277219621
10-43-09-484 637134288 -373770528 740782642 -238379810
10-43-09-500 689020536 -372577811 741071974 -47426152
10-43-09-513 679687118 -370384598 719772469 -2019506
10-43-09-534 683643787 -351958314 713045211 59181112
