10-39-44-366 -685429958 -107678651 -26597016 804288376
10-39-44-374 -686635884 -90244985 19130674 805219696
10-39-44-389 -687764192 -89112967 10802803 804194711
10-39-44-417 -706052205 -90026542 15384153 802613281
10-39-44-425 -683644314 -101335212 3723547 823584040
10-39-44-449 -696060917 -100955266 -18707984 827348399
10-39-44-475 -690403542 -82762064 -23760240 815173099
10-39-44-497 -649533361 -91464575 -35253680 834805469
10-39-44-503 -656349160 -88260365 -38160538 859229993
10-39-44-530 -645817720 -85305223 -41037059 850419665
10-39-44-562 -610985106 -59709200 -32489726 891753952
10-39-44-575 -581820659 -73614720 -51687436 883137264
10-39-44-587 -569015767 -70845255 -53542764 908266889
10-39-44-636 -529566440 -44760864 -57716026 915252165
10-39-44-708 -516676319 -42057704 -42266910 922524995
10-39-44-720 -520722795 -57244986 -44126612 946183074
10-39-44-734 -478718998 -57623151 -49826030 958897577
10-39-44-768 -379094577 -77123481 -104057552 997753641
10-39-44-808 -311653110 -173988428 -124680094 1009632432
10-39-44-817 -321928689 -179301118 -110934711 1007599419
10-39-44-828 -299693889 -222311785 -114860185 987062874
10-39-44-846 -308849596 -289163598 -126164625 971871132
10-39-44-856 -280019851 -569771961 -175254715 834604039
10-39-44-865 -291939081 -619502770 -160186878 800403373
10-39-44-879 -286427690 -665445636 -160934292 765202341
10-39-44-894 -248244083 -764023716 -160219581 694192124
10-39-44-902 -258159073 -796199127 -175618371 662973322
10-39-44-926 -252572041 -786615080 -172736021 673904799
10-39-44-957 -242060699 -765608343 -157910986 687633140
10-39-44-974 -240126366 -760749610 -133948004 729130227
10-39-44-994 -238327890 -716182683 -142153295 758426361
10-39-45-001 -215748854 -653651916 -109800608 799918569
10-39-45-006 -212248638 -641499375 -121391364 840632793
10-39-45-024 -209910898 -599887853 -118300002 859411071
10-39-45-102 -210824238 -572830255 -122283134 871000128
10-39-45-116 -213872935 -550148269 -111069892 890060882
10-39-45-127 -217585767 -546826959 -134895531 890309151
10-39-45-138 -226973164 -560935136 -151273163 870536665
10-39-45-144 -265164886 -533044096 -178623212 875492309
10-39-45-151 -289697660 -545001401 -184549943 874920501
10-39-45-173 -280673709 -538308463 -206307893 875292568
10-39-45-191 -322754467 -508113876 -196373916 866067433
10-39-45-196 -315426828 -479783365 -195819652 869120852
10-39-45-224 -342087019 -469228775 -194830728 871457295
10-39-45-250 -373577096 -445858478 -194835651 871462524
10-39-45-260 -367729051 -456546505 -195127817 869924669
10-39-45-293 -378846652 -434714998 -195028239 867779663
10-39-45-304 -427627932 -444628401 -196222854 873260484
10-39-45-326 -437482703 -428213699 -197311240 851405404
10-39-45-381 -429885836 -429856303 -198547180 862541805
10-39-45-390 -446431855 -434617678 -200484896 834402643
10-39-45-398 -470971577 -453349446 -200265070 846160406
10-39-45-413 -461917681 -454372303 -199240693 841665568
10-39-45-418 -482777217 -453239727 -209275185 815279016
10-39-45-425 -505296920 -434832829 -207185244 830109084
10-39-45-431 -510240646 -432806528 -205315241 828550052
10-39-45-505 -522157461 -442136953 -183251292 826461087
10-39-45-539 -525267480 -438291786 -180939902 827009989
10-39-45-549 -528359302 -416858336 -178449517 827978478
10-39-45-563 -516352103 -422199954 -188849303 815250143
10-39-45-574 -514091827 -388967669 -163750930 833756441
10-39-45-585 -527770502 -365931630 -164345546 838118715
10-39-45-602 -523852455 -376425713 -165582483 859707873
10-39-45-632 -508544231 -358100022 -189248631 874510966
10-39-45-643 -486039399 -335491204 -192346042 879440940
10-39-45-656 -480332375 -329797873 -178989880 867263404
10-39-45-677 -468980977 -336693525 -203738542 892042037
10-39-45-688 -453741634 -301462728 -216055398 907912562
10-39-45-698 -431877204 -294879225 -235397306 911906769
10-39-45-717 -443659675 -303236873 -236847675 899884866
10-39-45-727 -416882041 -266358241 -237234462 927119535
10-39-45-735 -411982541 -272290954 -236914027 915641502
10-39-45-759 -424049965 -244571051 -236525394 920788061
10-39-45-769 -394318591 -209850927 -235415844 934879222
10-39-45-785 -407041157 -196385342 -217712320 956388172
10-39-45-813 -403270593 -182177667 -216390964 961031162
10-39-45-830 -392111071 -156984958 -213035955 973175529
10-39-45-838 -389100045 -126499408 -211711297 976507513
10-39-45-860 -386260759 -112647191 -210199703 979570266
10-39-45-868 -361781547 -90654970 -221367909 970531108
10-39-45-884 -376166083 -62966069 -219411657 972467986
10-39-45-905 -374006809 -70552956 -200863479 990994580
10-39-45-920 -370242682 -53972377 -198656363 993518120
10-39-45-926 -369954247 -51289502 -198541595 993792487
10-39-45-952 -369992299 -32609699 -198378843 993865852
10-39-45-977 -373830068 -30667710 -194324028 993314695
10-39-45-984 -376317229 -31543901 -208213259 993018548
10-39-46-006 -362459175 -32944330 -204446815 992526736
10-39-46-013 -390820341 -55268983 -187888956 991113804
10-39-46-020 -378570637 -57346201 -164051499 990426228
10-39-46-050 -383549563 -43329301 -173258117 972855784
10-39-46-061 -398934762 -71301705 -133188614 969696181
10-39-46-080 -420943173 -75386038 -141714478 968349798
10-39-46-099 -426049253 -62248793 -116449074 967018365
10-39-46-124 -419446962 -85685879 -100122576 980956855
10-39-46-134 -440718748 -88315040 -92375654 979497739
10-39-46-155 -428088922 -90836728 -101782929 978277957
10-39-46-166 -453487683 -83244813 -65864857 975104653
10-39-46-177 -455112836 -103149394 -60374611 974547627
10-39-46-247 -455991037 -106162187 -72352509 974136419
10-39-46-277 -453118381 -95510314 -48364086 975261946
10-39-46-295 -433108937 -95452208 -48955705 976586583
10-39-46-317 -428788359 -94136912 -67821672 978508253
10-39-46-330 -374424699 -66895478 -155532575 983896089
10-39-46-349 -359957950 -62926849 -173628266 986525004
10-39-46-381 -327677675 -75195116 -192382109 988794734
10-39-46-399 -291325732 -44727233 -253224132 1009791514
10-39-46-408 -271715595 -57742389 -274898243 1009783316
10-39-46-425 -234558676 -54797151 -280562001 1008868317
10-39-46-438 -186517718 -33032147 -349349525 983722394
10-39-46-449 -147388886 -30376098 -388519842 995992400
10-39-46-468 -142114272 -26929386 -410163787 990767713
10-39-46-477 -61168307 -34560505 -475930348 951784646
10-39-46-490 -56881200 -16449587 -480451839 959242328
10-39-46-503 -36031012 -15543672 -500901971 932617267
10-39-46-512 21500076 -13598622 -555105111 928735431
10-39-46-521 40965263 -12223405 -572906837 900726762
10-39-46-539 43007585 -10091827 -590295106 888915554
10-39-46-558 106831828 4386802 -620608056 852897485
10-39-46-573 119078937 -6411386 -635540340 857159616
10-39-46-590 113922225 -1753635 -650030614 844437033
10-39-46-601 148513960 19562943 -706984922 805432982
10-39-46-611 159758488 19297363 -702353602 792495184
10-39-46-636 187352064 18761439 -713753297 779738235
10-39-46-654 199273014 17906661 -757946518 746030736
10-39-46-662 223291108 -324301 -747527677 720848532
10-39-46-682 212717630 -2718726 -751810500 714460631
10-39-46-704 237707304 -7553165 -753909175 726602388
10-39-46-712 235546442 -8220047 -751531259 713061069
10-39-46-730 214599708 8096944 -747558447 718307326
10-39-46-743 207694125 6411563 -744532989 761586770
10-39-46-754 179723934 5390965 -718893359 773024297
10-39-46-784 167365870 3696758 -725644861 768379797
10-39-46-794 141814157 -23656209 -687948630 825985958
10-39-46-800 125673176 -11749772 -672440210 840815378
10-39-46-833 108239786 -33918867 -655765058 855899506
10-39-46-897 70088639 -29214957 -601716904 869255816
10-39-46-913 32621103 -52439275 -581336486 883962087
10-39-46-923 11276108 -42926042 -576653979 898046666
10-39-46-937 -130291255 -136792524 -363403400 994700673
10-39-46-943 -171288918 -131169452 -327490659 985545961
10-39-46-948 -178320476 -144043117 -307621084 1007795667
10-39-46-983 -246817202 -182502740 -191031781 1014016862
10-39-46-999 -267645832 -193700552 -151056287 1012720589
10-39-47-009 -303714818 -222684465 -96054898 1009456157
10-39-47-040 -353124014 -270691852 -18517799 970777661
10-39-47-063 -350005348 -287715581 23173218 978010867
10-39-47-081 -362543025 -303020205 29033639 951377428
10-39-47-097 -407786889 -317094930 79580216 943552835
10-39-47-107 -397818130 -339795908 107036043 920728376
10-39-47-114 -420434319 -327500237 98594721 915698332
10-39-47-146 -413390675 -334990018 124578250 924269952
10-39-47-154 -414332398 -335425036 123011919 923896716
10-39-47-162 -414085712 -334788398 119151136 924809344
10-39-47-179 -423218381 -329617916 79001514 915844238
10-39-47-192 -401657049 -343503357 84344311 920046197
10-39-47-198 -395844952 -339820962 71449728 941667088
10-39-47-237 -380510036 -312688162 40942772 936516667
10-39-47-245 -388178120 -322885390 23829728 959495819
10-39-47-258 -361454292 -299154708 5106114 949037999
10-39-47-283 -327414551 -276905339 -61173700 965743273
10-39-47-292 -314990678 -285549478 -102762916 970217318
10-39-47-297 -301901227 -276556541 -111574609 990821746
10-39-47-329 -261164118 -242625823 -206969873 981967796
10-39-47-335 -247101783 -214330356 -217365044 982591492
10-39-47-347 -232643134 -220179784 -245186987 981892504
10-39-47-382 -203862044 -177690647 -329358624 972107403
10-39-47-399 -187874672 -188269700 -373553498 966492338
10-39-47-414 -171620856 -166190740 -383530002 976807151
10-39-47-431 -121226541 -171606530 -473804041 936725035
10-39-47-440 -104316244 -168751723 -479149073 944796800
10-39-47-447 -87513212 -149236565 -500193720 918863976
10-39-47-469 -39424054 -155044821 -573384196 907497988
10-39-47-474 -8720753 -131619326 -589151632 882070521
10-39-47-485 3305310 -139541552 -586804481 890795142
10-39-47-524 11457024 -106787825 -643702877 849804357
10-39-47-533 34019004 -79129639 -656666059 857936691
10-39-47-550 39064731 -85978037 -653125939 831705134
10-39-47-577 54183064 -69318576 -712192322 797904858
10-39-47-584 43852769 -68535536 -726649469 784876004
10-39-47-595 68223983 -70587171 -741465162 770688748
10-39-47-620 86301345 -60353095 -752262356 758829120
10-39-47-631 77413221 -63036508 -764352897 745614459
10-39-47-636 83177504 -64745630 -791453448 717127201
10-39-47-681 103773561 -85523596 -812124618 710534828
10-39-47-690 102943458 -87925968 -799043731 706250212
10-39-47-699 101788346 -91247340 -801387993 686718699
10-39-47-730 79461546 -106055552 -799510640 687773075
10-39-47-738 77217878 -94429487 -812850063 708195980
10-39-47-747 90919542 -98879247 -808015610 696611595
10-39-47-781 59079814 -124221036 -770384844 719595854
10-39-47-792 69088334 -109150269 -778181717 746064510
10-39-47-804 45044944 -111101646 -751353531 756398580
10-39-47-822 39066131 -136808398 -713469959 792366690
10-39-47-833 13556963 -140011931 -697905325 806064923
10-39-47-843 20793849 -126041928 -680780844 803684179
10-39-47-867 -15527439 -130333681 -619715337 850179709
10-39-47-876 -30370913 -130847411 -595740393 866363354
10-39-47-883 -45996032 -131771404 -569977740 882468166
10-39-47-910 -99028130 -151770585 -480548512 945503693
10-39-47-924 -135809958 -134152255 -446326899 959945895
10-39-47-933 -156976468 -133707206 -427170662 973167298
10-39-47-974 -183779508 -156664827 -354011287 992846933
10-39-47-985 -227187362 -150900084 -260451217 988576339
10-39-47-997 -248781478 -176039942 -238705199 1008213881
10-39-48-021 -304664373 -201484551 -168640910 989589972
10-39-48-033 -322989812 -199769184 -136071578 985703216
10-39-48-046 -339931887 -216636675 -105896834 996804053
10-39-48-067 -365478079 -290134233 -36888204 954950142
10-39-48-074 -393861615 -308511392 -18731969 962089487
10-39-48-082 -404666806 -324879333 -1465753 935701295
10-39-48-105 -416645144 -358579794 68947510 926133874
10-39-48-124 -441307340 -349022630 86746090 901494099
10-39-48-134 -431492577 -371658899 103808079 911102362
10-39-48-159 -444986406 -366427739 126952617 894443635
10-39-48-171 -447828724 -386112256 151836523 890409938
10-39-48-178 -450271392 -388961032 157048864 870310310
10-39-48-198 -471290121 -377663232 156506480 865923090
10-39-48-208 -470890344 -394066615 152648894 866963487
10-39-48-215 -452084604 -392170666 130239329 869788591
10-39-48-258 -455492810 -376409582 118512688 887173264
10-39-48-269 -432604828 -352168435 103845099 911532610
10-39-48-280 -442717011 -360612201 86779592 902896256
10-39-48-304 -401715441 -315479560 23985421 944095757
10-39-48-313 -408608708 -322082462 301128 935156418
10-39-48-327 -380951363 -294667958 -41324880 959311638
10-39-48-357 -373366190 -287962164 -77711536 955901960
10-39-48-365 -360125221 -275484688 -122464686 978187502
10-39-48-376 -329558532 -246166773 -151067676 965938771
10-39-48-396 -302717380 -213524546 -240138925 970968627
10-39-48-412 -287069565 -223659985 -271056450 969346899
10-39-48-421 -270707929 -218900571 -302175116 966157885
10-39-48-448 -219544119 -207161111 -389090706 951219492
10-39-48-458 -202598552 -202925657 -398361318 961820022
10-39-48-469 -185587144 -181814226 -440397399 938177362
10-39-48-494 -136146293 -186876556 -511021125 930310501
10-39-48-511 -120386641 -165778915 -515527468 904570963
10-39-48-523 -105551286 -160568107 -534820519 912757668
10-39-48-546 -69424851 -154424624 -582951990 889581360
10-39-48-555 -42922009 -128852577 -596474618 865647697
10-39-48-564 -50948263 -136386078 -625822381 875563579
10-39-48-592 -13268465 -108377317 -659485316 838307800
10-39-48-603 -23773058 -100935508 -653516215 830929113
10-39-48-623 89215 -78303508 -664699526 839556186
10-39-48-646 13352761 -89938602 -699640146 810595153
10-39-48-658 25230047 -90311952 -726993674 784056302
10-39-48-677 53043300 -90382090 -719566030 791720194
10-39-48-704 75311659 -88904889 -737425028 773529727
10-39-48-723 62274621 -89572481 -756069608 754468479
10-39-48-744 64241816 -91381297 -756090519 754140525
10-39-48-763 61874996 -80653810 -733369619 776140234
10-39-48-772 74502249 -101533220 -744720649 764431495
10-39-48-786 68915564 -105813186 -721391854 770515296
10-39-48-803 28381041 -119470702 -696351197 809643254
10-39-48-808 36059359 -125209904 -686253180 801087858
10-39-48-814 10173091 -115606526 -691905264 826401382
10-39-48-836 -18864030 -143861784 -634206599 837684581
10-39-48-878 -13808946 -170424912 -617219196 848245697
10-39-48-903 -27648725 -161547206 -598278842 876482224
10-39-48-915 -62376819 -186870469 -570769034 884981182
10-39-48-938 -82204928 -189682720 -545259918 898075985
10-39-48-946 -208037973 -228547431 -359503976 956142630
10-39-48-953 -226045209 -255592270 -322713101 979014686
10-39-49-032 -226945197 -247818078 -267355571 967310202
10-39-49-063 -290013819 -286531991 -147794271 991838233
10-39-49-075 -303087653 -292881744 -124895522 991494054
10-39-49-091 -297694817 -284091383 -88055069 972439630
10-39-49-099 -366567553 -382284690 98243956 926971383
10-39-49-106 -388849730 -407934206 110803033 902589557
10-39-49-119 -392852006 -397833177 138699462 913215123
10-39-49-132 -379927941 -421967850 154837414 889010365
10-39-49-138 -380332378 -423761195 159316299 887222172
10-39-49-172 -380003097 -424381689 144307326 886737866
10-39-49-178 -391609664 -421622874 132834182 908901712
10-39-49-188 -388212295 -402369244 140437003 912861274
10-39-49-218 -367233041 -399211389 112272512 900877665
10-39-49-234 -348834141 -383546486 84193836 919747922
10-39-49-240 -357566069 -393269042 49552052 943694912
10-39-49-265 -331582143 -368845477 30059315 934420095
10-39-49-288 -299757102 -359510829 -37128169 955364272
10-39-49-295 -304925675 -333951022 -45592494 977835353
10-39-49-327 -292999981 -341993836 -88684795 965942610
10-39-49-334 -256316288 -299887797 -171375341 990762774
10-39-49-340 -227158803 -308823278 -183207151 991162103
10-39-49-364 -214787363 -284278442 -212084890 990413723
10-39-49-385 -177218090 -264720497 -297123069 981369025
10-39-49-410 -164261440 -275661872 -340223462 976867919
10-39-49-429 -168083275 -269156669 -348380926 955332129
10-39-49-437 -114138897 -233722823 -418825523 937100675
10-39-49-445 -117826078 -228823694 -458363267 946195535
10-39-49-462 -105013299 -239455894 -463012544 921967307
10-39-49-481 -64610416 -222428621 -500533633 925094235
10-39-49-487 -71201516 -195907601 -517523501 901799017
10-39-49-510 -44553017 -203174293 -533657098 911826453
10-39-49-532 -14406572 -163341143 -595264935 889652984
10-39-49-537 -20994763 -173502173 -608927357 865151216
10-39-49-560 5654462 -149854171 -621732580 874335324
10-39-49-581 14951776 -131717589 -660407266 831980423
10-39-49-587 40812070 -129208391 -673756313 821634268
10-39-49-614 51206511 -129555151 -670660532 826866615
10-39-49-620 86638472 -156594499 -722530289 792336641
10-39-49-628 79333181 -143146029 -729636467 767521722
10-39-49-664 103078138 -145893317 -716951002 779100991
10-39-49-673 108246235 -170271757 -715227952 778523328
10-39-49-680 105166869 -173637645 -726942389 766113947
10-39-49-707 83451386 -160595516 -702887133 789397043
10-39-49-715 75150012 -191145183 -669194685 801158517
10-39-49-732 47167067 -179762923 -654174361 829732894
10-39-49-757 51482845 -202334838 -637477603 842355544
10-39-49-769 7001340 -219606452 -592668342 866422050
10-39-49-787 -9822685 -223820981 -551303320 880999898
10-39-49-815 -27565622 -226054526 -541392437 912716622
10-39-49-826 -82296479 -212808915 -456748379 935717883
10-39-49-836 -99326208 -216596142 -411608944 962662796
10-39-49-872 -115690201 -239364992 -383350593 954305596
10-39-49-892 -146803191 -254025362 -342120700 967701646
10-39-49-908 -162380422 -259202632 -294703860 990371226
10-39-49-924 -177728798 -244980990 -262422797 996186797
10-39-49-935 -236716351 -274377531 -189972358 987325784
10-39-49-946 -231651410 -285605970 -148696834 985594171
10-39-49-966 -259418073 -283341317 -142633074 982162015
10-39-49-975 -289998752 -338167764 -59250151 968897272
10-39-49-983 -282611561 -327277931 -51284900 965393428
10-39-50-003 -307434601 -330669511 -9205301 979311826
10-39-50-027 -325551418 -356195004 56182628 952378969
10-39-50-037 -312735095 -360526727 72865325 948458685
10-39-50-056 -315160183 -348239363 86300143 961699628
10-39-50-066 -337848030 -372429224 95831194 937467499
10-39-50-073 -339304486 -373177699 99355079 936298853
10-39-50-106 -340198763 -373459010 99447749 935920034
10-39-50-114 -338354532 -371651570 81265888 939170272
10-39-50-119 -335901019 -370158502 86787336 958453858
10-39-50-146 -315782510 -351178283 73619886 961508464
10-39-50-167 -300327080 -357950755 8587709 955619352
10-39-50-185 -310345792 -353747192 6521650 976312172
10-39-50-206 -302706142 -332691423 -13836722 979967610
10-39-50-216 -276192161 -316885122 -83680037 972304384
10-39-50-224 -249538167 -310573010 -125773340 991126077
10-39-50-241 -256191377 -321327737 -151705823 992263304
10-39-50-255 -217846519 -310118425 -205714791 991793642
10-39-50-261 -223290071 -304767440 -216494864 990165901
10-39-50-291 -194740698 -282458116 -243875488 970968867
10-39-50-311 -174973692 -266634392 -341343454 975448739
10-39-50-320 -145127717 -263374198 -351326627 952219567
10-39-50-347 -131250374 -260973797 -377682768 961757562
10-39-50-356 -103230919 -271022850 -451490571 919741249
10-39-50-367 -87677398 -251226756 -490714155 927467900
10-39-50-389 -72230722 -247992674 -511530686 901737778
10-39-50-412 -12559048 -232983796 -547457225 893692505
10-39-50-423 -18192099 -239943465 -578556915 870638447
10-39-50-440 7521595 -211404646 -591960724 864889416
10-39-50-449 13755029 -181372599 -613886895 861509846
10-39-50-461 39045242 -192529124 -642696276 836813364
10-39-50-488 31401061 -188175789 -654644252 845188560
10-39-50-494 71243770 -172323482 -688253143 803395747
10-39-50-509 58739971 -149990445 -680564770 813293883
10-39-50-534 62095120 -146577838 -704864677 807366972
10-39-50-613 88176565 -150054956 -699967641 795343060
10-39-50-625 90013301 -170297406 -699970541 794473313
10-39-50-636 90348606 -174677031 -697708466 795694383
10-39-50-649 86803670 -185559319 -686828396 786507742
10-39-50-659 51224486 -197605033 -634405242 841951552
10-39-50-666 39821702 -220695656 -620207636 834745085
10-39-50-679 10488643 -210727384 -621690388 861370338
10-39-50-694 -16227582 -253662884 -551758478 889978409
10-39-50-700 -31802870 -248012258 -531963000 881779528
10-39-50-728 -47777237 -276160684 -528053373 906592493
10-39-50-745 -99248088 -307353973 -459378876 928845169
10-39-50-752 -134923194 -296587147 -416493986 920018337
10-39-50-781 -154971704 -298945934 -404902397 945443993
10-39-50-795 -194994792 -301018267 -295465266 951256995
10-39-50-807 -210808490 -322785046 -266074957 954863128
10-39-50-844 -241420734 -314118155 -254990778 973115929
10-39-50-853 -260428313 -328175605 -169054305 976837100
10-39-50-863 -288104898 -341827939 -135436029 979592040
10-39-50-882 -280989402 -339254832 -103176927 981081637
10-39-50-894 -320674328 -352456887 -33687044 973492146
10-39-50-909 -310805030 -349169079 -19986099 949796814
10-39-50-934 -317866048 -364951013 6582037 958483928
10-39-50-942 -354165540 -410209965 14109032 939851104
10-39-50-952 -359175385 -410657727 40915663 920730465
10-39-50-973 -345295277 -408508001 31950979 920191491
10-39-51-006 -346022525 -384864956 51967168 922563847
10-39-51-022 -344979400 -382164649 31272694 940998589
10-39-51-045 -360035253 -380171765 40788558 942815543
10-39-51-055 -334971091 -392870257 7458100 931448817
10-39-51-067 -330776844 -390782689 -22850908 933754027
10-39-51-084 -342517770 -388054241 -37278776 936448198
10-39-51-095 -322096665 -375445384 -85687010 962389295
10-39-51-110 -296989157 -370157095 -103341490 948762875
10-39-51-133 -304946088 -347400278 -121832098 951768846
10-39-51-145 -275819548 -343372129 -163730439 975915627
10-39-51-155 -248766829 -335718697 -184193370 977372992
10-39-51-182 -255175635 -311372710 -221903935 978248401
10-39-51-193 -223426065 -307293935 -287001568 976079268
10-39-51-202 -195787229 -284158666 -308712780 973916824
10-39-51-226 -201602318 -277958908 -313472074 954478037
10-39-51-236 -149907564 -261396621 -393129944 959361044
10-39-51-245 -153922774 -273199203 -396738639 937599042
10-39-51-267 -141043808 -251284109 -416363406 932475373
10-39-51-276 -104224096 -230140042 -486864871 916678043
10-39-51-288 -76907105 -236566649 -503512778 928325397
10-39-51-315 -84066194 -225178454 -503079805 922940218
10-39-51-335 -58006656 -176513194 -549968858 887450371
10-39-51-348 -32467476 -167611848 -565337898 896797270
10-39-51-369 -40345249 -159638283 -579848831 872346417
10-39-51-383 -23352804 -145028169 -625284657 872656835
10-39-51-401 1701435 -154773026 -639275806 863927907
10-39-51-425 -7224610 -131201376 -636329754 838032718
10-39-51-436 33726575 -114930969 -694293827 824397046
10-39-51-447 25676173 -111946421 -707345190 813512768
10-39-51-470 51405771 -110312994 -702273420 786301926
10-39-51-479 72609093 -113047958 -741450716 763995503
10-39-51-486 59953716 -116357163 -744117329 777542402
10-39-51-507 62199644 -137621784 -743980414 776757367
10-39-51-524 72620040 -156143363 -728404936 788549918
10-39-51-535 49689884 -145452281 -702684236 795982978
10-39-51-557 58623187 -168507533 -708846275 787962253
10-39-51-573 13988957 -177126546 -651185517 817809151
10-39-51-582 20309020 -204807649 -634605589 845301609
10-39-51-608 -7790960 -199282001 -616447808 856205871
10-39-51-619 -51420746 -231014775 -550933054 891481950
10-39-51-639 -69256500 -256224564 -542060068 887026445
10-39-51-671 -88282010 -246690127 -497381878 899558030
10-39-51-684 -133681768 -262081226 -401016094 934872289
10-39-51-695 -170849917 -267669417 -366054216 961028472
10-39-51-716 -190383177 -289422849 -330580551 952379593
10-39-51-726 -227457301 -282806316 -216937363 970177542
10-39-51-736 -243972024 -302503717 -177930448 990011927
10-39-51-762 -275854317 -307252910 -158697565 990567872
10-39-51-771 -284203424 -320795107 -101386129 969415174
10-39-51-780 -294781023 -312539292 -61682609 965271197
10-39-51-804 -321876799 -339196137 -58272092 976834196
10-39-51-819 -333201606 -350700851 -8338992 958605291
10-39-51-828 -357575235 -374537719 23038600 936268519
10-39-51-862 -346962501 -363509972 36589707 931368915
10-39-51-879 -372154467 -388769087 47442480 940236064
10-39-51-887 -372561657 -388757835 68301949 939776955
10-39-51-919 -372320554 -387852504 69361941 940264805
10-39-51-925 -351625075 -365611203 54164201 944839793
10-39-51-932 -349227379 -363597604 26788264 946984017
10-39-51-948 -346252540 -361429142 14076337 932625010
10-39-51-972 -331967370 -372232192 -33988011 957074857
10-39-51-983 -342036842 -369710537 -52167828 959833904
10-39-52-005 -317621498 -349302445 -70816134 962863015
10-39-52-014 -307597773 -333103240 -114552127 954955514
10-39-52-022 -281032012 -343320612 -153289094 974028206
10-39-52-048 -287547934 -336394095 -175870050 975776158
10-39-52-060 -255949214 -299267367 -229873919 976349070
10-39-52-078 -228095465 -309246885 -270670536 975104594
10-39-52-103 -217008488 -302094990 -277615871 973353189
10-39-52-119 -194947876 -287964695 -341096683 950727030
10-39-52-130 -183659517 -264884261 -347548579 963421223
10-39-52-151 -188529403 -276125724 -387046537 958629037
10-39-52-162 -151232448 -258039663 -434415586 942245746
10-39-52-173 -139382461 -232647482 -471090467 919931638
10-39-52-206 -111184027 -239478516 -490212647 931081966
10-39-52-217 -79110333 -206723693 -543005715 913072893
10-39-52-227 -85300433 -179137726 -558991210 906666771
10-39-52-254 -75033280 -185759366 -574409952 883245359
10-39-52-263 -25784257 -145240370 -622027580 874606207
10-39-52-273 -13926014 -157079768 -638439356 847271580
10-39-52-294 -18022083 -154137877 -654511195 836118643
10-39-52-306 37042277 -153927147 -695426132 803074189
10-39-52-317 31121602 -153839518 -705537245 810840299
10-39-52-353 56364632 -152714204 -696500642 787004458
10-39-52-368 48745790 -153126838 -703155043 780461415
10-39-52-399 48205268 -156628263 -700086166 782661770
10-39-52-432 45744228 -144197522 -711407609 786850935
10-39-52-447 40865206 -172474482 -664808947 827720237
10-39-52-460 12871801 -159484080 -650685886 821736485
10-39-52-470 17080363 -164286776 -634880168 833195003
10-39-52-476 -39625961 -205300312 -595320685 867547348
10-39-52-482 -53577989 -199145454 -573559148 895490059
10-39-52-493 -68447870 -226081973 -533364095 906600246
10-39-52-499 -102341401 -241206955 -480914277 929524761
10-39-52-508 -121174264 -228841202 -451771424 941006411
10-39-52-538 -140500878 -231984311 -437772274 935357137
10-39-52-570 -179838136 -256759411 -337362589 979916529
10-39-52-578 -195776904 -245013398 -302465213 969633811
10-39-52-592 -210408058 -250665933 -250422698 991467545
10-39-52-598 -249807676 -267234788 -147356569 981926252
10-39-52-606 -260966783 -292061128 -117103173 997628748
10-39-52-630 -287979431 -284866472 -105838215 995085251
10-39-52-647 -299108659 -315980685 -16093492 964768999
10-39-52-654 -324522972 -341155103 4802570 976136097
10-39-52-678 -315805179 -332029547 23328484 954016718
10-39-52-692 -352929987 -350494692 49203277 938630656
10-39-52-698 -358418212 -371365288 59511516 934377181
10-39-52-734 -346412354 -373764300 85218335 947702899
10-39-52-750 -371168361 -372986418 81077763 943817337
10-39-52-759 -371647480 -371497819 78700684 944409704
10-39-52-777 -371427690 -369801874 90118494 945659843
10-39-52-793 -350428478 -347169803 42424263 935158162
10-39-52-798 -347669023 -344938050 28428999 937676279
10-39-52-833 -344144556 -359062744 13278145 957255969
10-39-52-850 -328388763 -332306678 -37939560 949766501
10-39-52-859 -338405830 -327804134 -56914514 952972884
10-39-52-875 -314326906 -339687169 -60140366 955944873
10-39-52-895 -298167537 -311872340 -120528866 977753599
10-39-52-901 -306352587 -323037379 -126941033 979386532
10-39-52-925 -280621816 -300802049 -167811532 980244765
10-39-52-944 -250998293 -304875280 -226913925 977496130
10-39-52-952 -256965464 -283939550 -269281842 975115678
10-39-52-974 -229177752 -278904338 -277889789 955487046
10-39-52-985 -196110085 -275213898 -351067929 961500956
10-39-53-004 -201573315 -250620205 -391245893 956957560
10-39-53-042 -190117643 -259945126 -397513412 934870705
10-39-53-050 -151829522 -229201534 -467460294 929332895
10-39-53-057 -137231436 -241850178 -507102576 903747045
10-39-53-074 -123089786 -235339650 -528394896 912200882
10-39-53-080 -87560909 -206510298 -570269834 870205599
10-39-53-087 -60288131 -180348945 -605983961 877266546
10-39-53-119 -49643984 -189820059 -624722284 849724312
10-39-53-136 -10196436 -166234022 -678905022 828768555
10-39-53-144 5396778 -167153725 -695375267 798364957
10-39-53-167 20249765 -167010132 -709616158 786034887
10-39-53-188 31555097 -161824134 -739720336 775735501
10-39-53-197 53294788 -161040944 -745653775 753227641
10-39-53-217 57252881 -161913540 -732797786 748942791
10-39-53-242 45087453 -184896419 -735531406 761534006
10-39-53-255 44961926 -189227434 -734164250 761834942
10-39-53-285 42724132 -177609768 -730860856 747218766
10-39-53-293 41669163 -193665545 -726295820 764487888
10-39-53-300 15060573 -198079242 -698859054 790120708
10-39-53-317 20374176 -219239508 -686569394 783379897
10-39-53-333 -38111471 -236067841 -656242767 817234026
10-39-53-344 -54152107 -227369543 -619722592 846101613
10-39-53-385 -70948325 -253478350 -597835824 858271818
10-39-53-392 -125182118 -265461471 -538284872 893724935
10-39-53-400 -127634518 -286585522 -508934181 906430196
10-39-53-417 -149122865 -286158469 -476295764 903557150
10-39-53-429 -237264004 -248692856 -348346518 959785212
10-39-53-440 -258602078 -243799371 -311999836 951502455
10-39-53-469 -260718860 -259267677 -277427005 974245720
10-39-53-479 -322301243 -272847714 -177655344 980993546
10-39-53-496 -317716209 -264109325 -145328367 980358820
10-39-53-521 -328701449 -290864813 -114964606 977987199
10-39-53-530 -372618212 -313100068 -56594721 962577320
10-39-53-537 -362514044 -343728370 -35274357 939396652
10-39-53-555 -368665994 -356471373 3216931 932800276
10-39-53-574 -384540630 -377376652 46804247 916443221
10-39-53-580 -405316324 -363277272 61548133 929462877
10-39-53-606 -408152214 -365150320 89480613 926501617
10-39-53-619 -411015725 -367325513 103805003 922854164
10-39-53-624 -394613948 -367508339 107773236 905423909
10-39-53-661 -410967100 -366944941 92681058 905628905
10-39-53-671 -405321483 -377238558 80668197 928742010
10-39-53-680 -385375973 -373705492 87414270 915602302
10-39-53-706 -381567250 -369682728 75057861 919813314
10-39-53-722 -365638631 -357061080 10983657 933291181
10-39-53-730 -375286334 -335331428 -6949522 938154467
10-39-53-754 -350393049 -329496335 -8982941 959881613
10-39-53-767 -339593984 -319246908 -87373921 975852239
10-39-53-788 -313219700 -307007239 -93184489 980719323
10-39-53-813 -320189278 -277426920 -117338879 968134339
10-39-53-828 -289193823 -258228695 -199815698 990210531
10-39-53-840 -260941407 -231563443 -229892636 972358457
10-39-53-859 -249037421 -239121396 -260245214 969972163
10-39-53-871 -225621317 -198657651 -349564517 973484362
10-39-53-881 -194429017 -208273456 -378377205 950255428
10-39-53-909 -179897459 -183904473 -423537406 959859847
10-39-53-922 -151804868 -175417974 -507073293 915539072
10-39-53-932 -136436861 -150184293 -515962829 905019349
10-39-53-954 -121092971 -158833248 -556716112 911222347
10-39-53-968 -64403486 -116573860 -597394861 865372432
10-39-53-980 -71562533 -121134852 -613364540 873380226
10-39-54-009 -47465769 -107211676 -645177864 847866554
10-39-54-020 -52775513 -66835743 -673105445 846402366
10-39-54-031 -28971208 -60197400 -669819924 819700061
10-39-54-050 -36570803 -74690741 -683078467 826119967
10-39-54-077 -2917330 -65339300 -714670638 781846406
10-39-54-104 21208125 -84060912 -719943544 793482108
10-39-54-119 25063674 -84261822 -739146899 791146100
10-39-54-128 18337450 -83956838 -713465930 782560333
10-39-54-143 -4378124 -84907673 -722071611 806585677
10-39-54-160 4909990 -86550412 -711397775 799013708
10-39-54-173 -39089799 -79176508 -652420367 832039789
10-39-54-184 -31754765 -100797419 -636346275 860190780
10-39-54-203 -58268076 -106472463 -619634434 854551243
10-39-54-214 -88960213 -113326183 -563822054 887077171
10-39-54-228 -82935925 -139680310 -558554718 898275799
10-39-54-256 -94610621 -131779931 -518591970 926074171
10-39-54-265 -152052218 -171972925 -459502718 956295774
10-39-54-273 -148931487 -163749969 -416865691 964442539
10-39-54-290 -162291659 -190472066 -407736178 954617557
10-39-54-307 -200469169 -225454553 -324346401 970469633
10-39-54-313 -213530142 -237746787 -277424681 990691000
10-39-54-336 -242960330 -234088395 -247344051 992898909
10-39-54-353 -250167523 -261556546 -206234644 993024927
10-39-54-363 -261101706 -292368757 -162347981 991161502
10-39-54-391 -288379430 -305717333 -152561661 971790066
10-39-54-411 -320696151 -315954498 -69951761 978703089
10-39-54-423 -314044937 -338596946 -26066192 974639654
10-39-54-445 -340050805 -328044897 -18237766 953171548
10-39-54-461 -360161826 -370393190 51360933 935690405
10-39-54-474 -347533438 -363454526 45762932 946576907
10-39-54-505 -351161989 -388414170 71756889 941412185
10-39-54-512 -375392867 -379982724 91912603 916806450
10-39-54-519 -375705724 -378248197 77030984 917084725
10-39-54-536 -375264789 -391898893 75688302 918666337
10-39-54-544 -369465983 -363154601 68621284 944451825
10-39-54-555 -349472750 -375816220 55381609 931240267
10-39-54-582 -345363945 -371805875 40258637 935076336
10-39-54-591 -343414499 -359969246 -13422529 963423418
10-39-54-601 -318377709 -354906011 -33435373 950796317
10-39-54-633 -326171946 -331583590 -71239077 954903142
10-39-54-646 -279691642 -321722435 -140229208 966331074
10-39-54-658 -285589373 -294548964 -147802981 969115851
10-39-54-688 -274126726 -283547128 -189240242 971362556
10-39-54-701 -235689672 -270002611 -249885298 972329557
10-39-54-712 -221407477 -244640311 -293048640 970593143
10-39-54-740 -206601799 -253216883 -319581292 967782837
10-39-54-753 -175727138 -236522948 -372491076 976092872
10-39-54-759 -143033087 -210763259 -381810121 953859252
10-39-54-774 -127183408 -218581286 -424385438 964314585
10-39-54-781 -78568396 -179057355 -481734494 922713354
10-39-54-804 -63191174 -186910790 -502676565 914563493
10-39-54-826 -49920350 -175279600 -538298442 923754226
10-39-54-842 -41576829 -136060453 -589855789 883019918
10-39-54-852 -35120407 -110168336 -606298655 890507747
10-39-54-875 -11354472 -122107696 -622676057 880158664
10-39-54-894 21264636 -113638736 -654070495 843636489
10-39-54-903 16678449 -117090429 -669029730 814180811
10-39-54-930 27054177 -134763663 -683230528 801987195
10-39-54-939 48099330 -114473302 -719117831 769585542
10-39-54-946 71538440 -116029436 -744837847 777412048
10-39-54-970 61311853 -135833586 -734484018 753396443
10-39-54-990 87000269 -126481505 -755044745 747618448
10-39-54-998 84839334 -128683095 -735132739 750509541
10-39-55-019 65362068 -132151265 -730494638 754715681
10-39-55-035 73421058 -149553749 -726080546 788709666
10-39-55-043 69837966 -172479490 -700493504 795676254
10-39-55-066 48560691 -161046722 -707949521 786338662
10-39-55-084 26615017 -187471038 -673991867 813919374
10-39-55-099 34214901 -191687786 -659859809 841125471
10-39-55-121 24370840 -179955384 -643862403 835626682
10-39-55-134 -18520518 -202386597 -605938868 878216889
10-39-55-151 -36030522 -184129221 -566983743 892889012
10-39-55-181 -56575725 -180907049 -559005408 908090168
10-39-55-192 -122512841 -181518630 -477142044 946967093
10-39-55-200 -126400054 -206346445 -431987275 939462943
10-39-55-218 -146294002 -218618868 -420139809 963312343
10-39-55-226 -219494832 -270495102 -312957833 974480658
10-39-55-235 -238567866 -265605577 -277723573 977728991
10-39-55-265 -259023095 -289712420 -252762337 965102357
10-39-55-284 -299886316 -304078456 -95768534 968762493
10-39-55-290 -316091281 -306776426 -47288629 966392405
10-39-55-328 -330694648 -309679947 -19017256 978674703
10-39-55-334 -370237423 -318003535 70785697 960176107
10-39-55-347 -373612715 -331088046 74211576 937427495
10-39-55-366 -377150405 -344083955 72572455 931609432
10-39-55-370 -387307110 -365941206 56812717 920430250
10-39-55-375 -390586931 -366329231 52639900 919288713
10-39-55-406 -393672949 -364844641 32311165 918783966
10-39-55-419 -384934481 -376594375 38745941 917943143
10-39-55-425 -403807525 -376966007 34118373 917177875
10-39-55-454 -405821718 -362011616 12054507 915815724
10-39-55-514 -409822406 -386393617 -222019 928156499
10-39-55-523 -395461622 -391331523 -6501608 925329488
10-39-55-535 -398311768 -379582205 4611318 905266995
10-39-55-557 -411351126 -396610112 -9475389 908957462
10-39-55-566 -445242271 -454983521 -27544379 872902424
10-39-55-573 -452675135 -447920259 -29661700 847256049
10-39-55-604 -476475954 -474909502 -31481248 838083681
10-39-55-612 -494768739 -507072072 -33426985 826377399
10-39-55-626 -483404075 -501041730 -32942228 800072542
10-39-55-652 -505276332 -511761928 -32317570 806996730
10-39-55-657 -502408674 -560898627 -29959060 776858542
10-39-55-672 -523387368 -571033349 -28739125 750282630
10-39-55-706 -527492128 -563432802 -27407822 757602836
10-39-55-725 -539089106 -586044620 -39891766 715483692
10-39-55-739 -542854553 -608585176 -38823255 724976457
10-39-55-770 -529629466 -596810129 -38298069 701395287
10-39-55-778 -556467709 -623749756 -40924414 685105090
10-39-55-787 -559225206 -624780763 -25789248 682077131
10-39-55-804 -561528428 -624493798 -27927450 680454073
10-39-55-810 -549938188 -600720351 -53031523 682125983
10-39-55-817 -551270985 -596768472 -56507525 684162030
10-39-55-851 -552490008 -609542630 -43848113 686336629
10-39-55-862 -571032842 -584949096 -70959463 707597300
10-39-55-868 -571652345 -581297223 -60518758 709559024
10-39-55-898 -572165346 -594755400 -84190014 711293177
10-39-55-921 -573041983 -569091392 -108121696 698197417
10-39-55-932 -573213211 -566558259 -100288900 698951583
10-39-55-954 -573452452 -564321178 -109528056 699230265
10-39-55-960 -574220177 -575976113 -156049432 697367756
10-39-55-966 -574810360 -574789444 -149699188 712502356
10-39-56-058 -575748163 -573919536 -160205639 710248582
10-39-56-094 -563559060 -572593576 -209683609 682674725
10-39-56-103 -565694620 -572565661 -220187130 694653370
10-39-56-117 -568159683 -572877424 -213767779 689368555
10-39-56-124 -605369562 -551576979 -322014099 639705614
10-39-56-129 -607887253 -547808787 -317709754 617633342
10-39-56-142 -610595064 -560143599 -330325713 612485679
10-39-56-159 -602998874 -543685202 -367449266 596950510
10-39-56-165 -622772548 -538140815 -379641100 608122217
10-39-56-189 -625752726 -515936263 -408611130 585241273
10-39-56-216 -616593483 -502296459 -428222132 563964672
10-39-56-225 -618763127 -498346506 -456807782 572823058
10-39-56-245 -637821796 -511439730 -451198782 547989702
10-39-56-253 -642474891 -505373915 -488284326 531357940
10-39-56-259 -644800259 -486087082 -480722558 539620242
10-39-56-284 -630530692 -483850293 -506019912 514287769
10-39-56-358 -654787006 -479527536 -511943623 503897299
10-39-56-374 -657134240 -478778136 -519035698 494289404
10-39-56-391 -659368610 -478510176 -542809241 467371361
