10-42-01-347 816655884 197123082 337372674 -546502377
10-42-01-371 816458934 197042597 337712571 -546729847
10-42-01-380 815762421 196583842 338150182 -547558998
10-42-01-442 815655593 196471450 338252229 -547676971
10-42-01-447 815395008 196189131 338443610 -548064432
10-42-01-456 815419017 196234669 338511613 -548158641
10-42-01-462 815317487 196223385 338578696 -548111118
10-42-01-472 815246890 196168067 338547823 -548284037
10-42-01-506 815245534 196058841 338468021 -548352054
10-42-01-539 815250300 196000628 338360641 -548434094
10-42-01-549 815266253 195962321 338013720 -548598361
10-42-01-558 815262900 195970977 337996376 -548650900
10-42-01-564 815259334 195980290 337827717 -548716410
10-42-01-622 815542096 195895570 337124686 -548958587
10-42-01-702 815680258 195847887 336693946 -548925673
10-42-01-708 815822760 195727016 336427685 -548999579
10-42-01-713 816025209 195673986 335878072 -548950790
10-42-01-729 816810675 195446748 317096802 -548988688
10-42-01-734 817712916 194703153 314995546 -549293337
10-42-01-743 817776080 194560799 314679435 -549468452
10-42-01-772 817840414 194451895 314426376 -549590891
10-42-01-805 818028507 194031862 313759757 -549776548
10-42-01-814 818157798 193830769 313420702 -549900642
10-42-01-828 818299889 193632318 312931725 -550014705
10-42-01-919 818738436 193062411 311597714 -550331014
10-42-01-937 818969622 209643077 311246077 -550403228
10-42-01-946 819059607 209437228 310846175 -550417970
10-42-01-952 819428093 209074775 326822393 -550557802
10-42-01-978 820639298 207991398 325650346 -549801473
10-42-02-003 820778122 208013101 325598219 -549737041
10-42-02-015 820767052 207953447 325536089 -549648015
10-42-02-027 820834405 207713445 325329977 -549758304
10-42-02-032 820815203 207623652 325239191 -549836010
10-42-02-037 820841932 207470274 325324599 -549981827
10-42-02-118 820652601 207282141 325581328 -550085486
10-42-02-146 820506002 207312609 325860412 -550094999
10-42-02-153 820423161 207302573 326041390 -550079046
10-42-02-161 820324110 207204906 326634739 -550028817
10-42-02-173 819881535 206998355 310936819 -550098946
10-42-02-177 819789776 206961501 311176002 -550148634
10-42-02-185 819631614 206982153 311327695 -550215759
10-42-02-258 819414548 206856363 311758059 -550435812
10-42-02-312 819250329 206841635 311903766 -550569657
10-42-02-327 819221464 206753654 312027159 -550647764
10-42-02-333 819143052 206705970 311968485 -550844442
10-42-02-353 819222680 206160188 311322346 -551222923
10-42-02-363 819548360 205646091 311206562 -550950828
10-42-02-367 819587527 205678677 311187901 -550919838
10-42-02-400 819709006 205656001 311066380 -550751327
10-42-02-481 820117023 205497713 310604581 -550506297
10-42-02-489 820336227 205526625 310369399 -550386901
10-42-02-498 820474012 205446095 327017819 -550259213
10-42-02-547 821184707 205379784 326356493 -549594376
10-42-02-618 821317999 205384643 326265537 -549482197
10-42-02-625 821436187 205474960 326091969 -549291222
10-42-02-635 821765861 205504051 325932772 -548951381
10-42-02-667 821958578 206041401 325587066 -548594876
10-42-02-674 821912770 206133278 325493651 -548736934
10-42-02-680 821789709 206100958 325543588 -548821928
10-42-02-720 821639768 206153255 325442813 -549152435
10-42-02-727 821488404 206160284 325425833 -549225514
10-42-02-735 821409095 206146936 325385544 -549375424
10-42-02-799 821255314 206137655 325228061 -549830790
10-42-02-817 821186273 206040963 325171806 -550046393
10-42-02-847 821116233 206073947 325119533 -550196675
10-42-02-853 820953136 205981126 324925875 -550428598
10-42-02-864 820911444 205730611 324193111 -551183001
10-42-02-889 820920353 205677083 324024188 -551262036
10-42-02-902 821099700 205028691 320064491 -553467419
10-42-02-908 821100090 204853960 319030206 -570853963
10-42-02-945 821039117 204927179 301166357 -571642378
10-42-02-960 818512166 206740809 295340220 -577981523
10-42-02-968 816387474 208291957 308218401 -566015763
10-42-02-988 830199276 194186276 302302357 -589249619
10-42-03-006 822225736 224802231 257990938 -599780811
10-42-03-012 804424790 211016480 212546411 -628276952
10-42-03-038 803797342 212442592 179060381 -640178071
10-42-03-056 813640215 235519758 88256047 -653984414
10-42-03-067 808569249 242434387 54130936 -678078533
10-42-03-086 785579215 252268357 22081250 -667015900
10-42-03-109 776393293 282415612 -73256988 -693036828
10-42-03-118 749041133 319044497 -77417282 -694095195
10-42-03-136 737225997 339716315 -97049504 -694663993
10-42-03-161 712061513 383209267 -171402413 -679714898
10-42-03-172 695779376 401862911 -189902855 -680760332
10-42-03-192 678358848 436744752 -208009072 -682163228
10-42-03-204 601662246 467139190 -243655722 -707260038
10-42-03-219 579273035 479638626 -261165322 -711809799
10-42-03-236 572418487 506849446 -278597873 -700510732
10-42-03-243 522272000 521904706 -313596173 -713722065
10-42-03-257 479937405 526394999 -330802374 -720884535
10-42-03-284 471064562 511914087 -348569443 -744749093
10-42-03-296 380302363 522755365 -425202495 -761826245
10-42-03-310 373285430 503234352 -428849451 -747755774
10-42-03-337 333582715 502114836 -449149689 -747846143
10-42-03-344 281945328 484671140 -524482779 -761470788
10-42-03-352 262709987 481134370 -541183505 -759602288
10-42-03-377 254786632 481336582 -534666113 -761149012
10-42-03-393 202854788 483691944 -556720286 -754848670
10-42-03-399 183965716 485379300 -536862986 -773243444
10-42-03-427 202667826 509287555 -530406030 -772628787
10-42-03-441 214578934 512499104 -520334341 -752125325
10-42-03-446 236628319 517268757 -495946749 -752169005
10-42-03-476 236772363 537320448 -508571590 -752560299
10-42-03-482 200149280 528175029 -496127660 -778891143
10-42-03-494 193785747 522453665 -511438279 -768706294
10-42-03-526 207344050 501439226 -505750403 -792937993
10-42-03-533 196584770 497508158 -451378550 -799564100
10-42-03-559 199504032 499166541 -433838088 -824033909
10-42-03-578 218317213 501734650 -414014566 -815530192
10-42-03-590 194016045 500434326 -354202198 -852781293
10-42-03-602 205197438 494920081 -321836475 -869397964
10-42-03-631 183901009 506707878 -285577100 -885264477
10-42-03-646 181528337 484892964 -184302374 -926661193
10-42-03-656 183798415 483869234 -155736151 -918001440
10-42-03-680 203083235 482673384 -95325136 -940418812
10-42-03-695 180969392 491610412 12091091 -933501858
10-42-03-701 191832625 468204544 68666861 -936050552
10-42-03-718 166638263 476827149 105878229 -938405962
10-42-03-735 130534297 431673531 195553186 -957480463
10-42-03-745 136900488 418034731 230238216 -957004362
10-42-03-771 111090115 401432752 263152462 -956623675
10-42-03-787 100022017 334812144 373352166 -936043544
10-42-03-796 99100493 326796319 383696239 -933929139
10-42-03-823 119025479 303024852 425083740 -947538332
10-42-03-840 109602652 240154670 494416367 -930466189
10-42-03-850 111861650 225334438 501133519 -904101585
10-42-03-879 113221938 203023942 580025590 -876187132
10-42-03-891 109741033 205208856 624113612 -856645786
10-42-03-898 120615333 194367649 634374773 -818339240
10-42-03-934 76280588 215322533 704111269 -772140450
10-42-03-946 84552247 217390865 720085957 -757027475
10-42-03-959 86340326 212103387 738763312 -756515206
10-42-03-976 104486550 218085608 728949670 -750300486
10-42-03-984 105596022 212964374 727807993 -747899210
10-42-03-991 108269857 226718200 722368740 -748393223
10-42-04-072 118954219 269442302 691848526 -766437838
10-42-04-093 123142835 285723738 672415431 -793977805
10-42-04-106 109539605 305366735 634424844 -787165922
10-42-04-132 140650108 328200037 579424234 -828401939
10-42-04-139 167764376 445317452 372753681 -895542708
10-42-04-149 172890854 465778486 338189865 -897570985
10-42-04-177 161774922 485494717 285010167 -881843423
10-42-04-187 180017094 532788844 166865048 -882240578
10-42-04-197 203444878 545420755 140751556 -897544454
10-42-04-218 193347965 573802374 79824429 -894337823
10-42-04-228 214010046 606712255 -52937447 -854548439
10-42-04-237 238961130 600587889 -78051654 -858619160
10-42-04-253 233888865 625805482 -135399052 -844107524
10-42-04-310 262965287 620365687 -252029816 -783222299
10-42-04-326 286643161 618258592 -288516239 -770427970
10-42-04-359 290047002 612926482 -324214298 -776888890
10-42-04-370 254103499 547619080 -469197328 -758277311
10-42-04-399 229784090 557203919 -481387233 -758450692
10-42-04-471 238018222 534510695 -507448662 -759508879
10-42-04-483 205355697 525293961 -497784401 -766177369
10-42-04-493 183184197 521119298 -507279497 -791939845
10-42-04-513 144986597 513213946 -312862455 -864858633
10-42-04-523 142723495 516989055 -278609463 -891426905
10-42-04-532 156496044 519527883 -243738947 -884039397
10-42-04-572 138150504 513461057 -156090092 -929643751
10-42-04-583 113313058 526177340 -122087850 -920921951
10-42-04-591 121902805 524196932 -87702682 -943162026
10-42-04-653 101241633 517420318 38804400 -941864208
10-42-04-671 79648964 537150948 59933225 -921584604
10-42-04-681 91936415 537416760 97702657 -917888659
10-42-04-714 14785979 450096662 420984703 -869830574
10-42-04-733 10889205 435622430 444738911 -873868865
10-42-04-750 24728427 417963889 482691077 -861635138
10-42-04-768 20033943 378440291 551837314 -820398617
10-42-04-775 20118785 361255267 582263003 -823488813
10-42-04-782 20136723 346813763 627287463 -808419936
10-42-04-803 23603740 322079064 683639140 -747000813
10-42-04-811 9149952 303128620 722766995 -733397582
10-42-04-822 12736722 267918271 744225067 -719048128
10-42-04-870 28394362 254107016 782094700 -669400881
10-42-04-949 30031404 253793751 797655358 -650373500
10-42-04-976 27544034 257549206 829333378 -629898008
10-42-04-986 23013829 271698469 849528388 -589501045
10-42-04-996 19488312 273225457 854537510 -564600804
10-42-05-041 27933943 311682768 774089258 -666091237
10-42-05-065 31733610 342858004 736467616 -682271733
10-42-05-075 51976118 359211989 713961082 -698002879
10-42-05-097 61658729 508540774 444636413 -821719440
10-42-05-106 66010721 527180787 398681562 -833991449
10-42-05-118 86107573 528484414 350056980 -861536204
10-42-05-137 92148394 562927648 246101390 -876539487
10-42-05-147 78897560 595227377 193619894 -880087737
10-42-05-159 82723496 609131297 142659782 -880821245
10-42-05-192 122168031 641233335 20038540 -852363591
10-42-05-198 115034738 631177113 -38568942 -862488382
10-42-05-209 140441525 634321675 -62672461 -856631297
10-42-05-241 157552979 640227546 -178492853 -845303460
10-42-05-246 142662898 615080968 -214036969 -842931812
10-42-05-250 143169791 622069737 -247178221 -840942980
10-42-05-284 153396960 588440227 -331654356 -820453944
10-42-05-295 131185789 576835026 -370750015 -820397625
10-42-05-299 141365053 549111500 -389095268 -821012539
10-42-05-342 109301141 541945160 -420216454 -841726794
10-42-05-347 123066487 537268132 -423151482 -843863220
10-42-05-352 120413919 516761793 -423977883 -846234385
10-42-05-392 95090222 523222648 -397898695 -858377597
10-42-05-397 108318797 520518415 -407055782 -847396136
10-42-05-402 105083417 502353803 -379981472 -853255871
10-42-05-433 77437636 503049526 -333934067 -889927472
10-42-05-438 90654335 520863233 -313017404 -897409497
10-42-05-446 87613749 522661615 -306277602 -887854900
10-42-05-486 64837265 513960183 -224491725 -923121753
10-42-05-501 63306195 516588105 -177840035 -928063079
10-42-05-510 61696675 518782964 -147544737 -915526434
10-42-05-642 75224166 538449478 -103069914 -921888893
10-42-05-652 73837196 539935601 -72047183 -940320464
10-42-05-685 72208850 541936487 -38627982 -940708584
10-42-05-701 70636213 530293575 31601453 -919904606
10-42-05-707 4991035 483268076 474158869 -840265319
10-42-05-722 -17440369 468278377 509577242 -827891735
10-42-05-727 -11081077 408876257 638473547 -776986666
10-42-05-733 -8973827 391031683 648438695 -763350147
10-42-05-773 -23042126 374167798 690138613 -732526017
10-42-05-782 -5706529 321255994 757247460 -706723993
10-42-05-797 18322911 302972274 777354749 -692469090
10-42-05-820 8599009 287151663 796270134 -676947290
10-42-05-831 25890853 255325933 846000840 -625157835
10-42-05-929 29910112 231307647 862322955 -604716121
10-42-05-968 32937655 243048735 878210993 -565759764
10-42-05-978 52311374 241172397 906117732 -537326620
10-42-05-987 51695140 226971196 900159413 -500121321
10-42-05-997 56768941 291519598 883372799 -521202461
10-42-06-036 43236906 302072639 871074120 -519295366
10-42-06-046 46597023 297393884 873723195 -535400403
10-42-06-064 70246631 345803580 822221414 -583452841
10-42-06-076 71616980 365718361 785114252 -598684551
10-42-06-087 72967501 403203010 779717372 -614038540
10-42-06-119 62890146 447662688 679467947 -667794945
10-42-06-128 66460011 467071285 661851488 -705088709
10-42-06-135 87072585 485624331 624620611 -725782265
10-42-06-170 81412237 532694293 482680930 -769417636
10-42-06-179 102232512 545937373 453614724 -787389786
10-42-06-207 106077642 574542255 407220828 -803556807
10-42-06-217 141943535 638875188 30045768 -850007192
10-42-06-225 129081513 641043254 4049930 -848875718
10-42-06-238 132464891 640330595 -55576216 -847962616
10-42-06-264 152371875 614322811 -138612693 -863309924
10-42-06-273 151597462 622978624 -160941953 -862924090
10-42-06-279 132930965 596931745 -198210021 -862122451
10-42-06-311 138313614 588065524 -302616737 -857228059
10-42-06-329 115495904 564393490 -323804414 -838644132
10-42-06-341 109590463 573852482 -341871822 -837896009
10-42-06-364 92380105 530856791 -375073575 -861093960
10-42-06-381 103355621 539799059 -364720194 -864015350
10-42-06-394 80127652 516476451 -368059295 -850753407
10-42-06-414 64304637 520359038 -345680627 -869527785
10-42-06-436 59777093 499418953 -328112647 -895911732
10-42-06-453 72572917 495519288 -324162902 -906024876
10-42-06-466 50162324 509704249 -240084020 -915863281
10-42-06-471 68193445 495516652 -206368768 -921914086
10-42-06-499 69169181 499101751 -173046629 -942876648
10-42-06-507 68102123 524033922 -72537907 -933105164
10-42-06-514 68552325 524654668 -37724044 -934117143
10-42-06-526 69088163 524226401 -3938036 -934500335
10-42-06-563 48581065 520262865 95404004 -947062558
10-42-06-570 46268709 500961743 129282157 -943891166
10-42-06-577 45119321 497187593 163810877 -939975301
10-42-06-615 55990975 493634682 268032441 -925114293
10-42-06-622 53590161 467641308 320790157 -901315332
10-42-06-627 51361044 475193091 357160037 -909411691
10-42-06-657 28935678 458669752 414599765 -868571008
10-42-06-662 25464357 432944657 450559953 -854745291
10-42-06-678 38732997 440122317 484707992 -857115447
10-42-06-763 15715966 407169445 579435867 -810849500
10-42-06-775 14510505 392872947 623964651 -796668160
10-42-06-804 14009219 361452374 633862297 -765176429
10-42-06-814 47034075 251716287 841577673 -614226392
10-42-06-825 67516849 241806109 859525761 -609359716
10-42-06-846 69864110 235727350 875584705 -587625825
10-42-06-862 48913006 217594617 912478356 -527781884
10-42-06-869 45365957 218046727 905139599 -510792726
10-42-06-874 42149300 217260244 929572752 -480176540
10-42-06-891 43303275 235478069 918603096 -467821180
10-42-06-910 43919612 241070457 915648714 -487501756
10-42-06-915 43084155 232573293 927550175 -493056941
10-42-06-947 57011270 266271646 883281984 -525977848
10-42-06-954 57612163 279342875 870119114 -541385312
10-42-06-963 58596443 309993009 854920158 -558631930
10-42-06-999 45868568 357597692 812474382 -600857722
10-42-07-006 47161485 375732236 771092252 -638782110
10-42-07-014 48159664 377868974 761023888 -660004049
10-42-07-048 67078121 416727468 682930425 -686175468
10-42-07-057 68863781 435715460 648398391 -724567848
10-42-07-093 71152518 470393450 627790627 -746432541
10-42-07-153 63202484 502268824 481434343 -809809576
10-42-07-163 65396936 516487501 434373419 -828125780
10-42-07-184 90416487 572934866 305978380 -850186522
10-42-07-199 76262981 567851600 256682084 -874953282
10-42-07-205 119601385 625280149 -25407412 -864280040
10-42-07-212 118418934 602770276 -87038276 -866045625
10-42-07-228 98405238 608226595 -113115793 -869965271
10-42-07-235 80444664 547747245 -218128080 -881564705
10-42-07-247 88067872 534827839 -245098135 -883595178
10-42-07-288 62381271 540952857 -268114925 -884400919
10-42-07-298 56576124 501529119 -337199280 -882325670
10-42-07-306 50645774 497914440 -332540516 -897024858
10-42-07-329 29083422 495811248 -358609111 -895032083
10-42-07-346 35763145 497622413 -369885156 -889901366
10-42-07-351 14763008 499057665 -352158213 -889669120
10-42-07-379 9559931 499359712 -347451298 -891506802
10-42-07-388 -1986775 495255556 -328762136 -884621284
10-42-07-400 -7414448 509237102 -313759752 -908441481
10-42-07-427 4918482 507240285 -295089348 -899144507
10-42-07-448 -18883278 509572350 -236476340 -919246516
10-42-07-459 -18810059 495186988 -206797384 -941321500
10-42-07-478 -18302707 497277893 -159615472 -945886569
10-42-07-498 -17304693 496690274 -66269195 -957492630
10-42-07-505 -16936521 511456346 -51296001 -960316298
10-42-07-518 687733 508798639 -19463943 -962343280
10-42-07-591 5608902 506999487 76740714 -958628123
10-42-07-605 -8333908 511022105 111234262 -935614537
10-42-07-615 -6127801 499371548 145786743 -944141231
10-42-07-628 -3979067 527452863 214801156 -922808345
10-42-07-744 -5749521 486124428 444455190 -837988586
10-42-07-774 -6924693 490918342 463428009 -842168162
10-42-07-784 -7505952 462324359 497979109 -828133250
10-42-07-790 -8113983 455976147 564833264 -795639790
10-42-07-797 70643588 262183319 817291401 -628631718
10-42-07-811 63692387 244855666 834681792 -610916017
10-42-07-825 88562626 229655887 850517386 -593067587
10-42-07-831 107405870 218985950 886936026 -542770403
10-42-07-836 94644037 199696919 913377848 -526142917
10-42-07-863 95527933 199583795 905571936 -509420999
10-42-07-874 102284506 210493669 940486317 -470788140
10-42-07-880 82307197 217022974 940835042 -450806430
10-42-07-910 81413949 241124616 921036575 -470187564
10-42-07-920 89172896 273248866 905613832 -468366423
10-42-07-924 86680175 285791970 912665664 -480402554
10-42-07-962 84352828 281864107 883737338 -495515077
10-42-07-979 61196183 331108338 835961610 -546446187
10-42-07-987 75317716 350355750 816699262 -563687790
10-42-08-011 72438096 387407527 812466128 -581002754
10-42-08-027 48836770 453495150 719848958 -632677406
10-42-08-035 47088257 475823665 706258676 -650858710
10-42-08-056 45665566 480938498 673173869 -669310789
10-42-08-067 44036530 560387344 557483312 -740891648
10-42-08-073 43573909 578572892 498142726 -757980495
10-42-08-115 42221795 594280401 471810886 -774250005
10-42-08-127 56887436 628865859 338834950 -799575935
10-42-08-144 56542879 638178729 293452373 -826843836
10-42-08-161 57271685 629934642 231467968 -818441464
10-42-08-167 44915355 661390849 143374056 -845098742
10-42-08-172 48566634 650029763 117723137 -830706641
10-42-08-206 67879901 653231731 59345647 -832832155
10-42-08-220 60889806 650396236 -42178970 -836719684
10-42-08-227 65526612 647044169 -78967464 -836207183
10-42-08-253 87590604 659948175 -114159388 -834735266
10-42-08-272 100865718 643419305 -223822864 -844928303
10-42-08-289 101607180 619017479 -234078721 -843560298
10-42-08-305 100863036 627375817 -275817438 -842588181
10-42-08-310 82803651 582651408 -317392096 -843164356
10-42-08-316 81969124 570209837 -332725441 -846126781
10-42-08-352 78818622 572996320 -345721408 -834246934
10-42-08-373 58904031 519435894 -374751860 -855337632
10-42-08-385 71851789 515649884 -348528013 -878732856
10-42-08-407 69221325 515470200 -334574482 -867790336
10-42-08-418 47660867 538935428 -290791671 -884985254
10-42-08-427 46326878 541008943 -248456271 -908213929
10-42-08-450 45484456 542783496 -237397822 -897721951
10-42-08-468 58414000 529121813 -126832254 -930824512
10-42-08-480 56330262 529487264 -93467842 -917938894
10-42-08-553 54377156 529901787 -59050245 -920624162
10-42-08-586 53374420 532821997 -2662211 -920768278
10-42-08-612 54352754 534138262 50868122 -918690566
10-42-08-622 54775588 533748478 85272788 -916342820
10-42-08-628 51357022 502585362 360234413 -866469476
10-42-08-660 17330550 490565563 483118846 -830479262
10-42-08-666 -5341176 463391594 519197507 -813646097
10-42-08-674 6963701 449995279 571882422 -796552262
10-42-08-707 6539477 407294706 651423884 -735088125
10-42-08-712 -6117165 366952114 680085642 -721068490
10-42-08-718 17207090 344679111 723468897 -722934342
10-42-08-750 41881114 284681986 793782098 -672643234
10-42-08-758 50909415 267072684 813293513 -655681528
10-42-08-767 42995139 250103963 814996793 -638265289
10-42-08-910 62695730 214164759 864552752 -562638315
10-42-08-944 66774501 225294092 895071026 -558877921
10-42-08-951 86374748 222225931 907392812 -538911158
10-42-08-958 58983240 307716415 906976545 -479530062
10-42-08-969 59330225 324830622 890098299 -499179330
10-42-08-979 59882690 327491710 853675020 -537187072
10-42-08-993 60197203 397611811 780600175 -582695141
10-42-08-998 59901083 439482098 751825983 -602550215
10-42-09-010 59872231 447337619 720911624 -639247728
10-42-09-044 61101281 524246169 615270897 -687478877
10-42-09-060 63186905 538393797 592729306 -727643489
10-42-09-068 65560349 533398153 534993182 -734230632
10-42-09-098 84862568 577027404 411503554 -810094337
10-42-09-109 85571997 569059043 387964756 -824193728
10-42-09-119 87717062 578886984 329751053 -818708687
10-42-09-141 76927058 622619500 218866247 -858592618
10-42-09-160 79678822 612563488 175683436 -863279109
10-42-09-176 82258156 617626871 115619984 -850427683
10-42-09-207 82215520 638687786 7929744 -874187837
10-42-09-231 81382106 620703159 -32428445 -874654215
10-42-09-238 81685903 618021633 -88340965 -874177861
10-42-09-250 81469843 598516095 -192597573 -873399901
10-42-09-255 79075749 606585041 -220715272 -873576615
10-42-09-261 91964457 581535861 -229338718 -873488200
10-42-09-299 66491170 567995709 -287074021 -855001788
10-42-09-309 64334494 577022724 -302284098 -855532799
10-42-09-317 62165988 550551450 -298037517 -874632916
10-42-09-336 48438682 516626227 -336494451 -889687594
10-42-09-344 43085548 524828619 -336850840 -895162683
10-42-09-349 54415221 502769613 -316649481 -883004493
10-42-09-395 36856301 506442813 -279471004 -903850338
10-42-09-405 14511012 486081048 -276442323 -928744406
10-42-09-417 9836000 484842810 -253968265 -918957290
10-42-09-490 17386888 509981160 -173691980 -931660764
10-42-09-499 -1880131 496971541 -126779507 -934187275
10-42-09-505 -4148240 500222195 -95269314 -936189523
10-42-09-529 -17030627 545170081 174018211 -925334237
10-42-09-539 229118 529260642 194574218 -899997335
10-42-09-573 -16871044 528812985 232468130 -907420963
10-42-09-590 -23527287 515037312 358053217 -878042031
10-42-09-597 -9954154 522818027 377858788 -850727493
10-42-09-624 -26316893 468000932 504799009 -813902690
10-42-09-643 -51693136 453764140 578324325 -781862475
10-42-09-654 -52482909 438527687 597697442 -779575138
10-42-09-687 -51427939 408253911 664815703 -738286002
10-42-09-698 -31438748 392442491 711700846 -701001253
10-42-09-714 -27747326 375947186 738501431 -682185929
10-42-09-733 -22651806 310525253 787435082 -631732339
10-42-09-740 4183317 296001796 823020188 -614613382
10-42-09-747 -1703097 283444854 840255821 -597167796
10-42-09-769 27009033 266039810 871527687 -531039579
10-42-09-829 28904417 266649918 887021004 -520261712
10-42-09-872 41670477 268316868 902165848 -491525776
10-42-09-890 10425680 285821719 942145648 -444385707
10-42-09-899 9642021 293045778 940209967 -443826034
10-42-09-919 18149482 369280663 851933490 -528227724
10-42-09-935 -1355311 387419688 832892334 -529677599
10-42-09-942 -3366447 405527336 828365977 -549551966
10-42-09-968 -2800974 459472374 732236669 -616870509
10-42-09-979 -1224857 477880280 700097232 -657345457
10-42-09-985 17854667 479852123 665306720 -663819374
10-42-10-104 23301321 517542569 604522521 -724960123
10-42-10-114 8509113 535315383 545968273 -745344965
10-42-10-122 10646732 552399618 503218110 -746772207
10-42-10-139 75196540 650963608 167785504 -820522219
10-42-10-149 84002328 675616773 124473082 -820981314
10-42-10-162 76933259 665657073 63495981 -819794832
10-42-10-179 109540715 668232905 -70306144 -815389825
10-42-10-190 136580930 677966716 -96885773 -815576835
10-42-10-202 128069689 650020228 -153019597 -817789329
10-42-10-220 127213432 603313576 -227274484 -834296145
10-42-10-227 137956044 604421698 -250143823 -857028993
10-42-10-233 114114942 591529530 -268120332 -861779179
10-42-10-320 122193133 558845931 -296443739 -875745057
10-42-10-348 119537339 534075492 -297801460 -880797593
10-42-10-362 99513328 543064926 -294626085 -870469650
10-42-10-379 105265394 528046973 -292493532 -887143555
10-42-10-390 49499469 501043686 -83587882 -934631826
10-42-10-399 44502065 500997558 -48176439 -937451691
10-42-10-450 56044927 501700597 -13395326 -938566056
10-42-10-470 27886822 520429014 52468918 -936716304
10-42-10-479 39457076 521236466 84444662 -934161282
10-42-10-500 34788132 521683539 100230938 -947294562
10-42-10-508 -20156579 484202947 395825525 -855356020
10-42-10-514 -10474955 492794247 433318861 -857800120
10-42-10-544 -34667476 466591450 488183944 -841743041
10-42-10-554 -53510249 442589933 595459081 -792045724
10-42-10-567 -57465534 425715204 627870058 -775574268
10-42-10-593 -43415418 406758409 658025143 -760114712
10-42-10-611 -53120272 342381098 720078097 -700944961
10-42-10-621 -28598264 320423300 760923651 -685807456
10-42-10-704 -36076299 281396791 766548227 -670748290
10-42-10-734 -471316 241452708 820197399 -644334162
10-42-10-744 9693351 210525446 836696719 -626712236
10-42-10-790 34084727 199681857 853734841 -605885457
10-42-10-801 -2382421 207041207 956635406 -458019953
10-42-10-816 -5709534 196907923 937467881 -460012076
10-42-10-837 -8243206 220512200 932688895 -450092419
10-42-10-848 -6994201 279199688 838176264 -594847929
10-42-10-864 -6873614 296285735 817655539 -598810699
10-42-10-886 -7097896 314980951 812080974 -619102157
10-42-10-900 -6052905 378171207 715499805 -695375089
10-42-10-918 -4683686 399912129 683426499 -699183579
10-42-10-942 -3073450 437523339 648505801 -720211634
10-42-10-952 23065181 492367295 529648211 -781820631
10-42-10-961 11167652 508098436 485681329 -800927024
10-42-10-983 16708255 523205387 457219851 -817888843
10-42-10-998 53499080 548954172 295970680 -872461867
10-42-11-004 46665070 562030379 247652771 -879307021
10-42-11-031 74860967 590228429 199278364 -867382801
10-42-11-051 83235400 609828124 58938587 -891589181
10-42-11-059 106584367 595626024 13102459 -891732543
10-42-11-079 95387863 597435823 -15045406 -890250840
10-42-11-107 109644586 610773762 -158410506 -879199917
10-42-11-122 113492272 607000265 -180633512 -874028499
10-42-11-149 116227950 584798531 -217024317 -852261919
10-42-11-160 136005912 566370602 -290994510 -848124428
10-42-11-168 135664076 553546058 -296485802 -849342983
10-42-11-189 115418451 556265864 -316398050 -851958425
10-42-11-199 118365284 499591941 -350737825 -865596347
10-42-11-208 99468672 508418218 -352194429 -869967229
10-42-11-225 99300650 486035819 -350012559 -890981011
10-42-11-239 93668560 479718850 -341593644 -888146039
10-42-11-247 106583442 493562290 -326709635 -912353748
10-42-11-275 102249937 490596899 -308319010 -903725789
10-42-11-289 89709313 468781463 -216541041 -945342203
10-42-11-297 86478972 467233501 -203147629 -936179222
10-42-11-323 83915351 465923611 -171922597 -959555192
10-42-11-352 59215715 465119255 -74631415 -954825057
10-42-11-361 72879268 465036393 -25632331 -973202522
10-42-11-380 69725401 464385752 7845106 -974134212
10-42-11-387 43662161 463086852 120992784 -950978283
10-42-11-394 55631518 462150662 146151480 -962273197
10-42-11-419 33138166 476881748 206106705 -938316578
10-42-11-435 13770620 460053133 328477488 -922976229
10-42-11-440 23231489 433438484 389895426 -909933123
10-42-11-479 -1085412 439846528 416069955 -895263876
10-42-11-484 -22927323 394970747 557714446 -819907403
10-42-11-489 -13383371 404135610 595073292 -797027848
10-42-11-592 -26111393 388028992 647258100 -748787531
10-42-11-642 -30165028 377075321 695810174 -741779819
10-42-11-652 -31272917 346301056 725185950 -703078212
10-42-11-660 14343112 193035084 878565646 -579599214
10-42-11-672 38002285 178852150 892434408 -562815996
10-42-11-684 27926642 184836368 906104936 -560590062
10-42-11-689 29846096 161267755 942151599 -481014067
10-42-11-694 38270911 165066920 934749094 -461473467
10-42-11-700 11502997 185474575 958595871 -445882685
10-42-11-780 17514396 181079932 958058639 -458957094
10-42-11-814 18307450 204745373 936922099 -448532845
10-42-11-832 19558022 197587725 947613304 -473491101
10-42-11-852 24306267 314032435 818412139 -604378578
10-42-11-874 24023147 334988920 813659230 -622181724
10-42-11-884 24132446 373631417 789810438 -640343322
10-42-11-899 12991759 415447442 686882915 -685623232
10-42-11-911 34266786 430779585 652922836 -725961484
10-42-11-917 39414305 445088319 616754616 -732489982
10-42-11-927 30568333 489798936 555088007 -793062516
10-42-11-934 33495585 504784708 496696997 -811740856
10-42-11-939 53118283 520931587 471250524 -827034184
10-42-11-971 42408072 576932045 335882037 -855675974
10-42-11-975 45397427 580228094 290112916 -858478200
10-42-11-980 67346912 599720015 228602210 -858327692
10-42-12-062 66670584 658150016 98619326 -836288589
10-42-12-074 88067904 647092321 73254027 -836108773
10-42-12-089 91608758 648195185 15676366 -837435760
10-42-12-095 79309453 655636300 -44552069 -860486473
10-42-12-115 76371787 595180106 -199135480 -866182930
10-42-12-120 90144711 565864107 -240222079 -869211425
10-42-12-125 85986569 572482640 -245057935 -870500203
10-42-12-169 69960957 516143288 -323110252 -894355811
10-42-12-181 48588978 525085161 -312620678 -897322037
10-42-12-192 44996379 501944750 -313944198 -884093177
10-42-12-213 55131499 499539180 -296980285 -908527930
10-42-12-227 53048168 496329529 -280853183 -898881314
10-42-12-250 51849329 508456900 -276398671 -924687615
10-42-12-278 32801970 505665550 -210217350 -922292226
10-42-12-289 31591363 499508793 -150764208 -944814600
10-42-12-313 31150148 522979672 -136358095 -945656707
10-42-12-349 26855228 514778563 -58946507 -946789846
10-42-12-365 40815600 517494901 -26564062 -946951228
10-42-12-377 38392496 537044848 -7939492 -945753963
10-42-12-390 34267458 545218474 65760521 -920688443
10-42-12-413 -58381 540013392 290416416 -881257602
10-42-12-423 -5523454 517847354 324121382 -889656074
10-42-12-432 4930867 512278312 357615737 -879972019
10-42-12-456 -34788536 498639615 461091932 -821167511
10-42-12-472 -28894868 509390293 478780536 -804300029
10-42-12-478 -56310185 483598859 512805849 -787758368
10-42-12-500 -68999436 460666267 622967808 -758334824
10-42-12-513 -69181672 443748300 634087637 -744539138
10-42-12-518 -49248953 424499281 677289597 -715187518
10-42-12-548 -25557943 360095147 745299315 -683498985
10-42-12-560 -15046830 338987608 748359969 -689377844
10-42-12-566 -20573107 318945822 767232324 -677434351
10-42-12-708 13468414 272288187 820674907 -613571991
10-42-12-738 37696639 244703140 838230417 -610119917
10-42-12-754 25457264 252767486 872697301 -587466993
10-42-12-761 28205217 241194747 906080002 -538017897
10-42-12-802 51192190 227943093 940747219 -469925071
10-42-12-813 50840971 257430275 916039568 -462439577
10-42-12-831 30618477 273019092 922935274 -490307705
10-42-12-859 -33816853 448161373 766237843 -568616181
10-42-12-869 -16584457 465566498 760308934 -584687814
10-42-12-880 -14297477 480279895 719372523 -603091094
10-42-12-900 -19132984 516117610 636151773 -665234383
10-42-12-909 1371684 543409318 621185679 -686731933
10-42-12-917 4836764 553798078 587170478 -724909609
10-42-12-991 -4039365 565568721 475003061 -766789265
10-42-13-011 -1851391 591669574 419252362 -782625147
10-42-13-018 17653774 583841795 379573235 -813421652
10-42-13-026 23955244 600358943 301173683 -818767107
10-42-13-039 30680260 639383419 121630553 -852671135
10-42-13-045 52444656 639989524 64056210 -873610328
10-42-13-054 57655387 639720637 39339358 -876377085
10-42-13-084 73575366 614794644 -79061927 -878454401
10-42-13-131 74659811 623857429 -114778787 -879971092
10-42-13-138 72122202 597349759 -147709440 -865257050
10-42-13-151 51694903 578184678 -241953792 -891622998
10-42-13-157 41455504 546977932 -244449523 -896418917
10-42-13-165 13548808 530970986 -276324299 -885758281
10-42-13-187 -18231950 506440739 -279660558 -904608624
10-42-13-199 -9051193 483751595 -278673630 -924901079
10-42-13-203 -15218605 481077025 -292252835 -927291583
10-42-13-233 -29250980 484867696 -272113303 -930767828
10-42-13-247 -32496825 486428300 -243458699 -916175352
10-42-13-254 -52050867 504145032 -229950704 -919008168
10-42-13-323 -57637098 505588863 -204553338 -944385884
10-42-13-344 -42533529 506356620 -190447728 -946594042
10-42-13-355 -43884756 507113463 -175970644 -931903271
10-42-13-372 -45772587 508045458 -128894237 -936072100
10-42-13-390 -43686608 507193318 -56261338 -961413724
10-42-13-397 -58263174 509144217 -40244558 -960963437
10-42-13-403 -55784763 495409857 -24087182 -959719067
10-42-13-519 -51052969 520415968 9002619 -938182168
10-42-13-568 -32099520 525199701 25781790 -934973949
10-42-13-575 -30301299 512946093 42037053 -931662113
10-42-13-592 -27318075 519782788 89258930 -942141696
10-42-13-600 6740983 582077958 243809789 -852210905
10-42-13-607 -2714738 610434773 274744827 -856251191
10-42-13-667 21252966 622355887 289742354 -842121036
10-42-13-700 25802869 658201875 327794804 -790791729
10-42-13-721 52285326 653652603 345152191 -754702779
10-42-13-734 47619986 665621071 361348965 -734833670
10-42-13-741 218981765 742978298 461376798 -569470960
10-42-13-747 227734926 745546506 486964863 -547905833
10-42-13-766 270689429 729896759 493906000 -544208401
10-42-13-788 323295601 730030847 484007264 -506566613
10-42-13-798 332649970 746032045 484873000 -488365686
10-42-13-820 375151305 744831229 485519184 -452887831
10-42-13-839 431533546 718109915 505417015 -395441658
10-42-13-865 471473887 729440850 505931618 -377579152
10-42-13-882 493745453 723100322 506520448 -376666785
10-42-13-891 554573674 683911290 510773086 -322386848
10-42-13-912 572065447 692595509 497147417 -302763273
10-42-13-961 587441451 667202505 502426591 -265077150
10-42-13-980 602035440 654483555 535729551 -207161355
10-42-13-989 623833704 641459673 571305205 -160459724
10-42-13-998 513877519 616730352 668636709 -22196466
10-42-14-105 448095387 644673703 703486665 31585390
