10-41-16-139 -974922103 174964063 -449414696 32184300
10-41-16-154 -975180848 174888283 -448845326 32547081
10-41-16-164 -975419161 174854233 -448184474 32999679
10-41-16-173 -976454639 174402729 -445968684 51346947
10-41-16-199 -976722313 174126313 -445471422 51873129
10-41-16-207 -976931999 173940062 -444977033 52579419
10-41-16-228 -977424629 172949736 -460967520 54657462
10-41-16-244 -977603064 172483096 -460652491 55342927
10-41-16-254 -977815930 172026411 -460355839 55973679
10-41-16-269 -978248408 170895966 -459507356 57002954
10-41-16-277 -978555410 170238122 -459098549 57541841
10-41-16-290 -978897103 169531873 -458568702 57914171
10-41-16-307 -979989510 150544817 -457058052 42184864
10-41-16-317 -980292014 149774236 -456586541 42449217
10-41-16-323 -980570382 148945485 -456233561 42751198
10-41-16-360 -981349873 146524248 -455430815 43216305
10-41-16-367 -964755046 145759034 -455119697 43221653
10-41-16-375 -965004512 144912782 -454881305 43232696
10-41-16-406 -965768785 159047787 -454389004 43019844
10-41-16-414 -965960416 158280788 -454220851 42880475
10-41-16-421 -966048632 157439901 -454203756 42744927
10-41-16-451 -966097406 155010794 -455234785 42281507
10-41-16-474 -965932216 154218443 -455750451 42157589
10-41-16-489 -965952755 153405262 -456060543 41982877
10-41-16-509 -966050724 151482789 -456432002 58449933
10-41-16-525 -966095619 134155124 -456736226 58489662
10-41-16-552 -965926668 133615854 -457118963 58537440
10-41-16-579 -965449574 132615986 -458443487 42214036
10-41-16-639 -965374400 132470319 -458734525 42311149
10-41-16-656 -965188181 132225472 -459099507 42565478
10-41-16-676 -965085560 132122207 -459385284 43035311
10-41-16-692 -981430134 132646795 -459899705 44868068
10-41-16-700 -980319728 151605826 -461099305 48241029
10-41-16-724 -980024723 151946426 -461363664 48814874
10-41-16-749 -979224088 153431857 -445504954 67837926
10-41-16-763 -979184051 153649543 -445560165 68262056
10-41-16-778 -979200740 153971809 -445364059 68726469
10-41-16-790 -979215029 154409640 -444872601 70279335
10-41-16-807 -979173813 154420648 -445011040 70774507
10-41-16-846 -979053064 154307817 -445195915 71355830
10-41-16-866 -978986815 153599303 -445339001 72870398
10-41-16-876 -979124050 153276139 -445031940 73278356
10-41-16-889 -979306991 152881468 -444726270 73551704
10-41-16-896 -979887280 151620251 -460442459 74050822
10-41-16-902 -980092533 151279315 -460253006 74268438
10-41-16-919 -980133244 134070010 -460124691 74402068
10-41-16-931 -980576399 133089247 -459600100 74547978
10-41-16-936 -980763290 132843489 -459360282 74571801
10-41-16-992 -980950735 132513953 -458993640 74659023
10-41-17-006 -981274267 131729564 -458545562 74631929
10-41-17-018 -981364681 131363152 -458467950 74718602
10-41-17-031 -981433331 130936148 -458495702 74704706
10-41-17-040 -964807981 129986225 -458313995 75042037
10-41-17-046 -964880278 129641262 -458258091 75110881
10-41-17-065 -964933597 129207427 -458254123 75101999
10-41-17-077 -965088508 128086645 -458385731 58699408
10-41-17-094 -965094233 127634453 -458399270 58907758
10-41-17-116 -964987398 127343871 -458632407 59197927
10-41-17-132 -964736928 126418950 -459260340 60018620
10-41-17-140 -981441560 126141047 -459486649 60401772
10-41-17-162 -981377191 126041528 -459604234 60899190
10-41-17-217 -981224242 142545862 -459854500 62235854
10-41-17-234 -980985336 142402898 -460161248 62765740
10-41-17-250 -980794642 142432953 -460548020 63349378
10-41-17-270 -980506266 142439062 -461026704 64632695
10-41-17-276 -978679447 127274730 -446778478 86535394
10-41-17-281 -977975134 128061720 -447677956 87601991
10-41-17-309 -977324028 128994726 -448461244 88840376
10-41-17-320 -975536348 132103655 -450433168 76423222
10-41-17-326 -974860185 133146001 -451353328 77849811
10-41-17-361 -973861787 134176170 -452670347 79516679
10-41-17-374 -954422036 152827633 -473780204 82943932
10-41-17-395 -952419728 153818035 -477068001 101738733
10-41-17-428 -949991818 154694509 -464535568 103734441
10-41-17-439 -957480673 158434970 -480230144 93925216
10-41-17-453 -937901788 143459790 -484783852 96168990
10-41-17-474 -935436836 145102368 -505077193 98213944
10-41-17-487 -945998068 149087870 -497138711 121550662
10-41-17-501 -943399374 150065717 -501137274 124101776
10-41-17-520 -940075649 150904812 -523123798 110120202
10-41-17-533 -923679240 169276590 -532350760 136254995
10-41-17-544 -899186277 169616032 -560978483 139926266
10-41-17-568 -907167589 169839280 -574193360 127223263
10-41-17-583 -878042889 171210148 -597693473 157005971
10-41-17-595 -852775769 171843425 -625121057 145006055
10-41-17-622 -862113365 173099849 -616865827 150082137
10-41-17-629 -845844966 162090126 -633165824 164150561
10-41-17-637 -841094192 164258775 -637497341 185509422
10-41-17-651 -819037894 166547251 -658981902 190126581
10-41-17-669 -800040033 189340843 -676041837 205859920
10-41-17-680 -810394889 190640379 -664865729 194799632
10-41-17-699 -787839904 191429588 -669743845 200397716
10-41-17-706 -793387128 189796299 -695852389 212864381
10-41-17-728 -791809213 190211921 -680289542 214444424
10-41-17-762 -791523292 191086590 -680176361 214481499
10-41-17-786 -793222214 191554305 -694965039 214430459
10-41-17-811 -792539404 191884901 -694956961 216745283
10-41-17-837 -789180207 177062833 -679999043 237313238
10-41-17-849 -747164902 200856948 -712824119 233740604
10-41-17-866 -736528943 212619057 -702128489 254637308
10-41-17-883 -743000177 242151056 -724193017 258011721
10-41-17-890 -696450285 288939296 -717621848 246724846
10-41-17-898 -686405370 308011440 -719139617 247401545
10-41-17-909 -693377020 312109606 -719161206 247540519
10-41-17-993 -646073317 385152428 -729334607 257339379
10-41-18-097 -634538190 411206024 -726474780 252050654
10-41-18-200 -638961253 453712211 -723109021 230304615
10-41-18-208 -611795062 506333076 -696782589 239092666
10-41-18-218 -431830514 733275418 -595833682 220854641
10-41-18-228 -341524903 913876089 -470290873 64453952
10-41-18-260 -250344116 957251472 -415106371 39104605
10-41-18-273 -257167205 961793644 -427396472 37146292
10-41-18-289 -232590719 948997066 -422807611 33788905
10-41-18-324 -241807593 954405233 -398472337 18960378
10-41-18-352 -242817425 954045714 -398801830 -1223890
10-41-18-366 -227523511 952792541 -401144298 -3669979
10-41-18-397 -232413920 963146887 -413526438 -133529
10-41-18-410 -286216463 927584226 -466396327 31108573
10-41-18-420 -283710985 901258125 -493229558 52214059
10-41-18-436 -299644590 907069172 -503641496 56883443
10-41-18-445 -351861440 850482647 -537633449 75389927
10-41-18-454 -388580311 834338219 -532468187 65081016
10-41-18-472 -410105117 816626427 -560630218 88067303
10-41-18-491 -465283141 752204786 -594457011 106164219
10-41-18-515 -506651306 743611181 -606073549 95559390
10-41-18-543 -513551461 699791043 -601443944 118398719
10-41-18-550 -572656529 658673150 -643968643 112650816
10-41-18-559 -592206469 627687372 -656929241 117355912
10-41-18-568 -612052236 594866390 -652505642 137866467
10-41-18-577 -672898506 487061457 -681910353 142135705
10-41-18-587 -690857425 433090763 -706201957 127617041
10-41-18-600 -707730013 395004865 -712683961 130686787
10-41-18-609 -737720322 290536671 -724997160 133899732
10-41-18-618 -752977376 231847557 -725071928 132884700
10-41-18-642 -768328247 206356287 -722428973 131990495
10-41-18-662 -814278862 63842546 -680322346 126452367
10-41-18-671 -844271401 26468192 -668212029 140996051
10-41-18-686 -855901641 8174580 -672190772 138805723
10-41-18-692 -877554307 -102794860 -638471109 135124265
10-41-18-697 -879180266 -114380314 -615069486 117379931
10-41-18-727 -878321639 -155753011 -628435152 115127280
10-41-18-752 -873619310 -195720039 -621380475 122533393
10-41-18-769 -855644705 -225710866 -601909310 122673070
10-41-18-790 -854462218 -234950190 -600098903 123381318
10-41-18-801 -855456624 -239168247 -597345180 122385218
10-41-18-808 -874534639 -235353322 -595661722 121607994
10-41-18-825 -877116857 -213426900 -610271010 122211154
10-41-18-833 -869199215 -180533496 -605778752 117235403
10-41-18-854 -871938574 -163127715 -605768714 138579011
10-41-18-879 -891002304 -144059960 -606353878 126031427
10-41-18-894 -895556573 -118329366 -606681369 133361638
10-41-18-908 -882062647 -76411110 -604702732 153574880
10-41-18-929 -886096759 -48264428 -583861422 156821725
10-41-19-026 -910911452 33354386 -568899812 148674109
10-41-19-048 -909479313 84010075 -566512182 150710818
10-41-19-064 -906146584 99645807 -565539043 169136566
10-41-19-077 -893390921 163813255 -567823678 172045073
10-41-19-121 -749516039 509675742 -558804128 177090646
10-41-19-130 -731831699 537680875 -555545638 178085776
10-41-19-144 -729474602 548290934 -536413529 178192900
10-41-19-151 -670307127 602072557 -531149873 179426245
10-41-19-177 -591545698 773890366 -451296584 141496605
10-41-19-185 -563609021 795372465 -433032043 123012021
10-41-19-191 -571614089 813302985 -415988362 103422769
10-41-19-215 -529200373 834833439 -380994748 31793381
10-41-19-226 -515233766 862909213 -392821460 36279614
10-41-19-232 -497414139 875161225 -389152584 11707446
10-41-19-267 -474821022 883850752 -362945870 19097414
10-41-19-273 -458938451 910871618 -373833747 -3947758
10-41-19-280 -429930229 902402752 -350863075 4426636
10-41-19-311 -419982715 917354696 -359398019 -33674451
10-41-19-321 -397689910 919460213 -360023480 -35154646
10-41-19-327 -398162092 918468750 -345370138 -35609909
10-41-19-369 -400567869 927636230 -362609804 -36921714
10-41-19-374 -400716302 926358535 -365889946 -37586849
10-41-19-380 -399615514 922887039 -392630255 -33877600
10-41-19-409 -415083417 886099942 -423377660 7051777
10-41-19-413 -443123180 892908749 -416664835 -5042248
10-41-19-421 -456197536 864169698 -428488907 -278696
10-41-19-468 -482627513 818901487 -469322374 38588276
10-41-19-474 -498691373 801013270 -483200383 28979445
10-41-19-482 -516103114 781328170 -496883174 52485069
10-41-19-532 -591094610 725921396 -556248091 71144854
10-41-19-543 -609403327 681693396 -571534239 60663511
10-41-19-555 -625792861 653181768 -587807982 84121932
10-41-19-573 -651216460 562101012 -619372811 83359950
10-41-19-585 -667711128 545188083 -631949975 102509274
10-41-19-603 -685573466 509093651 -659560585 103624558
10-41-19-623 -717140429 418293984 -678864543 104533104
10-41-19-633 -746316194 382146073 -688112846 104225611
10-41-19-640 -758197649 346950069 -695179407 103795107
10-41-19-655 -780628323 252817442 -685469851 82795129
10-41-19-706 -806622462 196525491 -705348056 80759892
10-41-19-765 -811466811 174920881 -710926584 77758890
10-41-19-811 -812026541 102417589 -725854361 84892069
10-41-19-824 -812848795 68642516 -713187303 60948622
10-41-19-831 -821018046 -96854693 -684324497 34139111
10-41-19-836 -857331072 -259305679 -639383398 3813863
10-41-19-843 -860037268 -276482627 -628739276 423413
10-41-19-854 -860880611 -290685757 -621313109 -17897614
10-41-19-860 -848619383 -296695487 -587172214 2551303
10-41-19-866 -853191116 -297982809 -579774173 7332608
10-41-19-956 -874099256 -295527224 -591635169 -4059371
10-41-19-981 -735501596 477519564 -611634599 173432322
10-41-19-994 -746057584 504055268 -581459623 170172072
10-41-20-002 -720981183 516231830 -567615579 147444817
10-41-20-014 -714031871 559611305 -552731825 156508972
10-41-20-021 -724934099 566641871 -555442170 127959740
10-41-20-026 -701867604 607258421 -539995423 116513205
10-41-20-056 -695040248 674340328 -494928737 81100278
10-41-20-068 -668690477 694436297 -464981033 86453225
10-41-20-081 -674342910 696498865 -470678421 75073496
10-41-20-102 -614556111 750148065 -429642479 50550795
10-41-20-109 -600072611 765870363 -439140430 27713734
10-41-20-115 -604273163 795461980 -416533109 38452617
10-41-20-158 -553252782 803276642 -416801524 24920346
10-41-20-171 -559245435 825142401 -437696186 24078406
10-41-20-192 -554430299 826533523 -441028998 24391145
10-41-20-213 -549382401 811511268 -455299736 -2673537
10-41-20-222 -550219505 808349437 -460170069 -4376685
10-41-20-231 -545732068 807358943 -450807981 -6155270
10-41-20-245 -557451348 771704530 -505055777 23335698
10-41-20-250 -547278301 777575008 -497955733 11303029
10-41-20-256 -572786660 747804949 -524981190 13063765
10-41-20-291 -604942714 712725560 -545418924 39938591
10-41-20-309 -600008220 691636613 -575947337 27276101
10-41-20-317 -612906414 651728500 -589582118 31426251
10-41-20-340 -677305813 566974360 -627136872 58231911
10-41-20-345 -694869996 533569045 -638490227 43420749
10-41-20-356 -712241779 498254807 -632577519 45300306
10-41-20-388 -746248612 438203906 -651564813 48877824
10-41-20-407 -763023335 380146452 -675388248 68268077
10-41-20-415 -777866885 356458770 -664690099 70533439
10-41-20-438 -801234999 225419779 -691045491 73848148
10-41-20-455 -826371864 165693522 -694113155 74790314
10-41-20-467 -814525687 141817028 -680683450 61245787
10-41-20-487 -817656191 19487914 -707398341 84908040
10-41-20-537 -815808449 -39137203 -709826021 65388802
10-41-20-550 -829765304 -63283151 -711213941 60180727
10-41-20-565 -825090901 -183003823 -680205821 42263510
10-41-20-586 -827076740 -236503282 -667153494 55401096
10-41-20-603 -816614578 -345402912 -603362676 52518262
10-41-20-613 -815076184 -386504996 -607799613 52453756
10-41-20-648 -829373060 -407751839 -580674011 52361674
10-41-20-659 -822664061 -454609277 -572228059 56973266
10-41-20-678 -804151311 -448684356 -549129890 43536167
10-41-20-687 -802726573 -473615259 -560703435 46427434
10-41-20-703 -803963202 -468222138 -530901056 74009856
10-41-20-713 -824641917 -467135976 -541796131 64339672
10-41-20-724 -829958595 -463037815 -518970346 89883432
10-41-20-786 -840510651 -445247972 -514795886 106300603
10-41-20-797 -832535526 -417277015 -538576959 100029036
10-41-20-808 -837792832 -400134799 -542343892 121165037
10-41-20-843 -850851734 -362462068 -529258400 115434003
10-41-20-851 -892551838 -268649271 -545608266 158215107
10-41-20-866 -896160381 -226607956 -549477191 146002295
10-41-20-873 -883116663 -200447748 -552066883 167820734
10-41-20-886 -907258347 -115126365 -576801729 165312477
10-41-20-900 -906999410 -101640906 -564641458 185484634
10-41-20-926 -888650343 -71563011 -569891772 188201315
10-41-20-933 -895588271 37633263 -584780810 176366913
10-41-20-941 -890555744 70681172 -605752950 177163161
10-41-20-948 -867396273 104457960 -609897558 178209519
10-41-20-985 -857771521 206199407 -602274125 184150882
10-41-20-996 -830543513 240818723 -603505925 202443427
10-41-21-003 -819130996 275625784 -604010938 202888664
10-41-21-043 -780350122 377452426 -600889237 201343004
10-41-21-061 -766353129 409034604 -597954520 202032922
10-41-21-073 -752670990 439661828 -609680351 203684159
10-41-21-088 -720740465 526011843 -565361544 192698229
10-41-21-099 -715356793 535970504 -550530904 164093657
10-41-21-112 -725763302 563081963 -534601405 168260050
10-41-21-136 -697447584 628435065 -502089186 140076024
10-41-21-145 -708868671 633208880 -486351167 122680345
10-41-21-163 -684578585 671228139 -488770124 104934070
10-41-21-170 -649180811 729217449 -459615872 43088477
10-41-21-176 -633543223 730832468 -453052960 31432199
10-41-21-189 -616849988 748060596 -431280303 37597411
10-41-21-224 -564708791 810005184 -438233687 -3235801
10-41-21-233 -548268683 822759907 -418703471 -8043545
10-41-21-242 -532825979 817571748 -415915795 4270616
10-41-21-266 -520772803 855773977 -424884856 -11413074
10-41-21-280 -500546231 858165972 -423710894 -16544002
10-41-21-288 -498003501 859265414 -424492677 -36735189
10-41-21-314 -510737730 838000015 -438771054 -14479166
10-41-21-323 -511376925 833975242 -429475998 -10925261
10-41-21-366 -496449392 844830980 -455795703 -23720766
10-41-21-385 -516061266 813557073 -490763715 -7497185
10-41-21-394 -544528420 782149826 -485631410 -1458888
10-41-21-413 -557591140 765599996 -497927122 21544953
10-41-21-424 -611317053 680995692 -572992407 56984162
10-41-21-435 -625032834 654029346 -589893296 67535932
10-41-21-459 -639265075 641155674 -606967996 61366153
10-41-21-468 -689786798 518125302 -635219406 101846987
10-41-21-475 -709264988 494127115 -646398398 106750853
10-41-21-503 -728870174 433809537 -672873070 94696907
10-41-21-514 -760710565 359314760 -691697043 122007686
10-41-21-532 -754647691 297251234 -684752849 109945119
10-41-21-553 -778888078 269598407 -711314257 113572607
10-41-21-560 -794145994 137822174 -714602052 137660197
10-41-21-600 -781795791 75753328 -716926568 139059086
10-41-21-648 -784566292 31498278 -717762383 141252402
10-41-21-666 -784959488 -76909555 -714611286 142371288
10-41-21-673 -784621375 -116013425 -726977450 139877276
10-41-21-709 -782657154 -204144607 -698879016 113638449
10-41-21-716 -783431780 -393770383 -620293353 94606274
10-41-21-722 -783015823 -394397165 -626387387 95787931
10-41-21-748 -781903070 -426335985 -600806951 96716232
10-41-21-753 -794821709 -460780741 -580370723 100276781
10-41-21-758 -794753029 -450144310 -591941556 119612609
10-41-21-792 -796567927 -469936380 -569327690 124176235
10-41-21-808 -810678346 -444680259 -550944382 129583480
10-41-21-812 -799106012 -435714581 -548750980 153590449
10-41-21-843 -802989253 -440755662 -550493659 159324385
10-41-21-854 -829526967 -390172206 -568689865 171835573
10-41-21-859 -817222917 -370281238 -590400795 159592372
10-41-21-891 -839067748 -332933089 -593973776 164846693
10-41-21-908 -831887994 -305606521 -583406814 192840581
10-41-21-913 -835511145 -264080828 -605026637 180811429
10-41-21-942 -838478522 -254456595 -610640810 201973601
10-41-21-950 -847994368 -171416109 -602919790 198825955
10-41-21-960 -852003595 -141946410 -601975888 221469536
10-41-21-990 -872568648 -94155701 -600119287 210654736
10-41-22-007 -876274585 2200337 -597666034 238696281
10-41-22-012 -875697394 16453089 -597350373 239496214
10-41-22-041 -874396896 46970322 -596780628 239544620
10-41-22-065 -849631059 144759246 -606584110 239043283
10-41-22-079 -862693812 178434068 -585436945 237745353
10-41-22-097 -858533316 211963240 -580406436 235288270
10-41-22-109 -820851021 326693482 -569023897 220620243
10-41-22-118 -827335886 359627463 -566118894 198336295
10-41-22-140 -799607378 392633226 -578686271 209346101
10-41-22-149 -766523039 468867057 -559775551 186649395
10-41-22-165 -754054982 497812144 -536881676 160213931
10-41-22-187 -757550078 543189445 -530272957 150785006
10-41-22-197 -701456394 621049763 -522884741 138292235
10-41-22-213 -706310713 642691075 -498333781 110042876
10-41-22-232 -692805742 648365472 -507032827 98245193
10-41-22-248 -647034177 708863370 -489732357 89904293
10-41-22-257 -633689838 728435269 -463699963 59752682
10-41-22-284 -637936253 729821665 -470138224 48171934
10-41-22-292 -594877945 794779328 -431376494 16222274
10-41-22-305 -576826429 808840931 -429307996 25128096
10-41-22-330 -557873381 822086494 -428929048 19965161
10-41-22-342 -511191369 835412322 -443581735 -4435642
10-41-22-349 -486434672 857602808 -441929342 -8233200
10-41-22-379 -481980456 860512789 -441321763 3844339
10-41-22-397 -503604380 836461193 -433490986 -24204322
10-41-22-408 -506263447 832079783 -455690415 -25062436
10-41-22-428 -508219551 844246864 -445640936 -24348798
10-41-22-446 -502489986 804307292 -492445265 2504406
10-41-22-453 -527440251 809662558 -486393202 -7876410
10-41-22-477 -519620821 796393165 -498333627 -1597510
10-41-22-497 -571394383 745998256 -536276285 34868108
10-41-22-507 -588594042 723956169 -547802850 41550650
10-41-22-527 -608495701 682017771 -575395322 31431489
10-41-22-547 -673828617 608185272 -605367378 70389041
10-41-22-555 -694112551 574466347 -598416343 61432619
10-41-22-577 -696397923 538926208 -625293995 85889597
10-41-22-597 -748579783 400329118 -654669096 108595362
10-41-22-604 -779046799 372818290 -647541921 99899253
10-41-22-627 -771723818 311204586 -675841246 123964099
10-41-22-638 -780403296 235666742 -685691480 135101775
10-41-22-664 -796243254 188395686 -700089359 140398966
10-41-22-687 -792827751 140419922 -714374489 127077076
10-41-22-700 -766072648 -8230217 -755177576 127942606
10-41-22-709 -764676610 -30491737 -756610265 141401898
10-41-22-727 -764001826 -85340216 -755554434 136826039
10-41-22-734 -778232691 -180625234 -743146054 96710274
10-41-22-748 -777869368 -215765012 -718558238 104828522
10-41-22-773 -778138574 -249248290 -725101246 81345437
10-41-22-784 -780111261 -334482405 -688319773 85994384
10-41-22-792 -763640932 -374065160 -676673841 65946880
10-41-22-820 -763427613 -378186456 -648748628 62439960
10-41-22-827 -776691319 -430866780 -620166985 72730602
10-41-22-838 -775824308 -459304108 -613030005 73289325
10-41-22-868 -776826774 -450079840 -622588569 59096216
10-41-22-878 -789765924 -473020865 -581518816 78886941
10-41-22-886 -795106171 -451386017 -593786571 103026447
10-41-22-916 -782509563 -458974412 -594120673 92296060
10-41-22-940 -808837706 -399433744 -608544848 125737284
10-41-22-952 -813380854 -382223192 -612184669 117219102
10-41-22-974 -801956976 -362355213 -598511051 142475029
10-41-22-986 -820809993 -310243392 -621745871 147968504
10-41-22-997 -843881041 -285298470 -622726415 172149831
10-41-23-016 -833369807 -258276561 -623273317 163284210
10-41-23-062 -861779711 -182061329 -622838846 179333681
10-41-23-091 -849830135 -168008303 -622188516 203472868
10-41-23-108 -853722198 -137323133 -621346896 193063311
10-41-23-125 -875255807 -73726199 -620796056 218947112
10-41-23-142 -851636167 93798404 -602826420 211388549
10-41-23-152 -864017565 127618766 -601256588 213058129
10-41-23-164 -858654062 161972489 -599114935 214159408
10-41-23-183 -817592843 287827435 -606340546 215924645
10-41-23-194 -823205674 324714982 -585956098 215264433
10-41-23-231 -809624404 344881016 -583122054 214429863
10-41-23-243 -747927277 452420079 -568338493 224819995
10-41-23-251 -734702331 486340241 -575454440 218612696
10-41-23-262 -740261978 518866247 -546732048 209352331
10-41-23-287 -712538821 603638425 -522245532 168555340
10-41-23-298 -685720605 629245329 -509719128 132747437
10-41-23-312 -692116021 653195788 -480326406 114514043
10-41-23-326 -657398590 714976785 -448555643 60014232
10-41-23-335 -641837859 734085469 -458176684 43577211
10-41-23-342 -623359257 753066851 -436048692 28840176
10-41-23-364 -564216800 807111583 -444057649 23476778
10-41-23-379 -538876177 839759368 -418266561 -5095694
10-41-23-387 -521542210 835510868 -414340178 8315896
10-41-23-422 -482200194 851157929 -425367702 5715472
10-41-23-433 -493635857 854319856 -424989816 5228845
10-41-23-442 -491743901 854418679 -427182620 5391932
10-41-23-503 -482574179 856936497 -430794963 -5580845
10-41-23-529 -505925036 831597326 -456848525 -846608
10-41-23-546 -497018384 821411047 -450281181 21713324
10-41-23-566 -515027414 812726158 -492048636 36378317
10-41-23-576 -595866479 660566302 -610506480 78515185
10-41-23-587 -628931333 612988912 -626220337 101205643
10-41-23-607 -645743939 579933854 -641305437 106326717
10-41-23-617 -694588262 468921067 -665691444 120126209
10-41-23-626 -709916475 428351902 -694322733 123946603
10-41-23-652 -724676327 385443448 -705263312 110026577
10-41-23-661 -738110155 270552174 -719728034 113549244
10-41-23-676 -760955858 225478029 -745793535 113088439
10-41-23-693 -749829035 162455405 -736172922 112739094
10-41-23-744 -774184114 26410283 -750569768 118804029
10-41-23-765 -774648299 -17914212 -752175734 97093781
10-41-23-774 -775008100 -43241395 -751204854 92436098
10-41-23-793 -778278454 -137454945 -757452904 82672989
10-41-23-812 -791820187 -287864499 -705142120 70942065
10-41-23-822 -771210393 -296923384 -682590517 46899079
10-41-23-841 -765316238 -338604935 -695252943 57468108
10-41-23-861 -771964528 -385773962 -673893387 29424691
10-41-23-873 -774464019 -400886943 -661825470 29921084
10-41-23-892 -778408982 -413734740 -631831837 33214957
10-41-23-930 -793395240 -454164864 -611237762 72487183
10-41-23-944 -781376649 -454021398 -587146554 63940706
10-41-23-958 -785646555 -431677846 -584619688 87509907
10-41-23-966 -811876672 -410863097 -596820471 80156896
10-41-23-974 -800099771 -378195310 -599664935 100984826
10-41-23-992 -823564191 -377292422 -600714064 106366866
10-41-23-999 -841343264 -295039849 -625260739 125282456
10-41-24-007 -844552871 -286216334 -615075532 113259163
10-41-24-039 -846998383 -259312730 -638930405 117189704
10-41-24-048 -837954582 -171912040 -636638580 130166472
10-41-24-072 -856623278 -140129909 -656817096 151404196
10-41-24-093 -857487293 -107466225 -660180123 155068819
10-41-24-108 -834298597 -7198204 -672741637 146568430
10-41-24-122 -846763213 26450184 -675988927 149386113
10-41-24-140 -841688216 60567251 -678604698 168977804
10-41-24-150 -826893158 132089574 -666733937 173278575
10-41-24-161 -799758209 185789777 -669483479 175041942
10-41-24-191 -788273261 223093201 -687909188 160532346
10-41-24-199 -753562903 336436196 -677317259 188953027
10-41-24-214 -758808761 373212539 -652056814 177634678
10-41-24-233 -746604831 408536180 -659712545 183487951
10-41-24-241 -683894620 505595248 -619893385 196151956
10-41-24-253 -667540297 518072821 -612795776 196999362
10-41-24-289 -652600679 546337904 -603869664 196126666
10-41-24-300 -617197015 645151450 -562072191 182766159
10-41-24-311 -623815822 654031906 -545476514 192040741
10-41-24-337 -596475107 695828370 -545288202 166716701
10-41-24-348 -562266991 761512719 -485959073 127040813
10-41-24-358 -547106551 764589362 -491830804 114963875
10-41-24-384 -544000454 784287234 -467504685 121146758
10-41-24-403 -472197106 833599426 -474887360 95100584
10-41-24-413 -433303588 862691901 -472595146 97717386
10-41-24-436 -413796212 873378890 -452859795 117496230
10-41-24-453 -384196067 870497914 -450986457 120777332
10-41-24-465 -383886855 867797727 -473364932 120312827
10-41-24-483 -405721290 865556233 -473175858 122032897
10-41-24-496 -394704852 853693669 -490507531 122431240
10-41-24-508 -397422985 861666569 -486163611 110325107
10-41-24-531 -402547353 833656786 -499204826 135793536
10-41-24-543 -416985547 822098622 -530122048 132347787
10-41-24-560 -443503258 787189571 -548223761 154650579
10-41-24-584 -453579239 766179991 -568308130 144726825
10-41-24-596 -463270638 706920322 -636653609 165214369
10-41-24-605 -490324933 678690975 -675001720 186528661
10-41-24-631 -503353166 631843676 -694655254 189507838
10-41-24-641 -534533632 542421604 -732238399 192018194
10-41-24-675 -548231981 484742908 -751186514 191413850
10-41-24-694 -578421284 457714281 -769635491 188970491
10-41-24-703 -622472713 326868475 -822207656 174727421
10-41-24-711 -638197126 266286605 -828390675 150868869
10-41-24-736 -673347451 133772919 -841184343 140359735
10-41-24-747 -663359211 106033534 -844270124 113459700
10-41-24-754 -668841668 45307176 -845961619 119497232
10-41-24-774 -687498563 -66553805 -817713467 85843733
10-41-24-790 -710975626 -124273428 -825402933 74789691
10-41-24-795 -699615215 -146253945 -798869434 46223717
10-41-24-833 -723961500 -248164238 -768505319 10179150
10-41-24-843 -725625040 -278257289 -773638226 16846326
10-41-24-863 -727471847 -322626436 -761299897 8300280
10-41-24-880 -717238661 -349498738 -718697609 1720767
10-41-24-889 -738758736 -365263024 -722738182 2711274
10-41-24-904 -745276053 -378416559 -708956363 6704886
10-41-24-931 -751940573 -421242682 -650512052 12037840
10-41-24-938 -774410869 -422462765 -659578606 35726435
10-41-24-945 -778310889 -401009630 -657593225 41447439
10-41-24-980 -767531287 -361639126 -672590886 54689345
10-41-24-987 -769242592 -359965788 -663200221 43010589
10-41-24-994 -771362986 -339559173 -670582552 48603848
10-41-25-018 -796675692 -270818135 -687665965 85994081
10-41-25-028 -781964304 -229346032 -709537036 77699553
10-41-25-034 -783120700 -220564679 -698171939 104169376
10-41-25-081 -796577751 -135711780 -716425761 115214126
10-41-25-086 -794267789 -104307483 -738792817 139779971
10-41-25-091 -792219250 -73084940 -742563747 130816240
10-41-25-131 -767706228 38300249 -730158740 170723564
10-41-25-140 -777946472 70365051 -732549947 161913192
10-41-25-162 -751886172 102951269 -736381371 186589233
10-41-25-178 -719163301 206023367 -755869586 199941215
10-41-25-186 -727038070 242247807 -733347805 211188326
10-41-25-196 -701921556 261939583 -741916773 238205679
10-41-25-259 -689699838 368725445 -709997053 249484443
10-41-25-273 -677723401 419684321 -681403161 275157554
10-41-25-292 -647957388 435975853 -669290318 266393304
10-41-25-313 -637947146 498851707 -661180129 293115382
10-41-25-322 -571289799 680709414 -556672446 259770275
10-41-25-328 -545642513 722615404 -538581653 229756820
10-41-25-359 -534469723 745856938 -523301149 216324451
10-41-25-366 -483225308 805527490 -494001512 206961945
10-41-25-372 -477295486 822696829 -487396145 206383889
10-41-25-403 -453877172 820515193 -466081116 208746394
10-41-25-428 -392400839 848611653 -478009500 223723952
10-41-25-437 -363334645 852737027 -461971026 210007940
10-41-25-464 -374044654 852953847 -465204987 212375552
10-41-25-477 -361146706 855821055 -482544661 239095358
10-41-25-489 -367380072 830465915 -507993828 242405274
10-41-25-512 -392407624 820177731 -500929646 228697363
10-41-25-525 -421577804 793583523 -557169792 259343354
10-41-25-534 -416826250 775595602 -571330902 247831167
10-41-25-554 -430720702 756089871 -568930012 268661352
10-41-25-564 -484779928 668378879 -628627424 272330193
10-41-25-575 -521534166 657146047 -643530727 271158768
10-41-25-612 -541662080 627332314 -658237605 269134699
10-41-25-623 -586031705 526375162 -682383316 258522042
10-41-25-633 -624047299 487390671 -711708297 252285269
10-41-25-663 -629613637 428105094 -722858463 228415369
10-41-25-677 -689337926 354697392 -739903536 211356200
10-41-25-687 -707800856 308890659 -730078293 200336424
10-41-25-704 -724727998 246617018 -735256909 204719933
10-41-25-713 -749659144 124904946 -755899541 170617160
10-41-25-722 -776107757 62659988 -738047157 142574783
10-41-25-744 -767244099 34465698 -735590285 132051865
10-41-25-764 -783982427 -105719851 -718318038 119990244
10-41-25-776 -787997279 -126326154 -726485152 94719289
10-41-25-806 -807970541 -161337245 -700357877 101998228
10-41-25-816 -797759628 -250757201 -670916904 43336086
10-41-25-827 -799411106 -292154153 -677162994 28173014
10-41-25-857 -800358174 -297040602 -650570111 15067274
10-41-25-874 -803160754 -359749495 -641457760 -4560267
10-41-25-883 -804897635 -352135069 -617272963 -7740620
10-41-25-944 -824178213 -376072536 -626680686 -8027844
10-41-25-956 -816270554 -375914491 -597920622 -1269401
10-41-25-980 -817972347 -351587107 -600026661 17409221
10-41-26-002 -819557471 -357542269 -620792720 19922164
10-41-26-013 -836721400 -235210452 -632056200 59588775
10-41-26-022 -837032405 -195556067 -654450362 87305828
10-41-26-043 -836803334 -188406483 -659825665 82211619
10-41-26-053 -833650632 -93360795 -673022857 136619178
10-41-26-060 -831793266 -65663237 -675954803 132925464
10-41-26-085 -846432956 -54354111 -677644782 146092047
10-41-26-103 -839326431 31103572 -675081599 201937575
10-41-26-112 -818072828 61248161 -673860096 197484714
10-41-26-129 -828183603 92875374 -673623739 226157193
10-41-26-239 -794342374 208901895 -677441334 244250330
10-41-26-295 -765190039 242256737 -675876366 272625570
10-41-26-318 -752585523 276358213 -672025991 267584639
10-41-26-329 -741905863 328908165 -658033907 293569590
10-41-26-344 -597427473 638289875 -537068471 343435091
10-41-26-352 -528063105 799857724 -421143200 230305144
10-41-26-360 -508219293 817095650 -398044080 239819244
10-41-26-378 -487781007 831160891 -395728196 235410286
10-41-26-432 -431991200 850054903 -396794198 239473756
10-41-26-442 -413973288 873336273 -398251638 228569091
10-41-26-472 -398242174 878008305 -400708399 234043867
10-41-26-534 -382730160 876543376 -414988837 256581823
10-41-26-543 -405243243 854348722 -438256286 256057877
10-41-26-555 -395740619 863886702 -429425647 255846323
10-41-26-573 -506311534 760930896 -528231280 269460593
10-41-26-584 -583743414 587808215 -638674992 266149525
10-41-26-596 -603011086 534714711 -637315723 264339834
10-41-26-618 -640369556 495533703 -651365156 261578464
10-41-26-679 -695534428 361121187 -707315953 269467464
10-41-26-699 -708673014 311998330 -704405727 247846703
10-41-26-737 -702975968 263575355 -716306599 258875324
10-41-26-747 -738417662 189467689 -734144435 239751928
10-41-26-756 -774336488 -32747002 -760504544 158109110
10-41-26-778 -775721447 -76435164 -759564122 139491893
10-41-26-787 -789636424 -227703109 -722608925 75341168
10-41-26-795 -796415779 -275134170 -705342848 49119344
10-41-26-818 -784800286 -302114444 -689449308 57416378
10-41-26-843 -784915024 -353550262 -650173576 9462736
10-41-26-854 -784619698 -346850099 -662410628 -1064705
10-41-26-875 -785378614 -372394560 -656797149 7740606
10-41-26-886 -808410259 -368506970 -641701070 -20697416
10-41-26-895 -811033007 -367846484 -638757051 -20528669
10-41-26-918 -813677970 -363786157 -637752157 -18311324
10-41-26-933 -803248000 -353277670 -644776821 -6901460
10-41-26-942 -823213566 -340206779 -630808467 16931251
10-41-27-019 -826650141 -324920061 -633586017 8616086
10-41-27-058 -819141823 -269172758 -661122363 56434567
10-41-27-067 -821954435 -230854355 -647785184 67717457
10-41-27-078 -841017189 -225619381 -650990285 62101922
10-41-27-085 -814638921 -24944919 -680993603 143418628
10-41-27-090 -826802903 18214543 -683662877 170689238
10-41-27-109 -803593726 28594890 -687012160 165131391
10-41-27-120 -771668679 109639472 -702306479 219727124
10-41-27-126 -775265995 153442407 -723903299 215697994
10-41-27-158 -760580708 164058154 -728675993 228532580
10-41-27-179 -728359786 239403567 -716856009 274651127
10-41-27-189 -712967981 269736391 -714986960 290399509
10-41-27-209 -681862719 283874298 -726862468 305802750
10-41-27-222 -660352418 379057191 -695897995 330893243
10-41-27-237 -632292401 411523784 -664134962 358673995
10-41-27-258 -639083794 460747154 -647195253 350024450
10-41-27-268 -599553305 557675257 -605908871 351308384
10-41-27-278 -609637535 589768410 -568984723 360582099
10-41-27-307 -585235187 621198005 -549649944 332990592
10-41-27-318 -553319539 707802354 -500129816 309305584
10-41-27-328 -555685580 716512855 -503966933 278963862
10-41-27-374 -538411610 757381182 -493154728 266345043
10-41-27-386 -472580496 824865762 -459637856 245320400
10-41-27-410 -431998197 844068033 -431797593 259612794
10-41-27-432 -424915006 861072807 -438997174 257906403
10-41-27-441 -349260015 895095131 -401985517 244302932
10-41-27-451 -376300516 889887212 -425581440 254022275
10-41-27-464 -390887442 891582432 -397485033 228478124
10-41-27-470 -422520249 874554068 -419717024 230365571
10-41-27-476 -405413500 852300911 -442861850 255061129
10-41-27-500 -388315350 862339149 -447988827 248877058
10-41-27-510 -376528738 832705151 -489976111 262571476
10-41-27-516 -387898394 839236397 -481950031 263313090
10-41-27-546 -405931147 825716191 -508158507 262922492
10-41-27-567 -454510787 754827923 -533415538 285359499
10-41-27-579 -451067926 734581821 -549774019 287282808
10-41-27-606 -465214065 713392318 -565629586 288646802
10-41-27-619 -514026121 659492965 -625953889 287782534
10-41-27-631 -532123271 616317057 -639092547 285734019
10-41-27-656 -551727885 605260796 -634208505 265930077
10-41-27-696 -620034854 508726196 -663218066 247261065
10-41-27-729 -660365167 471275582 -688299782 256366778
10-41-27-743 -666321394 414009666 -679610661 231548632
10-41-27-755 -723530975 327566303 -710148904 216110497
10-41-27-773 -790681130 113622446 -726116738 167033822
10-41-27-792 -785849393 90030438 -722043374 172988955
10-41-27-813 -813655581 50797163 -699373784 145351759
10-41-27-831 -821270900 -61058793 -692949534 115507013
10-41-27-848 -843220245 -95222980 -667444181 124240981
10-41-27-857 -830961923 -127590078 -674278309 118028308
10-41-27-871 -857073347 -212828188 -641399379 106787064
10-41-27-877 -857889365 -252347033 -615915949 103846205
10-41-27-887 -856886761 -271014367 -626933196 102081183
10-41-27-898 -836192154 -281255943 -620916513 82173529
10-41-27-904 -834668045 -306834979 -602282996 81004739
10-41-27-910 -833574391 -297059026 -600523907 80060162
