10-40-07-003 -896839231 -157665475 -313963815 509892075
10-40-07-014 -896858716 -157703059 -313966401 509799294
10-40-07-027 -896931195 -157593481 -313982901 509788901
10-40-07-055 -897258902 -157114102 -313477598 509724104
10-40-07-065 -897258410 -156994947 -313596635 509666505
10-40-07-075 -897183469 -156941017 -313739341 509675474
10-40-07-091 -897206228 -156776609 -313979770 509624408
10-40-07-096 -897193354 -156723407 -314079800 509640000
10-40-07-107 -897112698 -156623351 -314020477 509606669
10-40-07-132 -897126663 -156683016 -314032046 509671892
10-40-07-141 -897075587 -156757139 -314145392 509710189
10-40-07-145 -897020947 -156907958 -314184716 509822598
10-40-07-175 -896876204 -156999550 -314200601 510019334
10-40-07-182 -896779757 -157119183 -314105406 510075988
10-40-07-209 -896822081 -157174101 -314122633 510065489
10-40-07-252 -896734574 -157207524 -314007350 510259953
10-40-07-310 -896641417 -157291747 -313888889 510400333
10-40-07-342 -896635123 -157311641 -313859417 510464124
10-40-07-355 -896643457 -157254891 -313583609 510510853
10-40-07-368 -896805976 -157376962 -313370569 510459394
10-40-07-377 -896855350 -156873011 -313673886 510235568
10-40-07-388 -896858887 -156804016 -313641867 510293529
10-40-07-410 -896931322 -156788681 -313723101 510293467
10-40-07-484 -896941763 -156408940 -313715274 510261004
10-40-07-503 -896933684 -156278526 -313764621 510345917
10-40-07-513 -896846308 -156149299 -313850372 510300507
10-40-07-526 -896862729 -155890288 -314080115 510420833
10-40-07-539 -896713146 -155394501 -314153639 510566336
10-40-07-556 -896708240 -155238240 -314199252 510677516
10-40-07-582 -896705258 -155216585 -314111645 510654254
10-40-07-600 -896744104 -155109063 -314149329 510753713
10-40-07-614 -896743080 -155102477 -314188877 510707934
10-40-07-626 -896754193 -155142749 -314040718 510812511
10-40-07-631 -896795589 -155045291 -313761963 510920365
10-40-07-636 -896723032 -155143996 -313796089 510943535
10-40-07-647 -896709041 -155097496 -313714457 510906469
10-40-07-662 -896752335 -155193035 -313569313 511025726
10-40-07-667 -896738666 -155196795 -313514802 511147470
10-40-07-693 -896653131 -155193477 -313539721 511207731
10-40-07-718 -896619201 -155117033 -313539089 511381690
10-40-07-731 -896514775 -155102663 -313501462 511370089
10-40-07-754 -896542896 -155135728 -313599413 511422941
10-40-07-762 -896376815 -154960779 -313639347 511561004
10-40-07-772 -896332365 -155008764 -313711745 511663493
10-40-07-790 -896351880 -154923425 -313785268 511636886
10-40-07-801 -896184710 -154814812 -313948847 495086783
10-40-07-805 -896215943 -154759767 -314004964 495126390
10-40-07-840 -896164554 -154735871 -314115490 495153238
10-40-07-856 -896003682 -154573743 -314288939 495196668
10-40-07-866 -896000849 -154511284 -314289767 495217830
10-40-07-904 -895989345 -154548636 -314401715 495216517
10-40-07-923 -896009942 -154505396 -314556913 495151934
10-40-07-934 -895931142 -154609644 -314672276 495028300
10-40-07-950 -895910682 -154583493 -314806780 494970130
10-40-07-995 -895966673 -154740843 -314959375 494932973
10-40-08-015 -895935292 -154709688 -314885984 511622500
10-40-08-024 -895983463 -154824265 -314809736 511573335
10-40-08-046 -896049869 -154923725 -314867549 511418815
10-40-08-057 -896165296 -155391793 -315253921 511051489
10-40-08-067 -896113629 -155457020 -315239088 510953736
10-40-08-084 -896128776 -155540872 -315190157 511000815
10-40-08-100 -896219256 -155747594 -315045257 510907791
10-40-08-108 -896136777 -155923737 -315060388 510897784
10-40-08-138 -896171745 -155970685 -315114301 510886238
10-40-08-153 -896104625 -156244277 -315185492 510900867
10-40-08-162 -896042487 -156220156 -315122177 510988229
10-40-08-183 -896105054 -156307638 -315051031 510966368
10-40-08-200 -895928082 -156391141 -314938027 511164096
10-40-08-213 -895948452 -156352809 -314991882 511241571
10-40-08-249 -895906145 -156436565 -314972037 511387114
10-40-08-262 -895744440 -156474159 -315054881 511473201
10-40-08-271 -895748826 -156637535 -315086666 511426072
10-40-08-290 -895695658 -156728157 -315237784 511440206
10-40-08-301 -895470427 -156827847 -315338736 511650127
10-40-08-317 -895416840 -156752858 -315392774 494934371
10-40-08-335 -895426636 -156792897 -315514568 495002024
10-40-08-354 -895298455 -156430638 -315535607 495183965
10-40-08-360 -895198819 -156298812 -315550234 495335516
10-40-08-375 -895226465 -156240012 -315646572 495415311
10-40-08-387 -895079999 -155913464 -315781020 495494037
10-40-08-392 -895073549 -155795259 -315744060 495585574
10-40-08-431 -895069512 -155619242 -315835773 495605987
10-40-08-443 -895067758 -155390811 -315859858 495567959
10-40-08-460 -895060520 -155341381 -315975558 495562803
10-40-08-484 -895110129 -155243229 -316037744 495560224
10-40-08-491 -895046946 -155270377 -316218353 495567511
10-40-08-500 -894954034 -155260792 -316189955 495660121
10-40-08-523 -894979426 -155258295 -316250266 495626608
10-40-08-540 -894832485 -155411608 -316563830 495683723
10-40-08-549 -894778022 -155482269 -316586704 495702708
10-40-08-574 -894664977 -155493359 -316639437 495797008
10-40-08-586 -894480668 -155768761 -316884700 495926706
10-40-08-590 -894411966 -155938382 -316932811 495986238
10-40-08-624 -894340738 -156062591 -316911833 496046895
10-40-08-639 -894213151 -156207329 -316931850 496196218
10-40-08-644 -894156266 -156297958 -316913163 496214183
10-40-08-669 -894101062 -156454907 -316961709 496294742
10-40-08-689 -893975469 -156701851 -316878193 496493203
10-40-08-693 -893950229 -156747497 -316797598 496581395
10-40-08-718 -893988683 -156918312 -316879311 496588783
10-40-08-741 -893896818 -157204135 -316943738 496432559
10-40-08-745 -893906861 -157372943 -316901628 496437675
10-40-08-772 -893986650 -157397387 -316916326 496380115
10-40-08-776 -894059565 -157578324 -316923568 496153975
10-40-08-791 -894029660 -157574236 -316905649 496105235
10-40-08-816 -894135010 -157475638 -316948505 496125478
10-40-08-828 -894193927 -157555881 -316972902 495899646
10-40-08-838 -894196493 -157571935 -317080479 495930305
10-40-08-863 -894198958 -157558978 -317050167 495841975
10-40-08-880 -894185425 -157464881 -317208465 495815767
10-40-08-885 -894104575 -157481029 -317271196 495864011
10-40-08-912 -894091304 -157525705 -317335018 495769795
10-40-08-922 -894139237 -157675177 -317422704 495704735
10-40-08-926 -894122714 -157726907 -317377840 495705554
10-40-08-964 -894034545 -157827466 -317386704 495795243
10-40-08-970 -893951254 -157944758 -317498238 495770803
10-40-08-978 -893978849 -157936410 -317580618 495768838
10-40-09-020 -893943292 -158084076 -317651197 495762840
10-40-09-027 -893776872 -158215852 -317756443 495834047
10-40-09-040 -893763725 -158191935 -317746004 495892209
10-40-09-065 -893772299 -158244597 -317609424 495948082
10-40-09-073 -893910148 -158463172 -316984961 496062612
10-40-09-091 -893949236 -158598094 -316940182 496045192
10-40-09-109 -893967065 -158580122 -316877654 495974362
10-40-09-114 -894056550 -158615163 -316857155 495980300
10-40-09-127 -894054193 -158622347 -316925976 495939486
10-40-09-160 -894055853 -158572163 -316979063 495833862
10-40-09-168 -893972623 -158952835 -317139354 495783396
10-40-09-180 -893975655 -159065310 -317094157 495710284
10-40-09-210 -894056912 -159133605 -317005248 495784092
10-40-09-220 -894064159 -159207150 -316798942 495773448
10-40-09-232 -893974343 -159213725 -316895179 495859732
10-40-09-255 -894006292 -159197959 -316944497 495825790
10-40-09-275 -893925743 -159022802 -316902969 496062804
10-40-09-299 -893829078 -158946211 -316957320 496077787
10-40-09-326 -893848485 -158833294 -316907567 496160186
10-40-09-332 -893626540 -158932820 -317051980 496394487
10-40-09-341 -893653289 -158914484 -317141594 496367898
10-40-09-359 -893558060 -158974244 -317140109 496402646
10-40-09-365 -893516619 -159084580 -317093593 496490006
10-40-09-373 -893486760 -159073843 -317081788 496550572
10-40-09-403 -893523553 -158978659 -317085540 496606143
10-40-09-412 -893367041 -158957620 -317123024 496787187
10-40-09-417 -893399432 -158950251 -317221695 496759521
10-40-09-450 -893304594 -158929178 -317177777 496802287
10-40-09-470 -893254829 -158847313 -317282389 496867310
10-40-09-478 -893243324 -158851910 -317248206 496866405
10-40-09-501 -893234081 -158927992 -317345075 496925346
10-40-09-510 -893255608 -158807557 -317348851 496919679
10-40-09-516 -893346696 -158749562 -317252538 496911113
10-40-09-548 -893303313 -158636193 -317290155 496903877
10-40-09-568 -893382638 -158541616 -317123001 496809803
10-40-09-580 -893428144 -158485983 -317047651 496859366
10-40-09-602 -893547600 -158430698 -317017211 496842504
10-40-09-614 -893714933 -158337638 -316726914 496720354
10-40-09-630 -893711997 -158245413 -316694116 496616760
10-40-09-651 -893847914 -158249011 -316570794 496636970
10-40-09-682 -894007919 -158435942 -316298185 496414509
10-40-09-689 -894045828 -158622633 -316185650 496344866
10-40-09-702 -894016029 -158698772 -316145257 496335286
10-40-09-708 -894187002 -159208250 -315986094 496129440
10-40-09-717 -894155401 -159338408 -315918996 496010970
10-40-09-740 -894170689 -142680484 -315883077 495974377
10-40-09-749 -894264548 -142813492 -315792208 495944763
10-40-09-753 -894212317 -142777935 -315735846 495948358
10-40-09-790 -894214985 -142881268 -315776801 495948512
10-40-09-891 -894172225 -142928387 -315752306 495965092
10-40-09-922 -894155006 -142933253 -315839818 496044762
10-40-09-935 -894141231 -142911458 -315839517 496009418
10-40-09-943 -894187687 -142873839 -315820046 496082339
10-40-09-954 -894016589 -158895693 -315917176 496354760
10-40-09-959 -894120419 -158870210 -315731547 496428221
10-40-09-964 -894174628 -158810859 -315531044 496475279
10-40-10-004 -894305232 -158740124 -315159148 496500323
10-40-10-013 -894326280 -158728937 -315160914 496532324
10-40-10-049 -894273196 -158631695 -315202225 496428374
10-40-10-064 -894338059 -158600406 -315264155 496372083
10-40-10-072 -894441714 -158522579 -315260484 496286985
10-40-10-086 -894426941 -158505421 -315079075 496276345
10-40-10-101 -894604989 -158482926 -314714497 496324856
10-40-10-110 -894718769 -158472571 -314567947 496230236
10-40-10-119 -894688339 -158390918 -314594434 496263606
10-40-10-137 -894741321 -158377634 -314507022 496190170
10-40-10-158 -894849866 -158423466 -314430491 496103377
10-40-10-166 -894898743 -158310401 -314380754 496103390
10-40-10-189 -895045369 -158139168 -313855653 496304481
10-40-10-208 -895091167 -157983785 -313561847 496390116
10-40-10-217 -895071571 -157909404 -313346989 496503816
10-40-10-304 -895274263 -157705908 -311846589 497078232
10-40-10-314 -895431191 -157566256 -311063546 497500447
10-40-10-323 -895458016 -157431535 -326964651 497907636
10-40-10-376 -895681768 -157154791 -325039835 498811302
10-40-10-395 -895632313 -154025954 -298362563 522247297
10-40-10-405 -895408015 -151247125 -295899379 524653128
10-40-10-424 -895129231 -130800894 -309862775 527617879
10-40-10-442 -877143700 -60606777 -246018312 590428429
10-40-10-455 -854067554 -57939227 -251752427 605583204
10-40-10-460 -862718486 -36621642 -227425741 603906298
10-40-10-477 -828675894 54119528 -233376935 660519194
10-40-10-483 -797130142 62549451 -243793812 672220902
10-40-10-494 -780488714 103352310 -273648578 666675254
10-40-10-537 -759851422 131534650 -284231857 705770713
10-40-10-543 -740028919 170264587 -296359368 699496730
10-40-10-550 -702607804 192118419 -325190490 726072170
10-40-10-594 -633278180 255394896 -348810508 734897730
10-40-10-615 -624156328 275984808 -363394389 758807613
10-40-10-629 -580826836 280256669 -377968643 747697480
10-40-10-645 -499968944 359584732 -438673327 771755961
10-40-10-654 -489004315 375840934 -455498019 772073803
10-40-10-660 -460283199 387606566 -473860177 772668822
10-40-10-686 -349791186 383103676 -515974538 777426556
10-40-10-697 -336433888 383943251 -532480068 778830211
10-40-10-709 -293712412 403013901 -545613315 778753519
10-40-10-744 -276824770 419713134 -564405855 751787446
10-40-10-765 -262054986 423163416 -566421432 747547750
10-40-10-782 -268018900 423835613 -566858204 761592069
10-40-10-806 -323166643 407960321 -574540405 762497632
10-40-10-826 -342043606 380806682 -551085256 748301521
10-40-10-840 -346604415 368347832 -559319814 751378279
10-40-10-862 -440316749 338180564 -521787050 777260778
10-40-10-871 -469880641 319627536 -505218948 779001507
10-40-10-878 -484471921 282992641 -469574061 779659708
10-40-10-909 -551029168 256108124 -441415070 776769954
10-40-10-923 -584700808 215205021 -398948157 773299062
10-40-10-929 -617570916 205660722 -389516446 751583252
10-40-10-943 -722913188 93312648 -294991686 745102425
10-40-10-948 -732482487 73198775 -267460108 717679635
10-40-10-956 -774595272 35754190 -254038370 721867640
10-40-10-973 -820237675 -88815828 -147937310 673050903
10-40-10-979 -834084593 -122768314 -127568117 655555832
10-40-10-984 -861311786 -156045977 -113695721 638262177
10-40-11-015 -864811512 -231156210 -119222856 567292960
10-40-11-028 -869220460 -273161443 -120559470 549810518
10-40-11-033 -889487487 -277021326 -121228922 534401710
10-40-11-064 -896871087 -323908914 -107365710 525345160
10-40-11-089 -881278368 -324684570 -100769510 523988853
10-40-11-098 -881908114 -321620266 -79539806 525199776
10-40-11-116 -881075485 -278046874 -106090919 539801249
10-40-11-135 -895984147 -265269524 -98862430 530740209
10-40-11-143 -893219454 -251327665 -110106527 556426925
10-40-11-165 -877883500 -220387772 -147607870 590173563
10-40-11-172 -853591222 -201435820 -160412496 586872925
10-40-11-185 -862073468 -163409609 -190316184 601049268
10-40-11-209 -814794283 -104569460 -235475008 658360425
10-40-11-220 -802093714 -61404285 -254502900 653531638
10-40-11-226 -787900945 -53129467 -276387743 664003857
10-40-11-261 -753117422 -7303493 -326887121 682848424
10-40-11-267 -733339413 13979720 -335282845 708391459
10-40-11-301 -729680158 50542126 -375700150 699744993
10-40-11-314 -648395498 106818434 -438690388 720089809
10-40-11-320 -642968134 124637058 -457568641 742265749
10-40-11-351 -603298922 141825432 -476029736 730166558
10-40-11-371 -528400047 202350782 -536974296 761239722
10-40-11-382 -508688668 200636890 -530752402 762809123
10-40-11-407 -490863325 215466786 -556973051 763075474
10-40-11-417 -427947183 250870402 -567087821 759274689
10-40-11-431 -413088982 275099968 -592877181 758041452
10-40-11-462 -398676590 263257414 -585027766 757111428
10-40-11-473 -365796268 288062722 -603623330 756156954
10-40-11-483 -361638248 289908963 -622403333 755908600
10-40-11-501 -361108023 290200154 -622622948 755899366
10-40-11-510 -391062305 260140400 -599299805 759629786
10-40-11-516 -382989083 269464346 -610699069 762136367
10-40-11-544 -410632534 244684349 -586784938 748066854
10-40-11-573 -435258762 216278260 -573408576 774090873
10-40-11-584 -450343989 219848882 -545700212 777149093
10-40-11-605 -465343802 204137458 -534974194 780096555
10-40-11-614 -513069695 131483531 -499296877 769608430
10-40-11-622 -531362345 112814263 -484184712 770248834
10-40-11-646 -551540594 94981327 -466573766 769736836
10-40-11-664 -596220222 60032862 -441780985 764803263
10-40-11-677 -619184188 57246552 -402198496 777519572
10-40-11-701 -658293399 35863420 -378955849 772356226
10-40-11-715 -703264292 -56318517 -326288270 732147019
10-40-11-727 -738923448 -65226854 -285089327 738942808
10-40-11-752 -757663723 -106914657 -275195110 727427723
10-40-11-767 -786779775 -186157659 -208525511 667661064
10-40-11-779 -797030391 -198220995 -178469697 651396821
10-40-11-801 -805208923 -228378712 -185868407 634182692
10-40-11-812 -819970271 -315060186 -168377957 581810527
10-40-11-825 -839691188 -356054917 -143305937 566393276
10-40-11-846 -841883408 -376972760 -133061541 553111865
10-40-11-857 -843813664 -399565005 -98862301 530429294
10-40-11-867 -843904167 -421878258 -106935328 544609984
10-40-11-889 -844003704 -423808998 -101375096 543962370
10-40-11-900 -844141994 -396964804 -103450058 533992989
10-40-11-917 -843822398 -406018602 -92641379 555768094
10-40-11-946 -843159924 -379671993 -100096448 545278210
10-40-11-957 -821767167 -356682421 -128307396 587922213
10-40-11-968 -818884037 -340316797 -156510715 581781821
10-40-11-990 -815151994 -322629912 -168574161 609908058
10-40-12-002 -804803576 -266866714 -177409153 617731655
10-40-12-012 -798095448 -245975497 -207989605 630471902
10-40-12-050 -807204993 -240705344 -222936808 659858393
10-40-12-058 -778626297 -168665773 -273434217 695412286
10-40-12-066 -750675157 -126186603 -291240217 705817163
10-40-12-083 -755252528 -100112159 -309721838 698582909
10-40-12-090 -711837814 -25598293 -369505670 721318843
10-40-12-105 -695293080 -20086841 -389765010 743940301
10-40-12-132 -677708971 18016900 -409800565 732511967
10-40-12-143 -621514786 60496429 -448150964 761880880
10-40-12-149 -585714009 79552335 -464100954 748242896
10-40-12-250 -567053766 98165435 -478672649 750631616
10-40-12-289 -514445981 170906088 -513872993 754609327
10-40-12-300 -499360940 188582288 -539357976 754442711
10-40-12-310 -485217347 205365550 -530946774 753534058
10-40-12-329 -372883046 286508719 -615612544 734945851
10-40-12-340 -346244759 292683523 -620149697 733418620
10-40-12-364 -356873627 280781207 -639326687 732338608
10-40-12-386 -356606825 279250641 -619591384 735577179
10-40-12-396 -345437947 289645617 -615558711 755414024
10-40-12-411 -370678900 264433178 -626700374 759275745
10-40-12-434 -378463200 258810329 -610901655 751089754
10-40-12-447 -410918803 227796364 -584287499 772194237
10-40-12-461 -411581707 211892084 -590043368 776355036
10-40-12-475 -489337381 170528158 -532601586 768629808
10-40-12-483 -495089509 131367833 -516604478 770004952
10-40-12-493 -518464239 125031066 -499119268 770251715
10-40-12-501 -610782002 53088938 -435979955 779153945
10-40-12-514 -620258200 10990502 -427640012 773791511
10-40-12-535 -646648347 1432054 -383601068 749871697
10-40-12-541 -717130250 -105390860 -299273651 718847423
10-40-12-548 -736508529 -137092014 -288365440 722753714
10-40-12-573 -754267244 -168624310 -259894957 708423856
10-40-12-592 -810773242 -244713941 -166817893 659497265
10-40-12-603 -801928386 -291485234 -148682849 642091911
10-40-12-649 -824056869 -320555015 -151700886 625139647
10-40-12-658 -830263865 -383477695 -109359501 576299779
10-40-12-670 -830389163 -423662887 -120362761 560890023
10-40-12-688 -830377128 -428120834 -97075374 529305810
10-40-12-697 -829610095 -490151957 -85242523 496495120
10-40-12-706 -828978957 -480041752 -75207494 509414175
10-40-12-729 -828139611 -482435215 -67180471 509416268
10-40-12-738 -826645156 -468593108 -49942536 524432694
10-40-12-747 -826913081 -475197489 -74294026 515336243
10-40-12-776 -827390453 -446249527 -84060618 540508625
10-40-12-789 -827458309 -415912551 -106886218 560983674
10-40-12-796 -826139565 -398096898 -118820581 573542203
10-40-12-812 -823939512 -378338104 -113423139 587802710
10-40-12-827 -810977493 -325449621 -149536827 619181785
10-40-12-833 -787901857 -283439811 -164144769 635041761
10-40-12-860 -780378277 -275044906 -180261861 650041637
10-40-12-878 -751356937 -184122478 -253392791 706016209
10-40-12-884 -756471228 -175725034 -274223231 700294387
10-40-12-912 -744363891 -132721699 -277915855 727120555
10-40-12-924 -705685715 -67919278 -352443060 733521256
10-40-12-944 -691844044 -41936024 -371857105 755273910
10-40-12-966 -676792311 -18812547 -392317356 759146535
10-40-12-980 -622374771 52005417 -460146764 749345329
10-40-12-993 -584435515 67386308 -466155175 750955976
10-40-13-026 -562821769 66235691 -503963212 752573642
10-40-13-036 -522603686 138931012 -530923965 771942398
10-40-13-045 -506971925 158612497 -557897208 754300373
10-40-13-067 -492685033 160740621 -550965844 752252122
10-40-13-073 -432754588 224079519 -584022022 757947923
10-40-13-079 -416501624 235243299 -596051573 737499519
10-40-13-105 -399807866 228072877 -624616830 733926592
10-40-13-117 -387558281 259922687 -644483100 744212975
10-40-13-124 -377041050 247702825 -634985302 741602290
10-40-13-156 -369196562 249493897 -657163345 740028421
10-40-13-176 -348796828 259139342 -656737461 744774579
10-40-13-189 -373623815 254439978 -633270077 731459517
10-40-13-214 -368380251 231196527 -641089310 735591731
10-40-13-230 -415834042 194070912 -605553040 750634149
10-40-13-242 -434324092 192503084 -591897491 772347096
10-40-13-263 -470887818 171878769 -577449000 776479373
10-40-13-276 -540069926 106742405 -523387812 764945323
10-40-13-297 -549269179 85516132 -483249505 764465309
10-40-13-320 -592387478 46735577 -474452805 779786126
10-40-13-333 -649399315 -13843736 -378114376 750051508
10-40-13-346 -670779156 -42785914 -352205106 759692204
10-40-13-364 -707586334 -88929822 -342223242 734610159
10-40-13-374 -747697518 -162123639 -254285314 698144841
10-40-13-382 -779295716 -194567679 -213354682 681877514
10-40-13-400 -790910525 -228324942 -194167402 664265016
10-40-13-413 -811760035 -327341983 -161523241 622723992
10-40-13-430 -798963771 -373068665 -169258387 586952474
10-40-13-451 -802550933 -382085575 -157508732 568910866
10-40-13-459 -822986736 -453297339 -117949192 532849793
10-40-13-465 -805255117 -448211699 -92382022 543277441
10-40-13-495 -804065700 -473067774 -103343602 539323609
10-40-13-516 -801983831 -461550693 -101170355 538170432
10-40-13-529 -801246357 -475563809 -104131547 541216330
10-40-13-554 -800643025 -452793429 -92371744 529491537
10-40-13-567 -798465888 -436836528 -116253495 570446493
10-40-13-581 -813661209 -422073306 -127167545 564286976
10-40-13-611 -811236993 -405596525 -155512622 592751117
10-40-13-624 -781873898 -329883652 -192104727 617381369
10-40-13-639 -792630284 -323736661 -205612651 632091728
10-40-13-662 -768914511 -282840899 -220156273 646751155
10-40-13-679 -758660720 -225083172 -269669681 686939271
10-40-13-702 -730771205 -182813370 -287692144 698820024
10-40-13-716 -718907280 -173736754 -306730601 726187378
10-40-13-723 -694952877 -78384036 -349403060 734766996
10-40-13-731 -663293869 -68393355 -367619932 758478052
10-40-13-745 -648257320 -41443496 -384036458 747745260
10-40-13-806 -602089963 52397782 -432483432 775015492
10-40-13-818 -585161704 59710232 -450035893 775939347
10-40-13-829 -567551031 83465693 -467250885 776141091
10-40-13-847 -533064435 132619689 -497363934 773961966
10-40-13-857 -447176358 247724122 -595456074 740370749
10-40-13-873 -430887036 275241266 -610009024 717756571
10-40-13-900 -415795585 267963631 -622691002 729238519
10-40-13-907 -394476542 283220000 -639238143 704174470
10-40-13-914 -406121755 304953883 -642958044 701716511
10-40-13-934 -404451968 306864664 -644382288 700654984
10-40-13-952 -398616383 290092284 -619561694 725305579
10-40-13-958 -424097748 261891042 -612660468 714003456
10-40-13-983 -418695174 248576454 -603546728 720028304
10-40-14-004 -468109677 200948771 -564140156 737020202
10-40-14-015 -505126148 182643081 -547672303 758022441
10-40-14-035 -526254699 163665891 -529819227 761657951
10-40-14-048 -592314253 117770509 -468481071 750226593
10-40-14-062 -596779432 77055702 -446376072 750584416
10-40-14-080 -616958556 67351289 -440635060 750141154
10-40-14-098 -668503393 -28288613 -374235977 759865346
10-40-14-109 -684861131 -61161614 -332089494 754985631
10-40-14-140 -701471636 -92568762 -320348110 731613082
10-40-14-153 -758368822 -180844723 -218087908 722993657
10-40-14-169 -750065940 -212373529 -194499735 712382091
10-40-14-189 -772796376 -246586170 -191527379 683183732
10-40-14-195 -765154727 -350320244 -131041247 637218161
10-40-14-201 -766461661 -381506304 -135296527 620361914
10-40-14-227 -766772295 -427246155 -122813949 620746877
10-40-14-239 -765082382 -479021571 -65634533 577896425
10-40-14-245 -764148288 -511054842 -67635930 550760758
10-40-14-277 -779967443 -521717711 -53843575 560556339
10-40-14-296 -777638815 -513299427 -36339351 556909960
10-40-14-309 -776842072 -512187268 -34039703 559159107
10-40-14-336 -776633083 -525040807 -35879767 546261158
10-40-14-350 -779018685 -479558495 -57069321 566637268
10-40-14-359 -763760236 -464059792 -67832903 593011635
10-40-14-386 -764908985 -445884592 -63270265 604109562
10-40-14-392 -764648974 -379638187 -123258503 642471834
10-40-14-398 -779488874 -372342100 -140493306 655444480
10-40-14-424 -776049476 -331323389 -143001465 651155514
10-40-14-430 -756182248 -261957261 -210029480 685788719
10-40-14-441 -746302719 -256069578 -233242187 696722850
10-40-14-472 -718753661 -215848845 -272040491 724290964
10-40-14-478 -682762867 -154456787 -313898715 737715185
10-40-14-484 -669957707 -109497225 -331961985 762845438
10-40-14-522 -673992351 -80862453 -349264931 753026048
10-40-14-533 -616118270 2741355 -401966181 765409198
10-40-14-553 -600726208 11112146 -438757119 766344530
10-40-14-575 -583514382 50927811 -460774310 765912391
10-40-14-596 -538935014 106856801 -514472404 777297892
10-40-14-610 -500237485 122121414 -536674150 774412677
10-40-14-628 -479196356 136782433 -573400830 754472156
10-40-14-642 -460995135 167854903 -604550563 762821878
10-40-14-654 -430302548 167172508 -599662696 757880521
10-40-14-676 -418358272 182838926 -626788234 735481049
10-40-14-697 -404401340 217598250 -637059436 719290921
10-40-14-712 -394060298 240152472 -662481805 715257940
10-40-14-729 -367550340 242919159 -653395909 729379042
10-40-14-744 -369784665 240616443 -678149774 713299557
10-40-14-756 -374692408 237654412 -674004181 715635526
10-40-14-778 -367076821 216015209 -650899268 718250444
10-40-14-791 -424020971 204620406 -639871586 746331847
10-40-14-811 -439976688 190220651 -628487599 733773841
10-40-14-824 -456990447 173647580 -599526547 737916324
10-40-14-842 -497765528 99813054 -571778981 747091453
10-40-14-855 -537153931 81183895 -534669264 749177674
10-40-14-874 -561507463 63490999 -527031703 750931824
10-40-14-887 -616779170 21583563 -444312543 750837502
10-40-14-899 -636840201 -18329149 -400425208 749479318
10-40-14-930 -672183798 -26054102 -389974344 746969063
10-40-14-938 -702874157 -100539000 -307900245 734337039
10-40-14-946 -715649045 -142580357 -265470055 744625546
10-40-14-964 -743055176 -169270896 -243533312 720112287
10-40-14-970 -762694940 -255651036 -195718797 707946100
10-40-14-976 -749889627 -268356857 -183826191 679554555
10-40-15-008 -753010910 -296942509 -189634565 667218607
10-40-15-032 -775205013 -349863697 -151020539 657629499
10-40-15-053 -777685916 -390270299 -157199212 644028642
10-40-15-071 -779989620 -394629589 -130553173 613832992
10-40-15-083 -767836969 -460763419 -121945575 579198112
10-40-15-090 -767947210 -472626956 -98547073 587935379
10-40-15-164 -767556845 -465137786 -93407883 565264830
10-40-15-206 -766203185 -489149637 -103994328 562197893
10-40-15-229 -766047760 -468403013 -105494930 565293092
10-40-15-236 -766086281 -461740192 -108912889 569962180
10-40-15-253 -774611786 -366621444 -160700075 630093567
10-40-15-321 -742593608 -228233912 -248146734 699164324
10-40-15-332 -717332528 -220714024 -266480358 725112767
10-40-15-339 -724693288 -179805628 -302370220 716562474
10-40-15-410 -686192593 -131836218 -342560368 730670583
10-40-15-441 -601554554 -17079524 -457901045 772347967
10-40-15-455 -585868089 19608265 -475702371 773746339
10-40-15-460 -569626909 39481025 -493265838 774431959
10-40-15-471 -493084631 133679359 -564858926 747620507
10-40-15-479 -462030355 150377005 -593498265 760865607
10-40-15-485 -448651464 166815676 -604097034 756956171
10-40-15-511 -415677667 212140569 -613710011 742408704
10-40-15-526 -423047181 241312617 -637965211 720659810
10-40-15-537 -396902995 234556334 -645214564 716313667
10-40-15-590 -388693501 251176750 -661732509 725800953
10-40-15-668 -366920612 269073528 -647498568 725665636
10-40-15-683 -364285685 251183211 -648062831 726841905
10-40-15-695 -367146281 258731438 -660406431 715975663
10-40-15-709 -417542770 203328029 -602017802 758168539
10-40-15-720 -575821518 72626447 -478270610 778681390
10-40-15-729 -580041103 31037174 -473484789 778202679
10-40-15-750 -598769692 19048781 -453834762 776523552
10-40-15-757 -629805950 -46530601 -401599969 753223510
10-40-15-765 -661666151 -78586805 -381540432 748262475
10-40-15-786 -678727072 -124251797 -372652398 759271439
10-40-15-805 -714011205 -181831949 -267605924 716961818
10-40-15-811 -743509204 -224411951 -245129592 722247524
10-40-15-840 -736659241 -252541784 -227450090 709136491
10-40-15-845 -753097013 -330763247 -196652395 661623231
10-40-15-851 -772793328 -362280171 -204910186 643987754
10-40-15-893 -775651909 -408647417 -177763669 625988452
10-40-15-910 -764910790 -476940887 -133486761 564761572
10-40-15-922 -764907205 -492039153 -136186640 572469785
10-40-15-940 -764247318 -504134576 -124095182 548888436
10-40-15-991 -778442308 -525459717 -106654284 536387796
10-40-16-008 -778222907 -527463953 -106709827 534867849
10-40-16-018 -778565836 -526025879 -108634983 535269195
10-40-16-035 -779869138 -496781824 -117618948 560038161
10-40-16-042 -777492589 -421577278 -164169647 602383083
10-40-16-078 -774481481 -384037410 -178051552 615311677
10-40-16-165 -753684294 -362140709 -209455284 645550410
10-40-16-199 -759852532 -314151913 -240303919 672394189
10-40-16-211 -736600514 -304887886 -257139962 668494028
10-40-16-220 -698475866 -178770887 -337690682 728020258
10-40-16-239 -654671609 -92248525 -411795445 755564911
10-40-16-245 -528770582 70425393 -539768481 754501537
10-40-16-252 -525326990 91610122 -556506434 754251797
10-40-16-276 -505842441 96315645 -571304562 753615167
10-40-16-293 -446515978 164918940 -583497793 761641252
10-40-16-299 -453989545 204418776 -606268425 756596506
10-40-16-322 -428414898 226170402 -596453726 733293911
10-40-16-343 -402414204 276597690 -619023731 728906125
10-40-16-348 -410092708 286606768 -643853021 723144933
10-40-16-371 -384530756 293051626 -634432040 702031999
10-40-16-393 -390676793 282472290 -660036450 697310829
10-40-16-429 -393822881 279853014 -657799512 698759111
10-40-16-449 -383008354 291164552 -636554657 701727345
10-40-16-459 -401980400 274347135 -638282847 727928180
10-40-16-495 -481610134 198165201 -551116923 755703163
10-40-16-504 -501212919 183306941 -531885151 760770247
10-40-16-513 -536978053 166015048 -512671736 748772806
10-40-16-529 -572413499 126701984 -490429690 774203814
10-40-16-535 -590446250 123882208 -452219710 777179629
10-40-16-541 -608797732 105417401 -429562642 778962715
10-40-16-572 -657758187 33520713 -386817539 776242287
10-40-16-583 -652828611 9771251 -374531533 773322116
10-40-16-591 -678816449 -17242444 -348875499 753194244
10-40-16-628 -704746733 -82315585 -314970733 757422520
10-40-16-634 -698602770 -122444985 -296967770 735268909
10-40-16-642 -726010527 -127920222 -278820885 745609975
10-40-16-684 -730600715 -199967915 -243461852 704336900
10-40-16-701 -733563699 -228542704 -255656853 711038041
10-40-16-718 -734834135 -275202030 -251825740 683896070
10-40-16-733 -756720464 -355499961 -222030883 652924501
10-40-16-743 -759899034 -377183802 -204023987 660231927
10-40-16-750 -762923726 -379273158 -185244976 634456183
10-40-16-811 -750430042 -442105050 -137950149 627845258
10-40-16-837 -750050661 -454673515 -109578208 621771599
10-40-16-850 -749230637 -448664449 -99692027 600075373
10-40-16-867 -747536792 -463090408 -83237346 610508257
10-40-16-880 -748317666 -429207709 -107431176 616142799
10-40-16-887 -748142747 -414897645 -117961159 640956593
10-40-16-893 -747417941 -399464962 -113337811 632724793
10-40-16-917 -760709016 -364545230 -157664689 651619637
10-40-16-928 -757702753 -345170610 -173275153 678401070
10-40-16-947 -737078156 -341649530 -190246307 688444789
10-40-16-979 -720542413 -275318575 -228988949 700526274
10-40-17-035 -713519431 -234683382 -247967757 726116824
10-40-17-051 -722422922 -209753788 -267277313 717785761
10-40-17-075 -686754536 -176048547 -323409676 732895707
10-40-17-095 -598209122 -29788849 -428961767 764328071
10-40-17-108 -580864217 -8527145 -447759296 767501209
10-40-17-119 -563002191 -4066577 -465665763 769990519
10-40-17-137 -526196659 70958081 -512780524 790857125
10-40-17-150 -508669565 88076725 -543239791 791199635
10-40-17-164 -492504909 104578781 -555339755 790925452
10-40-17-183 -430603231 155929291 -590104110 767132030
10-40-17-195 -413887314 176081097 -586799962 778660130
10-40-17-209 -397037033 180480646 -600447101 771971737
10-40-17-222 -346863295 253775421 -654497339 732568331
10-40-17-231 -332154317 249475427 -647130040 743653356
10-40-17-238 -336287683 274628686 -654278614 739816056
10-40-17-307 -319755054 264735658 -677228250 738638265
10-40-17-328 -301636640 263585162 -675848172 740893052
10-40-17-337 -321763925 276488637 -671956176 744413099
10-40-17-377 -354626994 254428391 -631495832 758421369
10-40-17-391 -416207474 160635040 -579439435 765760638
10-40-17-402 -434089724 156810537 -565901188 770390440
10-40-17-411 -452724167 134989083 -551015133 791305118
10-40-17-425 -514262307 67817477 -496215172 781709290
10-40-17-433 -535749846 29234367 -492194438 781857378
10-40-17-497 -573492213 23721739 -471058716 780751560
10-40-17-526 -626948144 -70642276 -410079092 789403007
10-40-17-536 -641075253 -101131581 -390272035 768460825
10-40-17-547 -663338531 -176873511 -326371596 748540318
10-40-17-563 -739839422 -350299575 -182569628 688557230
10-40-17-572 -745990273 -378535511 -161438959 672124472
10-40-17-586 -734410068 -420558134 -156465779 656577060
10-40-17-607 -757698224 -477939331 -88778097 621371579
10-40-17-615 -757221717 -490945825 -70548957 597309677
10-40-17-624 -756320344 -483759246 -54676680 608722784
10-40-17-692 -755121714 -495769899 -14473111 584778308
10-40-17-716 -738000774 -499626003 -23934694 582054876
10-40-17-734 -738063114 -502536810 -19021300 579630822
10-40-17-748 -755426451 -521615800 1978392 593667629
10-40-17-801 -737022622 -478716206 -25616935 599656545
10-40-17-808 -736260751 -469409876 -52883605 623930067
10-40-17-817 -735336990 -474771414 -48044026 615912950
10-40-17-823 -732339085 -428889079 -91689103 636758820
10-40-17-843 -703495649 -312292685 -176941486 727539170
10-40-17-850 -711241055 -309095053 -197258805 739134258
10-40-17-855 -684699633 -288809534 -235014349 733227839
10-40-17-893 -651340812 -221086743 -305203454 776969039
10-40-17-913 -655694412 -179748553 -314772575 766447143
10-40-17-926 -641914424 -171810717 -358605415 771347244
10-40-17-948 -579669610 -101769763 -416147466 781081329
10-40-17-959 -564106060 -63552512 -454467335 782656807
10-40-17-968 -548087852 -43175376 -475159618 783644324
10-40-18-040 -499058714 20356286 -528167931 784441861
10-40-18-051 -483183709 25860481 -545130944 782311772
10-40-18-068 -466733341 47879116 -561831266 796055492
10-40-18-080 -434360045 106874003 -590230119 789898720
10-40-18-099 -385604348 196235397 -618322199 759232739
10-40-18-107 -393138464 217875757 -630336390 730779983
10-40-18-112 -364820125 254503924 -660775160 718288526
10-40-18-132 -314532456 293356144 -709946834 681362265
10-40-18-144 -294137939 284396236 -725658972 687884174
10-40-18-149 -291740499 308521820 -738811321 678795313
10-40-18-178 -244506240 322198991 -757054791 647472780
10-40-18-190 -245764969 321813357 -756770469 647609064
10-40-18-196 -251012057 301758474 -736956353 650661385
10-40-18-304 -283906521 280990322 -715495215 670039985
10-40-18-339 -297734956 288504358 -722676381 694894477
10-40-18-347 -312140475 261512914 -712274764 686371839
10-40-18-355 -428224650 140388205 -609117352 773952020
10-40-18-364 -444874294 100162185 -591374929 764969067
10-40-18-373 -463664302 77605576 -571370118 771527776
10-40-18-384 -524483785 35298176 -480683858 782233077
10-40-18-391 -553554454 -2371174 -471182690 783101282
10-40-18-396 -590908980 -9412459 -428620665 782873526
10-40-18-424 -627144289 -66377185 -378412700 795550626
10-40-18-434 -643404290 -98840133 -370658206 790675666
10-40-18-441 -658933293 -132100459 -328970306 767368868
10-40-18-479 -708263917 -218003289 -228970721 758178032
10-40-18-500 -704576667 -243959354 -195627051 730641320
10-40-18-518 -713957533 -288631868 -186005631 718609797
10-40-18-543 -741787666 -386033200 -142317481 689296398
10-40-18-550 -742700510 -400860963 -117119352 671920787
10-40-18-558 -744842592 -428627508 -121277157 654421034
10-40-18-579 -732328017 -478938032 -73507045 602976894
10-40-18-590 -732159408 -503525579 -44775410 598043607
10-40-18-600 -731813018 -508858809 -53114837 611482576
10-40-18-669 -732183988 -498826040 -31257168 605958167
10-40-18-691 -733015038 -498141158 -32747152 605358373
10-40-18-712 -734070232 -496234242 -51450082 605567887
10-40-18-728 -735848890 -505199467 -54728578 609551459
10-40-18-746 -736532635 -452565446 -70677667 617830933
10-40-18-764 -736228821 -448093183 -75341694 637753941
10-40-18-783 -735907048 -460941306 -63688469 640386440
10-40-18-798 -734941631 -454014950 -90818953 645150592
10-40-18-859 -734416467 -433985288 -78845764 630581513
10-40-18-886 -733847107 -430544348 -83057073 632875859
10-40-18-912 -732993277 -440369666 -106921541 637448878
10-40-18-930 -732679692 -436969312 -93318155 656313118
10-40-18-942 -745868160 -404660465 -126121118 674545766
10-40-18-960 -745803579 -384277551 -128322271 676262168
10-40-18-973 -745758603 -380859776 -130697105 677823966
10-40-18-983 -745638176 -388345731 -154980330 664714522
10-40-18-988 -745597217 -368951035 -157565597 665729560
10-40-19-006 -745617193 -366459945 -143222311 666547950
10-40-19-023 -745634346 -376206983 -149785850 668938388
10-40-19-033 -745679797 -373865770 -168528196 669581121
10-40-19-064 -745667907 -371692413 -170379375 670305079
10-40-19-077 -745621875 -349489994 -175662057 688793051
10-40-19-088 -745491647 -348094908 -160650901 689161725
10-40-19-113 -745312407 -346957159 -162418455 689474872
10-40-19-121 -745136125 -345166679 -165952440 689685236
10-40-19-127 -745150953 -344539653 -167650206 689674856
10-40-19-148 -745099045 -360633216 -186062891 689704398
