10-42-24-087 975509779 -79019682 396356091 155897572
10-42-24-121 975637836 -78759056 396174081 155884694
10-42-24-157 975698999 -78494821 395927231 155878130
10-42-24-167 975987338 -78102888 395414805 155927561
10-42-24-173 976097976 -77999296 395179226 155941249
10-42-24-194 976645408 -77192844 410766784 155957250
10-42-24-207 977204997 -76821413 409331100 156032288
10-42-24-214 977494119 -76697052 408808144 156129644
10-42-24-242 977653520 -76528963 408264579 156194164
10-42-24-262 978199749 -76626137 406954565 156586612
10-42-24-268 978238989 -76649431 406626393 156676996
10-42-24-288 978399030 -76727124 406400266 156805923
10-42-24-308 978589711 -76832920 405893945 156973100
10-42-24-313 978717260 -76756957 405609395 156884351
10-42-24-341 978774700 -76602523 405268087 156872103
10-42-24-368 979126500 -76338848 404650979 157041320
10-42-24-379 979151388 -76296955 404355258 157058697
10-42-24-395 979315157 -76056982 404181107 157146783
10-42-24-404 979794759 -92155873 403098269 157129653
10-42-24-412 979891401 -91873506 402771208 157059984
10-42-24-445 980109105 -91753183 385759175 157036056
10-42-24-455 980436036 -91342804 385107647 156827956
10-42-24-472 980462671 -91263074 384903166 156748049
10-42-24-491 980547339 -91236006 384701551 156844686
10-42-24-500 980968039 -90613640 383751193 157083704
10-42-24-515 981094106 -90354256 383521689 157233314
10-42-24-555 981163858 -90202916 383295824 157309987
10-42-24-562 981179751 -89866446 383054890 157570701
10-42-24-570 981274329 -89776517 383017397 157594788
10-42-24-581 981281799 -89821291 382954348 157755290
10-42-24-596 981253622 -89366434 382955450 157662159
10-42-24-605 981319183 -88947712 382936195 157526707
10-42-24-637 981369935 -88180884 382962470 157363090
10-42-24-661 964673916 -86241587 383488974 156382786
10-42-24-669 981412452 -86238832 383840058 156139389
10-42-24-695 981246584 -86438209 384181927 155905266
10-42-24-705 981289761 -87075090 384144386 155688978
10-42-24-711 981347748 -87629050 383957261 155582296
10-42-24-741 981325032 -88056753 383861306 155502963
10-42-24-831 964746640 -87986134 383416017 155426357
10-42-24-925 965018261 -87840276 383001821 155352724
10-42-24-953 965176059 -87656649 382639770 155106578
10-42-24-963 965153862 -88047477 382722959 154951036
10-42-24-975 964966037 -90869048 382396550 155560298
10-42-25-002 965641535 -90971105 379939347 157375367
10-42-25-014 965750259 -91108497 379626573 157596616
10-42-25-025 965738012 -91156036 379408809 157924353
10-42-25-074 965985413 -91345815 378465173 158558140
10-42-25-139 966100943 -91263552 378139028 158693757
10-42-25-160 966232458 -91069167 377805366 158800569
10-42-25-167 966316557 -90200078 377727212 158844121
10-42-25-178 969229980 -85993285 388718501 157564890
10-42-25-279 988059963 -52588048 354039370 111560042
10-42-25-331 1009293240 -40658007 328368781 119840471
10-42-25-342 1014007429 -10160317 318310369 93571165
10-42-25-352 1023730771 21744415 293705670 88514684
10-42-25-378 1003691315 241770552 224672718 -68170116
10-42-25-396 1014314648 251054444 218873943 -66272571
10-42-25-411 1007194273 277042021 196391078 -80932987
10-42-25-423 981099716 350647169 183491406 -140251335
10-42-25-435 954028247 390677176 180746572 -153909652
10-42-25-459 959754622 396401430 178873059 -150389278
10-42-25-473 919442175 455902927 176222593 -176445066
10-42-25-483 911029336 478550096 191992987 -218547664
10-42-25-492 881339414 496587334 192139641 -214126312
10-42-25-513 854814300 530365264 192753602 -254874638
10-42-25-524 858052558 546324505 191620879 -250453902
10-42-25-533 844348072 578461207 189057879 -263488126
10-42-25-548 786407526 603438641 173374704 -321576746
10-42-25-557 788581702 617005249 149152760 -335585900
10-42-25-567 773622744 630320728 157560664 -332754239
10-42-25-577 713099897 665619284 125332502 -389253013
10-42-25-582 698909697 693118292 94682321 -384407663
10-42-25-587 685268029 686517347 80675403 -394950218
10-42-25-618 650711528 729270123 53911392 -415440229
10-42-25-623 659418586 719233271 39653010 -417942791
10-42-25-629 636460659 742254554 8924303 -417631766
10-42-25-673 629973763 757265805 -23273914 -401194954
10-42-25-693 629987684 760899728 -15395841 -410891515
10-42-25-703 630693096 746626433 -40378507 -404372337
10-42-25-721 633963246 747107566 -33242021 -380396656
10-42-25-732 633148691 760356459 -33586636 -405754324
10-42-25-764 633999146 737658966 -52106204 -398682242
10-42-25-799 634713252 738744860 -32373189 -442927626
10-42-25-807 633976288 718683679 -41246382 -433425292
10-42-25-814 635826808 714385579 -15472304 -455033732
10-42-25-851 648286885 712803975 1238493 -449983194
10-42-25-870 652396465 706616678 4108638 -470335899
10-42-25-882 673797940 683198832 7685004 -473790004
10-42-25-895 668005436 668354970 19072920 -462746639
10-42-26-009 712685954 639827465 85976525 -494312667
10-42-26-059 701303673 628068933 106270061 -481128067
10-42-26-074 704430116 599237467 124303687 -504285579
10-42-26-082 728729392 565983860 156887305 -524256310
10-42-26-094 706311788 436651420 331970342 -584549907
10-42-26-125 705213083 394314282 361699135 -585905933
10-42-26-135 676742250 269443178 485180722 -625431248
10-42-26-145 672588538 217840735 520235313 -628934664
10-42-26-159 651258905 179294967 539304197 -614337440
10-42-26-168 659472713 48488244 588325639 -623024439
10-42-26-190 656681401 19714745 586864193 -597358718
10-42-26-311 655230549 -41579182 599181932 -586085498
10-42-26-333 656264444 -113123525 620653870 -550501049
10-42-26-343 655634488 -170032279 629325334 -531097487
10-42-26-354 634376339 -211665667 646220495 -511190176
10-42-26-364 612913691 -311890334 670462074 -432360033
10-42-26-370 616890969 -321718374 671049881 -430500499
10-42-26-375 615123738 -320275963 682359326 -415532698
10-42-26-407 585076202 -279655147 731748771 -406784744
10-42-26-414 594498561 -265153598 757860576 -410331791
10-42-26-423 594578921 -248051756 761584731 -397153301
10-42-26-456 612316245 -181084626 757496746 -414029804
10-42-26-461 601482982 -168891560 738085743 -438337380
10-42-26-468 624167999 -136760198 734498879 -429448268
10-42-26-494 618645518 -11312593 720706407 -452842126
10-42-26-503 637880957 12691247 715054070 -474471077
10-42-26-520 639628329 72303347 725059211 -477948586
10-42-26-546 645324144 158516317 686557066 -465366591
10-42-26-555 656684956 239103854 648464790 -487819406
10-42-26-572 646703512 260102674 640456208 -491880082
10-42-26-589 675207847 331154591 569438009 -481814539
10-42-26-599 662730361 364918559 557898456 -483916609
10-42-26-606 665350688 397286874 512933399 -485360127
10-42-26-639 671028843 479208871 427962669 -485913481
10-42-26-663 689009960 502363252 398587325 -485964205
10-42-26-683 689427075 541000438 386936440 -484891446
10-42-26-701 688560710 582340280 296143854 -487729129
10-42-26-713 688025157 600296329 293013072 -478172613
10-42-26-728 670451755 617286034 273945035 -451236537
10-42-26-747 666203846 675986732 195955277 -429199812
10-42-26-760 663410973 669972918 191804207 -443042527
10-42-26-773 677812158 695070711 172916558 -441380920
10-42-26-794 653955567 711365689 110032947 -441887723
10-42-26-805 650340442 699223549 97857356 -443482016
10-42-26-820 646693177 703138918 103290508 -428594626
10-42-26-838 654656370 721792471 73697495 -444776792
10-42-26-845 634028997 703677431 67221941 -470323754
10-42-26-852 630762216 701017753 45650671 -462925137
10-42-26-895 642146857 682620995 46974237 -497304944
10-42-26-904 644015927 670035565 71362382 -527897343
10-42-26-913 630711541 672096792 66725671 -541159485
10-42-26-934 656899344 638805566 99741247 -547485738
10-42-26-944 661665092 620807875 136309618 -574485462
10-42-26-957 650047522 584442739 158860255 -566919674
10-42-26-983 664835347 519027141 239829199 -586179840
10-42-26-995 666580879 497160141 269052834 -607895951
10-42-27-003 667033948 491385336 281668912 -612336022
10-42-27-029 663801297 422873656 365376500 -603990663
10-42-27-036 678374055 383573736 407820045 -621777651
10-42-27-043 675807885 377155725 416705314 -621823433
10-42-27-080 660140498 283588500 509946499 -622469687
10-42-27-090 636423931 272031168 515169180 -624441005
10-42-27-101 645750301 242628608 535824770 -626441138
10-42-27-130 603054470 128614470 610480978 -628989348
10-42-27-136 609716505 94142649 627974476 -628674117
10-42-27-145 583621526 75077772 643542202 -627157947
10-42-27-180 577869431 -33440046 665223366 -610631027
10-42-27-186 572616895 -85188942 691666536 -584686183
10-42-27-196 552097785 -119364038 683868895 -589456685
10-42-27-223 547497137 -207280734 703771502 -544924459
10-42-27-244 547357672 -215451339 724887215 -512539628
10-42-27-251 547289043 -256632548 728408321 -496524764
10-42-27-282 560587630 -324184407 740645349 -459035916
10-42-27-290 555136055 -342803094 731381197 -439383347
10-42-27-296 529863039 -359294840 757231570 -421045219
10-42-27-329 503097096 -385909776 763988431 -386474766
10-42-27-340 485536280 -379619889 793982605 -371766117
10-42-27-346 466559685 -404938039 806625956 -360342689
10-42-27-365 441643826 -401721077 814268340 -341875071
10-42-27-384 437622472 -399266822 818258904 -340187156
10-42-27-388 437497854 -410474984 821018338 -340044274
10-42-27-418 428822094 -373598926 845449355 -334881067
10-42-27-423 432478206 -354677186 831334389 -359801513
10-42-27-432 453498324 -315679234 833461453 -369665819
10-42-27-472 446412187 -230255322 858300636 -385403694
10-42-27-480 449049911 -196350069 859976222 -397279384
10-42-27-494 451720930 -160884987 860009312 -426358397
10-42-27-512 468129286 -68585035 845597751 -447230679
10-42-27-523 479279737 -16226940 816696881 -477057365
10-42-27-530 510056217 18535388 799969563 -491296747
10-42-27-561 556499185 123363941 744776276 -539572436
10-42-27-572 552935402 158531436 700045674 -554612223
10-42-27-579 563434629 177039297 688555496 -551890679
10-42-27-617 581421499 276864787 606502761 -583858920
10-42-27-622 584441057 324728594 563244160 -607996317
10-42-27-634 586844144 355670353 536076994 -596876268
10-42-27-675 606050597 442170332 472974150 -621977699
10-42-27-684 606272442 451870237 429298469 -622269730
10-42-27-692 606819287 493926961 401906365 -621187545
10-42-27-715 606933102 542405724 348296676 -597579551
10-42-27-823 606176436 548972010 340506888 -607755725
10-42-27-848 605378995 587671304 301144200 -583165590
10-42-27-858 604410488 623717614 274419917 -568506901
10-42-27-865 586877050 620639737 251980987 -564596337
10-42-27-881 595337416 661669695 95426174 -606775925
10-42-27-901 580987834 656622266 119108899 -608603270
10-42-27-910 584658246 632558315 111020434 -611106770
10-42-27-917 600702754 595577246 155608246 -626995836
10-42-27-922 623325754 580693948 169190135 -615376983
10-42-27-948 628598520 566009407 185895283 -619262539
10-42-27-953 620438613 542740959 228171460 -643106449
10-42-27-962 638203855 511754710 249820317 -645406546
10-42-27-997 638822525 496173314 289739956 -630681019
10-42-28-004 620398452 460336349 346402535 -634878896
10-42-28-015 618086983 441818871 387388136 -636098101
10-42-28-044 615024088 423204620 410472898 -637196681
10-42-28-057 624315237 369004488 455807243 -654361267
10-42-28-061 602523795 349863459 463191185 -636027811
10-42-28-093 596981125 330351649 504982947 -632985135
10-42-28-108 592984365 264316082 575198940 -642355523
10-42-28-112 569401015 255206196 579538066 -640150398
10-42-28-141 562534602 210219993 599497078 -637913780
10-42-28-158 558116183 134450942 652344493 -612798015
10-42-28-162 532789597 102771225 668741601 -625322775
10-42-28-205 540359427 71350041 684607789 -603234880
10-42-28-217 497563610 -39846027 743161712 -579188305
10-42-28-227 508281805 -71912565 736357267 -569351510
10-42-28-252 504194103 -104290921 761226695 -574985188
10-42-28-261 485134339 -179894879 777387907 -514048657
10-42-28-268 486061014 -224782104 763554931 -497717580
10-42-28-290 504413997 -233890332 765474717 -481520690
10-42-28-309 505367009 -301329328 788957054 -429215152
10-42-28-321 483773332 -339875585 793905494 -426316525
10-42-28-344 492425956 -344501491 783627768 -405486182
10-42-28-413 459028872 -410171397 823719051 -329899224
10-42-28-429 429031847 -402228673 816528809 -313002972
10-42-28-437 413063187 -424200717 844483967 -298134001
10-42-28-486 391850580 -426429089 853144446 -290057713
10-42-28-509 359521026 -379449711 881991067 -268118204
10-42-28-520 348823087 -368031888 882194019 -291756097
10-42-28-544 373068671 -370815652 882056776 -283778681
10-42-28-556 424272883 -171680062 893904149 -403729956
10-42-28-572 416143848 -138975901 871103062 -402571386
10-42-28-591 443788994 -105604552 879259455 -418322273
10-42-28-600 468970575 -1569615 819403239 -466344595
10-42-28-615 484459233 50545021 798998953 -483249588
10-42-28-633 499709690 85770140 792893208 -499943479
10-42-28-652 555820791 189343756 699241204 -560244447
10-42-28-660 549081644 223622731 689627574 -570955826
10-42-28-677 574474432 257476993 646642694 -562456555
10-42-28-695 590363838 356994781 587613185 -592739612
10-42-28-702 593724766 390988170 561713258 -592985969
10-42-28-726 580027735 424483514 518324728 -591426213
10-42-28-746 609764008 510629323 432036927 -564747137
10-42-28-758 598296500 516808484 401340011 -578042323
10-42-28-784 603826048 536763042 386610931 -575182376
10-42-28-805 613778162 579705911 291346436 -577598628
10-42-28-813 613125234 605715742 246541163 -565508139
10-42-28-841 628521102 596204457 238830595 -570237252
10-42-28-858 626291298 622383554 201441036 -593585870
10-42-28-888 625022084 625890187 186781768 -579412236
10-42-28-898 623655299 628498510 174518504 -581860345
10-42-28-905 622664684 612624070 151280730 -605076049
10-42-28-914 623397977 627458342 132289744 -606990923
10-42-28-926 624806072 623573889 133150965 -609257019
10-42-28-983 615980191 583854480 148989551 -603509286
10-42-28-989 619031260 589683020 173377761 -625693630
10-42-29-012 639269046 577571741 165775315 -614261669
10-42-29-040 630402177 532658510 207658885 -640459136
10-42-29-048 657882855 458609369 321576995 -637396640
10-42-29-054 656788950 442013775 343250874 -655719271
10-42-29-076 655225403 424579026 349394326 -656394487
10-42-29-084 645722762 369940487 441336942 -635764248
10-42-29-090 641081216 335038084 449623181 -632972417
10-42-29-117 618598588 316369391 491451414 -629795982
10-42-29-131 597564652 272472768 550813871 -615624821
10-42-29-136 605539281 251641224 593354168 -625596218
10-42-29-169 578782996 213539308 601405671 -602390633
10-42-29-185 573490327 165781845 661255659 -611197295
10-42-29-195 545690151 154394668 662934229 -608827406
10-42-29-218 534398139 123267877 680040442 -606920584
10-42-29-227 498109330 22066286 742000981 -580250392
10-42-29-240 504339178 -13881770 737088556 -591291200
10-42-29-263 478397521 -49500356 746647296 -567712889
10-42-29-285 473774759 -149498694 768426710 -554971807
10-42-29-291 450887208 -178775821 792744278 -539984576
10-42-29-312 445283416 -222602224 783497814 -523351624
10-42-29-328 435174958 -279041147 797166749 -473115959
10-42-29-354 435060776 -301610014 798615025 -455937229
10-42-29-369 435491288 -339356501 799757019 -438305845
10-42-29-375 442260401 -392940228 825752846 -365858680
10-42-29-387 417480230 -407631260 814406437 -347274907
10-42-29-414 423786886 -402520825 821416584 -329646775
10-42-29-427 374475384 -419256582 850065886 -309140344
10-42-29-435 356685217 -436601465 875681341 -304106757
10-42-29-530 328100198 -418584429 864737631 -302503049
10-42-29-539 343242571 -398790409 870586547 -297842191
10-42-29-569 331578117 -402930714 871022430 -323766068
10-42-29-574 355026768 -387290104 871221011 -317711260
10-42-29-580 396935119 -203972604 880447211 -413991022
10-42-29-590 422695013 -169752635 875114861 -430102045
10-42-29-606 418158100 -134921439 849509959 -446412488
10-42-29-623 467910986 -24910631 800996468 -499115393
10-42-29-637 483005827 15553097 796203208 -517834839
10-42-29-658 494967947 73848366 773900132 -535308399
10-42-29-667 516915458 181507035 705443716 -592194664
10-42-29-675 539488737 236653206 663910224 -585268294
10-42-29-708 528649371 273055894 637396478 -610757670
10-42-29-727 561536441 375098551 571102536 -625687411
10-42-29-736 549226793 407111972 542852142 -626808608
10-42-29-755 570454985 437642654 497335149 -626313852
10-42-29-765 566670594 520832562 424480019 -600819475
10-42-29-774 588584721 543725432 393137700 -596867040
10-42-29-801 593516938 547764440 344417429 -609708190
10-42-29-824 584627534 599137028 272826662 -580835794
10-42-29-840 585665564 628124858 230730451 -594832138
10-42-29-864 586007926 620452269 225045597 -593692636
10-42-29-874 604233369 634858961 148882908 -579417935
10-42-29-882 604909101 636707476 152531982 -580322291
10-42-29-902 606007070 637475232 142344033 -580750130
10-42-29-929 609165555 645445017 112196372 -607118828
10-42-29-938 610150162 638230645 111843111 -597207015
10-42-29-956 611337271 629056795 114774766 -621894275
10-42-29-963 598447265 605851051 132532462 -620411976
10-42-29-971 601562686 591435520 145532674 -644740577
10-42-29-995 621688276 575099484 159811836 -636052043
10-42-30-005 628986626 502260021 212116933 -676568479
10-42-30-021 612843522 483429189 234162078 -665775388
10-42-30-045 628900482 465358914 274377741 -670498409
10-42-30-059 621104451 412930588 333798988 -694672691
10-42-30-076 601088198 394623910 375714898 -695467468
10-42-30-097 598276944 391734212 383369740 -695756326
10-42-30-107 605832290 311507961 469826024 -693030907
10-42-30-122 583774041 306264231 492740372 -691703637
10-42-30-151 594251517 266770253 498169421 -690713932
10-42-30-164 574263345 194145980 575823610 -668585303
10-42-30-176 550953182 184642270 595534592 -664661542
10-42-30-197 561341473 156989766 597766427 -676707409
10-42-30-209 540278043 69677009 649544450 -658735758
10-42-30-220 515056386 39351120 666959488 -633198295
10-42-30-293 523364017 8010010 683419886 -640222377
10-42-30-318 484621388 -107927463 741969288 -585326755
10-42-30-332 478928345 -141503762 736983488 -568714844
10-42-30-351 490049233 -174424275 747915515 -550545825
10-42-30-364 440473779 -349332694 798905867 -414285114
10-42-30-372 415642870 -389793099 802156311 -395077169
10-42-30-394 424992046 -395467198 804921693 -391898718
10-42-30-411 405158437 -449398768 814886652 -325391869
10-42-30-418 380018459 -476748084 819666652 -306968682
10-42-30-440 387937077 -467218539 840998697 -277138475
10-42-30-449 374701019 -492066990 846568445 -264438354
10-42-30-459 361972217 -489968149 845708078 -265331164
10-42-30-481 368163403 -467720135 844913210 -268424002
10-42-30-498 406663346 -433968562 844687716 -309368389
10-42-30-505 397265873 -417657692 845435056 -320547758
10-42-30-530 421495022 -399045993 846453655 -315304268
10-42-30-559 441857961 -330622474 833597406 -370570081
10-42-30-567 430752255 -320962798 834262779 -368399905
10-42-30-589 453130815 -292976426 834231971 -383571617
10-42-30-600 470935017 -182057576 843985309 -430905859
10-42-30-616 477262466 -148008464 839063775 -446347653
10-42-30-635 466912612 -112671751 815958181 -477932537
10-42-30-643 508028625 380989 783487066 -521162373
10-42-30-648 501737888 39426942 765814880 -519666708
10-42-30-676 513117201 62045888 761165144 -535227197
10-42-30-700 535185349 157299634 709598215 -565656082
10-42-30-716 561891865 179345585 663399609 -579573212
10-42-30-777 570674409 217610773 632074029 -609353306
10-42-30-804 568005132 341262681 556796891 -620120350
10-42-30-811 569430011 374687367 511680470 -640858737
10-42-30-832 570248584 407129843 484601274 -642226288
10-42-30-842 579022912 609888050 282796141 -579858647
10-42-30-851 594667700 626404182 276607775 -591545487
10-42-30-873 593839134 640263333 255208595 -570196129
10-42-30-890 590676974 651750867 207742397 -576973521
10-42-30-897 591907587 671771408 178400540 -576412359
10-42-30-920 593811623 671276951 165771652 -562387383
10-42-30-938 583571354 634687414 155120763 -586387004
10-42-30-949 603953028 640812550 153444747 -611735162
10-42-31-028 608044143 612834944 156283730 -602018396
10-42-31-068 622474751 589988126 186330820 -618517394
10-42-31-079 627159633 574146950 183435163 -641040550
10-42-31-091 614611645 557476733 198656557 -630206200
10-42-31-097 629162522 401636511 328011760 -664696104
10-42-31-102 645566076 381741613 351764997 -664334598
10-42-31-118 644133887 362961205 378413761 -678319018
10-42-31-133 615908435 325617792 477810808 -646679769
10-42-31-138 628161858 305866215 503706094 -657866452
10-42-31-167 623900053 267044404 511967804 -635157607
10-42-31-177 610409093 207109745 580873983 -616701954
10-42-31-194 587007200 162148293 602348689 -627542202
10-42-31-212 595364844 133071605 640504829 -621477913
10-42-31-232 558461089 57676628 685695144 -586647999
10-42-31-239 545225920 8660577 704102748 -578999668
10-42-31-265 516377571 -23575633 721043200 -569422707
10-42-31-284 482484880 -123390789 775533001 -555979324
10-42-31-295 490216884 -155577932 767997400 -543500917
10-42-31-320 464706123 -186363259 793444139 -512459925
10-42-31-333 455119647 -270736161 800715036 -478150635
10-42-31-343 429326554 -278818064 824619039 -459680396
10-42-31-368 437044213 -318991984 814026928 -441425980
10-42-31-379 396903614 -367217061 840512546 -391713211
10-42-31-389 406559618 -403394386 841672705 -376821700
10-42-31-418 383296431 -420354182 843054219 -345162419
10-42-31-425 371806842 -454470621 855984335 -300659583
10-42-31-439 356440285 -461335305 863153315 -305055611
10-42-31-463 341060070 -449718020 852914212 -279372855
10-42-31-472 323249479 -451315845 878263260 -287699017
10-42-31-484 320967953 -446301038 865221623 -286677599
10-42-31-505 319945929 -454368523 869304179 -288557753
10-42-31-520 319058703 -408708689 884552752 -308679383
10-42-31-525 320278869 -388341664 906213837 -301628445
10-42-31-558 322440970 -349543216 910834494 -311760440
10-42-31-571 339362683 -292628033 900950214 -345714137
10-42-31-590 333498418 -249868565 899060905 -375759891
10-42-31-613 347865521 -240877243 911044462 -390692285
10-42-31-623 383885002 -187155633 893694049 -422367754
10-42-31-630 420064322 -158158698 866110627 -437294826
10-42-31-655 438973931 -110354027 854420077 -434810991
10-42-31-673 486372832 11294668 813382424 -504061756
10-42-31-680 499793412 49062896 796232835 -497701233
10-42-31-703 512609820 104192461 777637435 -523705268
10-42-31-709 548002642 195514743 711459391 -531694121
10-42-31-735 576615267 229865259 668924185 -554669068
10-42-31-759 587980522 263670084 658495811 -559769459
10-42-31-770 601141181 373729597 571726388 -551677796
10-42-31-777 625622397 384641334 542337211 -553465236
10-42-31-806 616322210 426838435 495372337 -571415225
10-42-31-813 630922811 470767692 432158498 -573835204
10-42-31-820 637188365 488536176 398926433 -576921214
10-42-31-849 659709077 486381964 365139203 -564476490
10-42-31-871 653243391 513667790 266225045 -585192739
10-42-31-887 653723744 519171191 253554745 -609899278
10-42-31-909 652441319 541115227 211975070 -599886373
10-42-31-925 660408541 558525763 160652531 -627866159
10-42-31-934 657614684 546876681 168501810 -628636814
10-42-31-953 655413426 551165062 146284630 -628497004
10-42-31-966 634134206 572274103 157390908 -614024275
10-42-31-976 633026813 551984010 157231267 -618376880
10-42-31-999 632775427 545286513 158236405 -641315760
10-42-32-012 634545526 515827303 160239685 -659916250
10-42-32-023 635082229 521200910 189303733 -648333089
10-42-32-046 635955077 508282536 204558702 -653145831
10-42-32-070 656962846 445924954 244123598 -679467671
10-42-32-083 657782524 429828537 264547729 -664490748
10-42-32-142 657939581 413701193 302980884 -665486158
10-42-32-165 637203759 365306355 371590257 -664136741
10-42-32-174 634582990 349772347 377924471 -678869540
10-42-32-193 630887835 334780980 402385525 -675579957
10-42-32-200 608902323 237689922 563953467 -640046846
10-42-32-217 605806619 199248016 581944296 -616950141
10-42-32-238 586109456 192242036 599704183 -627057728
10-42-32-252 588692150 97505402 653026291 -587003374
10-42-32-262 563979087 88029205 688096839 -594921782
10-42-32-297 570929535 44368991 706835726 -568862923
10-42-32-304 519872388 -39716353 756794242 -556748295
10-42-32-311 525408158 -69699857 753215461 -530327557
10-42-32-336 498080855 -83778138 764427336 -536925812
10-42-32-348 491501850 -179126419 785561556 -485146686
10-42-32-369 469392182 -211295788 806917686 -486586708
10-42-32-401 464471443 -259796152 810558555 -469865940
10-42-32-416 450286039 -341367335 802435999 -397797474
10-42-32-431 460732823 -347566665 822278871 -379062768
10-42-32-452 435706717 -368431668 825615773 -361573512
10-42-32-465 422828981 -417575354 819981859 -315336168
10-42-32-482 397559311 -430345524 839635927 -301580617
10-42-32-503 406571238 -458128736 842181602 -305726914
10-42-32-521 363028898 -475041420 837259264 -263072049
10-42-32-541 369498320 -474959510 859853933 -275953906
10-42-32-559 360639334 -471847133 848889308 -274419982
10-42-32-566 334651624 -428234327 879814807 -268143491
10-42-32-579 354178637 -415085314 865708411 -293043723
10-42-32-596 359618416 -400589024 867081339 -302854774
10-42-32-610 361133706 -366755883 866312459 -326098864
10-42-32-621 388490983 -346923344 865139357 -338796775
10-42-32-645 381618115 -341669408 864499403 -334725988
10-42-32-656 398487747 -247372713 866104638 -390524340
10-42-32-680 401329487 -235208793 866342923 -404708984
10-42-32-697 422027035 -205497438 864720180 -402546706
10-42-32-707 433011071 -98184210 860240393 -448363858
10-42-32-719 447642188 -84052444 846708317 -464483554
10-42-32-738 463593303 -52367219 813878803 -480356682
10-42-32-750 526854718 48858624 772520581 -540425664
10-42-32-759 539868134 100642284 734120577 -536007976
10-42-32-798 534656810 136112940 729086487 -546474713
10-42-32-807 578063148 229018618 661444228 -566321155
10-42-32-816 568351635 264851143 638341792 -569055908
10-42-32-834 591358016 300587956 597435297 -570326529
10-42-32-842 606818728 423252360 518057839 -565182215
10-42-32-849 611137236 455904448 506004848 -578455809
10-42-32-870 599113859 469510732 475280653 -574651963
10-42-32-886 628215060 560446826 361141504 -548826601
10-42-32-899 614414111 576803759 328373994 -550194225
10-42-32-929 616752608 589097737 297434216 -552843439
10-42-32-937 618082328 609732471 240331723 -565982554
10-42-32-945 617146842 611770410 200961615 -590624272
10-42-32-969 616302239 611315419 178522697 -583268831
10-42-32-986 613557526 604651870 156899809 -621307885
10-42-32-993 628532119 584512972 127974006 -612589220
10-42-33-025 628076064 580875078 139697438 -617834100
10-42-33-037 628827971 568483816 131830740 -643629981
10-42-33-047 612671571 577136257 155847967 -631868974
10-42-33-076 614478789 548278979 147523927 -655711834
10-42-33-087 639019582 500087425 180924843 -678781457
10-42-33-097 641701358 483299453 197318836 -667185387
10-42-33-124 644145452 466681297 216416469 -670625470
10-42-33-133 632312754 416721080 279433140 -692006682
10-42-33-140 632799890 399385597 300890496 -692633187
10-42-33-174 633279051 381383567 339492010 -692536071
10-42-33-194 632688411 343405925 408939940 -667725901
10-42-33-220 630677386 326035779 417218674 -679435518
10-42-33-232 643582553 308813431 460463365 -673600477
10-42-33-241 625043191 252676489 540474332 -637322410
10-42-33-256 600961134 213782373 548145521 -631620699
10-42-33-273 610806732 205777701 587315249 -643234433
10-42-33-280 591173828 122008778 645154126 -626884924
10-42-33-288 566994129 91907590 646591989 -603016519
10-42-33-312 575946816 44121135 664267466 -611474490
10-42-33-321 559880372 -21092617 697408662 -590607348
10-42-33-334 535870472 -55428370 728513011 -578207808
10-42-33-361 529332294 -90676080 740588393 -548410363
10-42-33-368 526806362 -189877347 751686400 -521572763
10-42-33-379 501974079 -220115093 777241237 -504898353
10-42-33-407 510078460 -232501021 768609111 -487855336
10-42-33-421 465391948 -311229022 787131055 -437790170
10-42-33-426 473091390 -334715763 808189980 -421666857
10-42-33-460 447022965 -374612359 811721119 -405124975
10-42-33-480 417048747 -417858474 822747659 -353221542
10-42-33-493 424159628 -432100138 826730256 -337347164
10-42-33-529 397162569 -459934713 814684707 -323299825
10-42-33-540 366746490 -464242132 845104536 -292654626
10-42-33-560 376790895 -467391320 831664982 -286298447
10-42-33-591 372017400 -467728509 834768688 -265516052
10-42-33-602 347106751 -450150577 863410013 -285699982
10-42-33-610 346669487 -456087497 850478728 -291933364
10-42-33-622 348999493 -443606475 853095685 -283379791
10-42-33-633 362084517 -398225569 854010998 -320968039
10-42-33-640 389179016 -381239004 852846573 -316169623
10-42-33-656 383398862 -362123867 851394609 -328518996
10-42-33-668 418631191 -263262761 849696080 -378464385
10-42-33-680 442946590 -233721346 848769750 -407860398
10-42-33-705 434643632 -219410172 863026589 -420763357
10-42-33-726 472136543 -154026577 834977154 -430803415
10-42-33-739 466794918 -120481849 843090089 -461032681
10-42-33-761 478654177 -86570389 815914612 -473994921
10-42-33-772 515886105 34572062 790185408 -510262968
10-42-33-781 543902649 70522417 773279750 -520916105
10-42-33-807 536741418 106809955 756042326 -513338474
10-42-33-817 574305433 218746756 685994778 -530468423
10-42-33-838 562025002 254776747 667275251 -533798616
10-42-33-860 566446587 290592330 647777386 -535504015
10-42-33-869 580974442 393490050 582412605 -530720215
10-42-33-876 586119697 425356254 575055601 -543791642
10-42-33-909 608444852 454946915 533214541 -539517568
10-42-33-932 625503717 526926910 452513102 -513536371
10-42-33-952 613491462 544401111 441806930 -513853364
10-42-33-978 617225118 559474610 398156042 -515533650
10-42-33-987 620455099 595169388 328168434 -539810535
10-42-33-999 637703017 604717907 310842680 -539418804
10-42-34-015 638754025 595744733 296234399 -538063300
10-42-34-026 640921561 625778443 265933846 -520013167
10-42-34-034 642870309 625364407 276064515 -538711215
10-42-34-057 645663110 622556210 270768979 -541354671
10-42-34-064 634872901 585650546 249218353 -559516735
10-42-34-075 636650627 590882140 270525236 -550979778
10-42-34-149 655334651 577301297 261082501 -576041654
10-42-34-165 658410966 529613851 283765898 -591665282
10-42-34-174 659791778 511999064 298889397 -581565532
10-42-34-190 660937384 509801461 315565578 -604776908
10-42-34-196 629861905 327380627 462425244 -638560818
10-42-34-207 643210013 323009792 478674715 -640703973
10-42-34-296 639261184 284740018 495620553 -641833785
10-42-34-334 603540236 235496085 552821667 -639920615
10-42-34-352 612183863 195867659 589907675 -620415420
10-42-34-361 586987122 188944453 610478451 -616447717
10-42-34-368 531653235 -86942963 700922970 -593083500
10-42-34-388 530387810 -109889339 722568451 -565027722
10-42-34-399 536933804 -268607918 739172949 -521481877
10-42-34-413 514347958 -278374594 744384366 -505950864
10-42-34-430 523052202 -301714213 734603787 -489847104
10-42-34-449 484382437 -344829332 751002697 -456512566
10-42-34-455 490117828 -365929849 774111638 -440437226
10-42-34-486 465163184 -385384868 778178020 -424897651
10-42-34-500 452051358 -432755533 768303546 -376620173
10-42-34-512 446915085 -459816092 789206156 -344795590
10-42-34-559 456624961 -450880083 794824567 -330696116
10-42-34-567 424323528 -466462779 799975754 -296773475
10-42-34-581 396438549 -467751997 824470979 -306136774
10-42-34-596 404830555 -464793459 814664603 -302599670
10-42-34-605 378664527 -458679903 845751534 -309901417
10-42-34-617 381839256 -430567785 831189181 -299196305
10-42-34-637 405185917 -417168291 831885939 -323986948
10-42-34-647 417052611 -363907610 846911905 -355747306
10-42-34-654 441823634 -357158964 831244353 -350062736
10-42-34-675 430663060 -314210853 833420487 -362054296
10-42-34-687 457976577 -238546384 855702509 -402132621
10-42-34-732 446401744 -204207444 837299345 -416897309
10-42-34-744 470467666 -168751306 832539772 -432403873
10-42-34-750 490115566 -78576630 814531069 -463989715
10-42-34-797 555714678 93683818 717660799 -557441909
10-42-34-808 549143949 132850166 710349622 -552939385
10-42-34-821 573106457 189683357 670210059 -562471087
10-42-34-837 563346836 269897630 642300463 -592014405
10-42-34-847 564265896 308845765 603657087 -595521435
10-42-34-854 564507753 330497015 580709797 -580787918
10-42-34-875 562975071 460077799 524797672 -590933517
10-42-34-889 563198150 494361987 482628824 -568043342
10-42-34-899 564608636 525779986 473074962 -577612695
10-42-34-936 589423438 586219696 389400307 -555484327
10-42-34-947 592733626 623387132 359260496 -532786277
10-42-34-956 595538260 640372290 311486275 -529508265
10-42-34-990 584205775 671670833 242132659 -530896461
10-42-35-000 584869298 677806124 200235322 -533233997
10-42-35-019 584235118 665615390 176433560 -554026426
10-42-35-043 585510333 679227971 111847658 -575578582
10-42-35-053 586336485 672114936 108797448 -587244102
10-42-35-062 585997191 647450392 75917346 -582850661
10-42-35-078 585857312 618034091 67507368 -618296988
10-42-35-096 604488751 623669116 68301641 -644317921
10-42-35-108 607634289 611539691 73415754 -635807711
10-42-35-127 601961028 571065168 92491154 -674009977
10-42-35-156 622036009 556182425 109408083 -663824793
10-42-35-165 625057637 541083885 127909404 -669639659
10-42-35-176 613991798 493346272 206050100 -684943002
10-42-35-183 614887111 475950068 211098600 -706317002
10-42-35-188 615204869 457787038 233767577 -710447486
10-42-35-259 613093231 421841104 282533821 -698993569
10-42-35-286 627435247 404741376 325171699 -699654094
10-42-35-295 624561505 388656529 333777065 -699280937
10-42-35-303 599718232 356895985 381894582 -697433087
10-42-35-356 593360559 220682354 540895159 -694705606
10-42-35-376 587896762 192665569 546263816 -689875193
10-42-35-384 565747449 146208274 567211543 -667751636
10-42-35-390 553556640 81384479 625366165 -653325253
10-42-35-415 523010622 -115945472 728116393 -579488518
10-42-35-442 501308660 -168803797 739047219 -578187911
10-42-35-463 496761401 -203682267 733759369 -556122271
10-42-35-513 484352809 -278373238 766675243 -475397357
10-42-35-529 483658356 -321311543 790101849 -430558221
10-42-35-541 484365917 -328073835 793693844 -421830169
10-42-35-576 484938587 -368172524 796262671 -362766387
10-42-35-590 413844943 -447598000 840832237 -245190458
10-42-35-600 407109822 -470741674 836448854 -230509448
10-42-35-612 366296186 -474670453 848100674 -236804673
10-42-35-739 328384212 -447293812 867942780 -242346120
10-42-35-750 334022601 -444923208 864320672 -252413749
10-42-35-757 357117613 -455899464 879708225 -259122422
10-42-35-783 349524822 -413391118 868331124 -270390154
10-42-35-793 442740328 -188383413 876166705 -399725151
10-42-35-809 455198465 -156660494 850956982 -416034703
10-42-35-816 451225382 -124266467 857738860 -432083086
10-42-35-826 507999986 -20935979 798648814 -479500330
10-42-35-831 521259232 15305470 780205925 -511571802
10-42-35-838 517072488 69102431 776909635 -526146464
10-42-35-849 546407865 163718309 711295034 -561872290
10-42-35-856 553599020 200751273 688037066 -570661928
10-42-35-861 575633250 252989270 647921569 -578606563
10-42-35-946 595312538 332084711 569482208 -593807489
10-42-35-950 604639073 376642135 554156757 -581710880
10-42-35-975 597574215 384776941 501417632 -604758371
10-42-35-998 615354520 465826112 216613077 -682566316
10-42-36-002 624683462 489341442 204061647 -710689014
10-42-36-038 599451637 481247280 167538376 -700852262
10-42-36-050 594454364 523958720 143984203 -723257667
10-42-36-061 588839821 511736399 157266225 -725385004
10-42-36-070 568634077 512094800 154908018 -728357651
10-42-36-092 565694078 501262719 143365312 -720744567
10-42-36-107 566104206 497027624 149286752 -738979680
10-42-36-116 566978510 509052821 172901863 -740001886
10-42-36-144 591638807 468893922 180732004 -743297226
10-42-36-150 578936576 475908493 208091551 -743492273
10-42-36-164 583540225 449434510 220069470 -742495274
10-42-36-192 598593902 439959262 248929661 -714139133
10-42-36-202 603603289 415217657 266202688 -724838788
10-42-36-207 625257753 424112911 284182434 -701030679
10-42-36-242 640351037 380342627 356162793 -693632500
10-42-36-261 645127179 387133429 375012021 -667937986
10-42-36-272 633015538 376658462 393802666 -675326313
10-42-36-348 662166859 327236390 434931626 -642815857
10-42-36-373 648744850 316136228 471991528 -613473943
10-42-36-388 651917433 321745353 492191595 -600062582
10-42-36-403 684760215 220492396 596829771 -485311386
10-42-36-411 707957464 201869517 625756130 -468297260
10-42-36-418 698631135 164714748 619997487 -450211925
10-42-36-437 743893223 112898650 659689104 -383958022
10-42-36-446 734643207 98446648 651005004 -375859683
10-42-36-463 756262315 102862192 677719671 -333153662
10-42-36-502 734183965 67986885 704514626 -269817622
10-42-36-514 744483933 54382775 720251352 -228891968
10-42-36-538 720564581 39121674 734883310 -223294751
10-42-36-554 697064310 -11419122 771584216 -147404225
10-42-36-563 687202377 -31609733 783127638 -127648943
10-42-36-573 693443409 -69374375 811091038 -123653583
10-42-36-646 656993707 -122146886 841621149 -42077179
10-42-36-658 642565751 -116995150 835208830 -36621892
10-42-36-672 626926998 -126613360 862465533 2360017
10-42-36-689 511006983 -181138163 912495592 145064780
10-42-36-697 505028761 -183918769 912365933 160735131
10-42-36-705 483957424 -201668674 911622266 192106084
10-42-36-736 479408753 -182153384 908599010 219117013
10-42-36-743 478454975 -178365516 906556937 215220492
10-42-36-752 478257271 -190011712 887671875 227483370
10-42-36-785 481058305 -149142800 880810923 260957306
10-42-36-820 483074682 -156514368 894721524 288091418
10-42-36-863 485797187 -129621723 891318632 281525723
10-42-36-884 520121197 -94492798 874930970 311733562
10-42-36-899 514158726 -80865981 849759023 337051759
10-42-36-923 581401196 -29182282 827080239 315178236
10-42-36-932 609127657 -38544417 822821159 322888125
10-42-36-940 599167945 -15650904 804341538 297819442
10-42-36-954 616654526 -6770130 797377546 281108366
10-42-36-963 640141443 21125516 809986217 277319892
10-42-36-974 630170544 15429369 805499399 290318381
10-42-36-991 649958902 47962200 791731462 260989603
10-42-37-005 672736332 75202466 770594564 273363420
10-42-37-016 678207280 85478713 766312641 268877986
10-42-37-028 691006253 98770476 771816240 257205796
10-42-37-034 694301692 125096900 751837403 253833905
10-42-37-040 680327931 134573082 748662808 233687444
10-42-37-152 685999367 152249822 759011087 227200383
