10-43-29-675 366050706 -519648598 183073695 817762706
10-43-29-701 386611656 -519030990 183252367 816317994
10-43-29-720 377793877 -516769062 183096538 813955008
10-43-29-734 382013711 -514904752 182914507 829924276
10-43-29-751 402996377 -512678505 182537431 829427138
10-43-29-768 398579616 -520794200 180524075 829005644
10-43-29-784 402389840 -500849107 179646412 829270697
10-43-29-817 422700630 -497614785 178601034 829696760
10-43-29-826 414413386 -506499301 191845678 814103798
10-43-29-834 416322925 -504678649 190553877 814429999
10-43-29-840 417910638 -486555820 189407750 814704881
10-43-29-851 437390789 -484370379 185678905 815400204
10-43-29-858 437614403 -484253285 167635537 815590396
10-43-29-871 437556369 -484254688 166460205 815845209
10-43-29-957 436858456 -484386480 162858765 816999173
10-43-29-975 436602131 -484214652 161575772 817504684
10-43-29-984 436296179 -484026719 160261292 817988120
10-43-29-992 419053856 -483482343 174400316 819204288
10-43-30-061 417733641 -494794758 158312397 842933693
10-43-30-091 416641865 -494939250 157242586 843663485
10-43-30-108 415232025 -478335037 156333334 844386277
10-43-30-122 412005020 -479090564 155097857 845789190
10-43-30-142 401877463 -494850857 155104288 834636712
10-43-30-156 399559260 -493964897 155565197 836255356
10-43-30-173 397281273 -492920747 156171221 837801128
10-43-30-199 406415979 -490108684 159075760 859338105
10-43-30-215 403741097 -489187987 143502712 860837019
10-43-30-227 384520825 -488024922 144942252 862341439
10-43-30-246 378287621 -465928797 149644082 850371078
10-43-30-267 393323195 -463660377 167940966 852106707
10-43-30-296 391856416 -478145381 169552284 853652304
10-43-30-319 387907941 -471389113 173732582 874903653
10-43-30-329 386871407 -452375956 175060981 876268634
10-43-30-337 385933501 -450301088 159458640 877519173
10-43-30-370 367173725 -445253197 162408716 880427723
10-43-30-382 366590137 -460916867 163258718 864293337
10-43-30-387 366065616 -459974654 164069146 864731473
10-43-30-399 365069263 -458120387 166101263 865758679
10-43-30-406 365004572 -457504200 166674091 865956563
10-43-30-410 365090163 -457034540 166980380 866076976
10-43-30-419 366435855 -455849118 167378800 865963870
10-43-30-424 367204202 -455466043 167305676 865835516
10-43-30-429 368132055 -455074265 167199967 865661730
10-43-30-499 387064013 -454457662 166663374 865235044
10-43-30-523 388167513 -454248634 166243061 864898570
10-43-30-533 389446591 -454126830 165896257 864508915
10-43-30-561 391948779 -454260970 164756942 880302699
10-43-30-581 384215114 -456184191 160010767 876129769
10-43-30-591 402689913 -456605553 175913792 875361415
10-43-30-602 404401684 -456996905 174937445 874571080
10-43-30-618 409331177 -458565466 171783447 855396702
10-43-30-629 410853905 -459256825 170736321 854532941
10-43-30-642 395406734 -460215615 169664304 853581396
10-43-30-662 398823785 -446360559 150651440 850826735
10-43-30-671 400206736 -447330320 150615049 849748153
10-43-30-682 401887386 -448205076 167858562 848459976
10-43-30-705 413183324 -444792466 173201764 860312003
10-43-30-716 439653572 -456673495 162033765 856821741
10-43-30-734 454541585 -431194292 187105461 834877855
10-43-30-757 520750431 -368674950 194493714 820507605
10-43-30-767 534308915 -333773971 200249208 814192225
10-43-30-787 568820715 -296423479 223898622 802954807
10-43-30-803 658299966 -230093854 230193759 778097596
10-43-30-813 723771012 -207794918 292250650 712031938
10-43-30-823 733406966 -184479057 323097521 672027587
10-43-30-848 791429636 -179929539 388345769 569093860
10-43-30-865 807139218 -177700206 419623045 541827878
10-43-30-874 803561098 -191182617 432261433 481029637
10-43-30-891 844927974 -175670535 512426224 348740230
10-43-30-903 830531649 -171626544 554705372 321184029
10-43-30-918 846786735 -168687265 562498589 260871006
10-43-30-945 817493716 -145122371 641406172 156011306
10-43-30-958 828625251 -158907312 657166487 118415431
10-43-30-965 822751821 -155801581 653990814 65383789
10-43-30-997 785808526 -128103104 684582981 -35978652
10-43-31-002 794018861 -141015246 710163023 -67618281
10-43-31-008 767805564 -137361455 701632358 -81279492
10-43-31-047 737372850 -125698099 738445208 -164128233
10-43-31-053 744374638 -121907864 743008810 -205859174
10-43-31-058 718461332 -118580517 746095701 -212466500
10-43-31-102 696846366 -93920530 731068199 -291698193
10-43-31-112 706747616 -109018148 730596705 -293944863
10-43-31-130 682268016 -107666692 730493531 -312301621
10-43-31-144 674613622 -104469851 730053789 -363588015
10-43-31-161 651310381 -104072751 745193757 -378958946
10-43-31-173 646488841 -104344985 742196181 -409715773
10-43-31-193 659820790 -107010260 715070658 -416910067
10-43-31-204 660336883 -92387177 725162910 -443851974
10-43-31-237 661606344 -95218442 701417153 -436224076
10-43-31-271 646997512 -123422560 684016549 -474940071
10-43-31-374 646450842 -110804092 679813707 -464255647
10-43-31-427 662405652 -115543696 692769780 -486627102
10-43-31-447 662616424 -126145383 668213426 -478238101
10-43-31-456 673141917 -175035129 646087779 -485121113
10-43-31-473 678646247 -231753446 620058251 -482892009
10-43-31-485 668600972 -305690982 596195121 -490073798
10-43-31-501 669460877 -298563450 609671206 -486968195
10-43-31-529 669356687 -325138797 607125039 -467252390
10-43-31-536 677579659 -352377830 605749885 -462867443
10-43-31-541 672167942 -344209606 606772744 -463059565
10-43-31-571 649498599 -352332465 607881743 -463916464
10-43-31-580 655256283 -366859289 609221769 -466695722
10-43-31-593 633496142 -390320176 609146461 -468459233
10-43-31-616 645621087 -379568199 608992269 -487044958
10-43-31-641 616494232 -394552439 607245702 -493598442
10-43-31-650 612610924 -398391295 606676830 -479517647
10-43-31-665 625145385 -401665355 606338589 -482671983
10-43-31-676 611847586 -424477036 607405307 -510190536
10-43-31-701 608248468 -425930782 607398691 -496723385
10-43-31-721 605295034 -427131194 606959024 -499749310
10-43-31-730 582468651 -412893253 586454329 -526045050
10-43-31-738 581191631 -412989237 584711371 -512829760
10-43-31-761 580024815 -412709746 583037583 -516491137
10-43-31-777 593440118 -425501138 579698897 -543875728
10-43-31-785 592382324 -423659740 579329932 -530187593
10-43-31-814 591544201 -421870509 579233991 -532653275
10-43-31-828 592130636 -399180043 594589124 -554732754
10-43-31-834 593305199 -396644191 593637362 -556434883
10-43-31-860 594680563 -410419986 592293762 -558470818
10-43-31-872 584338153 -383323351 568980574 -549095610
10-43-31-877 604256580 -379571607 565936470 -551508429
10-43-31-933 607909638 -392956668 562511573 -553464580
10-43-31-948 600449410 -386953415 570611908 -572988260
10-43-31-955 622573516 -367672861 548678732 -573882601
10-43-31-969 628392003 -365386855 559727064 -574637868
10-43-31-978 643802455 -373729707 544701525 -577349219
10-43-31-988 630716707 -370393949 540806477 -562202805
10-43-32-009 633643000 -350140958 537386520 -564278472
10-43-32-018 657281156 -357432505 512466449 -569814606
10-43-32-033 659081917 -354889946 526765699 -588348457
10-43-32-058 660852905 -352399170 524365395 -590036415
10-43-32-072 647032289 -328086255 501515980 -579632409
10-43-32-089 646981255 -342193358 500459498 -582201904
10-43-32-122 646386420 -339382135 499869641 -584990445
10-43-32-134 661299296 -317710346 500136649 -606230702
10-43-32-150 660685123 -316223661 500564967 -607384967
10-43-32-171 660249063 -315522935 500863760 -607920461
10-43-32-183 658752572 -317912922 501499534 -607709522
10-43-32-193 657554197 -336333217 501397401 -608297887
10-43-32-214 655739847 -338093774 501269281 -609427230
10-43-32-224 631211909 -327963567 500127130 -598530827
10-43-32-239 645077656 -330233593 499135403 -601377162
10-43-32-262 642044652 -332560579 497799382 -621165464
10-43-32-271 616764046 -354998993 511308830 -612967599
10-43-32-277 614136583 -356396787 510750238 -615389964
10-43-32-307 628622661 -357421320 510215794 -617638999
10-43-32-318 624702351 -358824697 508796282 -638690520
10-43-32-328 623433539 -359350471 507402818 -640797706
10-43-32-348 622873497 -359895593 505302504 -642853031
10-43-32-362 621896516 -346083047 482526081 -630097824
10-43-32-378 621498581 -348044303 481466405 -630249178
10-43-32-402 620950226 -350658585 481112139 -629673239
10-43-32-413 602432729 -361397937 482991035 -640625614
10-43-32-425 601894711 -365983870 484214875 -620719841
10-43-32-448 601475022 -387690705 485498325 -617112409
10-43-32-460 600233321 -385301570 506582667 -622680485
10-43-32-475 599884224 -406791987 508290219 -601733318
10-43-32-497 599562494 -395233134 509964624 -597303192
10-43-32-508 596998367 -415923907 497107090 -582396083
10-43-32-519 611392869 -439983961 498894933 -594731517
10-43-32-554 607755627 -430095580 501122625 -591477326
10-43-32-563 592564105 -444670989 527452984 -587593193
10-43-32-573 587184869 -447742679 513618492 -588024741
10-43-32-593 565665965 -450409928 515633625 -588927513
10-43-32-603 571839088 -474157892 518466448 -591493902
10-43-32-618 552742762 -475903971 518810671 -592031102
10-43-32-642 550772957 -477326567 519212106 -592523354
10-43-32-667 546563178 -478052266 538617080 -593493876
10-43-32-675 545826006 -477273619 539559848 -594028662
10-43-32-691 545468199 -476381272 540259036 -594437179
10-43-32-696 545573040 -474593622 541165147 -594776710
10-43-32-701 546020147 -473800024 541358860 -594849732
10-43-32-741 546665631 -473154517 541196390 -595012189
10-43-32-755 547550239 -470715968 539835175 -580430774
10-43-32-773 547312324 -452546542 539586673 -582157771
10-43-32-795 546716848 -450791655 539520063 -584038477
10-43-32-807 561381631 -445856183 540085923 -606140857
10-43-32-819 561112250 -461350797 540090771 -607248828
10-43-32-840 561408787 -460525544 539660993 -608032287
10-43-32-850 547542222 -458935429 518972594 -609960424
10-43-32-865 549020740 -458425581 516976332 -610835850
10-43-32-885 550421560 -457716076 514669284 -612032030
10-43-32-894 572751531 -455416560 523293802 -598852999
10-43-32-906 575038133 -454781268 520413470 -599636847
10-43-32-935 577411424 -454317716 500743290 -600200696
10-43-32-940 568588602 -453640844 508707964 -600578041
10-43-32-946 587972353 -453402950 505808462 -600653717
10-43-32-986 590275275 -453039193 486383833 -600779857
10-43-33-001 594987962 -434155339 481378446 -601816325
10-43-33-008 579255791 -433092945 480257400 -602521461
10-43-33-029 580210119 -431721557 479187735 -603470960
10-43-33-064 583335231 -444362117 491838215 -623444844
10-43-33-076 584580929 -442756211 490117198 -624620998
10-43-33-095 585734598 -441211434 488417662 -625971479
10-43-33-103 604338981 -437522036 468966909 -628981446
10-43-33-111 604978275 -418538717 468054592 -613740882
10-43-33-129 605489228 -416315099 467354277 -615351418
10-43-33-152 606452912 -426794469 466736529 -619054219
10-43-33-160 606815304 -424856692 467306277 -619490176
10-43-33-178 607155625 -423286350 468093074 -619573312
10-43-33-197 608578924 -421075184 486578761 -618325697
10-43-33-202 609022477 -421070819 486689954 -617790910
10-43-33-226 609485967 -421547972 469562798 -617375124
10-43-33-235 609614807 -426404224 466935627 -616043752
10-43-33-247 609171900 -411763640 465889139 -615877989
10-43-33-270 608235849 -413515536 464830737 -616349746
10-43-33-287 587029900 -415393963 478016061 -639094214
10-43-33-293 585469669 -414424415 476408090 -642420256
10-43-33-321 584245815 -412843928 474454643 -629331899
10-43-33-339 582133656 -422098661 452414962 -656937626
10-43-33-345 582171773 -402389235 450562750 -660160430
10-43-33-387 582417306 -399413636 448303202 -646530207
10-43-33-397 584199095 -410519782 458691776 -652969132
10-43-33-408 584823211 -410422928 456996323 -653607257
10-43-33-430 585488837 -394817912 455645325 -653224268
10-43-33-439 587002619 -399519498 454851196 -649556944
10-43-33-446 604805895 -419799984 454948376 -646275290
10-43-33-468 606215656 -424247352 455431475 -658671011
10-43-33-479 609497440 -439615972 460075440 -642099160
10-43-33-494 609231915 -444315077 446756343 -619779435
10-43-33-532 608089983 -431835192 451484217 -614308636
10-43-33-539 604017587 -461376638 464507444 -598913120
10-43-33-546 586007043 -448930972 467376511 -611374105
10-43-33-570 584528529 -469812142 469665840 -607895939
10-43-33-580 592788887 -463600252 492812721 -586298129
10-43-33-597 587916303 -467411235 478315560 -586244387
10-43-33-637 566296013 -486632352 480838978 -586980872
10-43-33-647 553482198 -491145758 503654426 -607619695
10-43-33-660 550476154 -492978319 504497430 -608322278
10-43-33-674 548210849 -478491765 504807358 -608384548
10-43-33-684 559075371 -486505128 505685256 -606643471
10-43-33-693 557158561 -505823723 505719801 -606269430
10-43-33-710 555211527 -507899643 505756851 -606416922
10-43-33-732 533030308 -495384287 505396467 -608161631
10-43-33-743 531662811 -496157031 505074285 -608997944
10-43-33-770 530690691 -496684408 504574824 -609936095
10-43-33-779 529629244 -495774663 484779327 -597508738
10-43-33-789 530016594 -511035610 483690699 -599260114
10-43-33-813 530616466 -509092242 483029206 -600976230
10-43-33-823 533557731 -504284044 482559191 -602604306
10-43-33-832 535801024 -485320284 482636535 -602179216
10-43-33-862 555260118 -483373038 482882327 -601020370
10-43-33-871 547405305 -494767938 483054897 -596867939
10-43-33-878 550266379 -492260919 482859812 -596370879
10-43-33-914 552778992 -489234929 482554109 -596629023
10-43-33-924 577047181 -477955581 479780295 -600565003
10-43-33-934 563024560 -473546229 478324676 -602495733
10-43-33-963 565998152 -452411413 493211479 -621289534
10-43-33-976 593723925 -455753093 467043845 -627962432
10-43-33-987 581315505 -434426597 462502128 -613882453
10-43-34-013 585677136 -430007880 474226240 -616629304
10-43-34-022 598119685 -416509068 458865965 -641836708
10-43-34-029 601873720 -412092323 454143438 -644568278
10-43-34-053 622279630 -424571471 432894607 -630336725
10-43-34-062 615231262 -396914337 436582711 -636595327
10-43-34-076 618126478 -411061145 415869250 -654811514
10-43-34-100 637516056 -408608041 412514305 -655986995
10-43-34-114 641568873 -404232259 424388466 -657932050
10-43-34-119 643236729 -385372338 422912354 -658599579
10-43-34-150 644545877 -383406410 421962576 -658979967
10-43-34-172 630757688 -393339122 425452065 -657678985
10-43-34-179 631165016 -391869338 427230720 -657027677
10-43-34-199 631650364 -390461277 412048136 -656255449
10-43-34-214 632357809 -388648061 414539865 -654955460
10-43-34-221 632464794 -388073514 415502514 -654424568
10-43-34-245 632393094 -387801247 416387192 -637271999
10-43-34-263 630159179 -387127190 437198272 -637358003
10-43-34-268 645421455 -387014008 438968502 -654520185
10-43-34-294 643536415 -386913748 440847143 -655037857
10-43-34-313 620195904 -386907227 431216457 -656647506
10-43-34-318 617843928 -386736909 434152098 -656992738
10-43-34-344 615619192 -386494580 454191653 -657140380
10-43-34-363 626493598 -387724901 446823282 -655439077
10-43-34-367 624785114 -388989889 449754356 -637489549
10-43-34-394 622876137 -390672298 452803236 -636154017
10-43-34-422 599162581 -382398219 462512939 -630614839
10-43-34-441 596693724 -404181430 465591416 -644364670
10-43-34-459 611387557 -410350035 468284885 -640470229
10-43-34-466 606240809 -417441329 490452032 -625488707
10-43-34-473 604578889 -443119169 491585051 -603303005
10-43-34-493 585800065 -434819697 492796646 -598185672
10-43-34-504 579714529 -474989780 478669872 -584422018
10-43-34-511 594737849 -466456685 478939234 -579559914
10-43-34-540 593028491 -492296103 478674358 -590802736
10-43-34-551 589068116 -495470997 494402203 -562199943
10-43-34-564 569606785 -521914496 494061684 -573325476
10-43-34-587 566131204 -514492839 494010799 -551715032
10-43-34-602 552860851 -555238891 494835222 -558656242
10-43-34-606 548294184 -560214367 479426194 -557347685
10-43-34-643 561171776 -547246143 480243389 -556688064
10-43-34-653 555809501 -571464607 494839121 -556513673
10-43-34-659 555458383 -572978537 493184853 -556957330
10-43-34-685 555563374 -574430700 491210655 -557220220
10-43-34-701 555930644 -576151082 469271667 -559600651
10-43-34-707 555351999 -575095354 468865408 -561764087
10-43-34-734 554303647 -573267895 468699672 -548004182
10-43-34-751 535246638 -547714515 469041143 -575572383
10-43-34-756 534901718 -560829232 469214024 -562432004
10-43-34-796 534885992 -557070229 469578661 -565864868
10-43-34-808 535967743 -543578591 487074967 -593645673
10-43-34-816 536398725 -538435063 487280614 -580754537
10-43-34-835 553870071 -516484667 487603255 -584496693
10-43-34-840 556727354 -500806902 490676679 -609575474
10-43-34-847 558348516 -495864680 492263290 -610943149
10-43-34-884 560458898 -507820715 493799546 -611510303
10-43-34-902 552147927 -494544513 481244788 -610998297
10-43-34-913 571882182 -489796295 482440483 -610836660
10-43-34-938 574684855 -467998898 483385181 -611246632
10-43-34-951 563578867 -473661707 484446852 -596775621
10-43-34-962 566656046 -451345396 484131094 -598252154
10-43-34-988 569824943 -446105775 483172880 -599878008
10-43-34-998 580482355 -432576697 494259116 -603988377
10-43-35-006 583855562 -429009029 491559240 -622148958
10-43-35-032 587041251 -442541128 488637164 -623640980
10-43-35-063 610994786 -419017994 461567425 -612498802
10-43-35-075 595726876 -417950934 474786705 -614530017
10-43-35-090 596784412 -417407279 471334444 -616565151
10-43-35-100 597161295 -418768431 445810673 -638538530
10-43-35-107 596773436 -436681859 460252377 -639930015
10-43-35-126 596098367 -437813109 458226180 -641259311
10-43-35-143 610403045 -440802344 454384625 -644634260
10-43-35-151 609329567 -441304776 454019473 -645380467
10-43-35-171 608276897 -441682498 454284000 -629241971
10-43-35-188 605744460 -443132484 456795337 -645645202
10-43-35-193 605088698 -443965414 457773352 -645044148
10-43-35-224 604338797 -444523633 458932834 -644576646
10-43-35-239 582151386 -428670112 448945011 -644116188
10-43-35-257 579184740 -428803539 452243875 -644323450
10-43-35-283 592393227 -428388014 472811646 -645223984
10-43-35-295 562249912 -440524094 465855976 -636581739
10-43-35-305 574990840 -437722680 467484760 -657609749
10-43-35-326 571546471 -417486805 468437464 -662159906
10-43-35-336 549946985 -427709410 469191629 -653283614
10-43-35-349 549654013 -425976235 468598487 -671791380
10-43-35-376 550739258 -425964304 467473422 -671701227
10-43-35-391 577195181 -437898178 476951028 -660953784
10-43-35-403 564354230 -428769380 473524311 -654895866
10-43-35-430 567512086 -454095998 470131243 -631758458
10-43-35-442 568677823 -463510332 449933053 -614478506
10-43-35-451 566752741 -487265104 451111817 -626859542
10-43-35-470 564511441 -493161192 452737809 -623098002
10-43-35-484 576320132 -508410113 473323936 -595787150
10-43-35-502 575899900 -497326892 473353359 -608153454
10-43-35-528 576011179 -503110718 473331605 -586554364
10-43-35-538 576056476 -519791598 473822463 -588086465
10-43-35-548 575577360 -541727550 474648305 -566368906
10-43-35-565 574525522 -530112328 475600785 -578582426
10-43-35-579 551111991 -561514589 478107922 -552486606
10-43-35-592 547529784 -549375370 461939845 -550845993
10-43-35-611 560511023 -570916618 462502810 -549516657
10-43-35-625 531948815 -567314852 464265380 -546352665
10-43-35-632 544732469 -587923670 465051541 -545798095
10-43-35-663 541218240 -591078654 465529599 -545561237
10-43-35-670 516408860 -579441866 465001810 -548427276
10-43-35-683 514201206 -580119080 464576075 -550164960
10-43-35-710 512021834 -580389633 464165310 -552405355
10-43-35-727 525385555 -595521945 463075146 -575015031
10-43-35-735 524368201 -593683358 462291426 -578588385
10-43-35-757 523831239 -591352598 477912153 -565804677
10-43-35-783 524555279 -565616606 474081380 -593861111
10-43-35-790 525279874 -562258124 473259889 -580488725
10-43-35-815 526116731 -575402092 472553206 -583695420
10-43-35-822 513297945 -548169946 472183180 -607119995
10-43-35-831 514803022 -561975911 472767211 -608115131
10-43-35-860 516238637 -559068482 473935389 -608435471
10-43-35-881 538297640 -531612960 462557163 -609052880
10-43-35-889 540494389 -543804590 464421736 -609644541
10-43-35-912 542885040 -538852943 466246295 -610407885
10-43-35-920 536178847 -523751102 469271789 -611679450
10-43-35-932 556834831 -502243430 469687468 -611673296
10-43-35-952 561085739 -497388745 486621879 -611744371
10-43-35-976 573502506 -482132982 467772102 -597256620
10-43-35-981 577346316 -493868069 466593449 -598556237
10-43-36-001 564311988 -489239340 465115810 -599834100
10-43-36-027 591545073 -478145197 475729534 -603172393
10-43-36-035 594566673 -475277676 473432920 -621087082
10-43-36-056 580531059 -472698286 470845403 -622188864
10-43-36-063 585012025 -452372898 448397182 -624726966
10-43-36-079 587038100 -451236984 445394784 -626080121
10-43-36-100 605522349 -450218337 459091281 -627287973
10-43-36-116 609799925 -447445676 434608799 -614091260
10-43-36-124 611043719 -446505489 432803217 -614845893
10-43-36-160 595641118 -445552230 431171429 -615313305
10-43-36-171 600594302 -459897328 428159812 -614482262
10-43-36-181 602334592 -459141153 427843083 -613325429
10-43-36-203 620951586 -458489462 427914151 -628658837
10-43-36-214 625824014 -456420312 429878127 -623914727
10-43-36-224 627082800 -455787373 430721216 -622335694
10-43-36-249 628208813 -455343040 431677628 -603888884
10-43-36-260 613334743 -455016627 453433678 -598447936
10-43-36-278 613576871 -455106096 455773700 -596415350
10-43-36-295 613579556 -455290946 458286431 -611190318
10-43-36-318 612845584 -457243148 448459125 -605044323
10-43-36-326 612401126 -458729775 450468354 -585959569
10-43-36-345 628899536 -460721908 452386087 -583268505
10-43-36-379 627608459 -452633037 473975126 -590726472
10-43-36-391 627116013 -473832241 474642412 -587322710
10-43-36-405 626383039 -462302082 474760324 -566941914
10-43-36-414 623042506 -481371430 473942226 -572041870
10-43-36-421 621318099 -504965383 474003165 -551244940
10-43-36-453 602626936 -495129827 474308405 -547059948
10-43-36-466 598351812 -525626818 474789297 -555469046
10-43-36-473 596113306 -515539583 474894200 -534696889
10-43-36-490 610796641 -539001873 474589848 -530879147
10-43-36-520 604566197 -558421345 472403174 -537225860
10-43-36-529 585795435 -547617288 471421832 -517325609
10-43-36-546 583728960 -553457657 470345138 -514495716
10-43-36-557 593576401 -568665460 452087786 -524236391
10-43-36-568 590900575 -589468899 452420082 -522381714
10-43-36-588 588264471 -593128017 469869496 -520750314
10-43-36-609 564699996 -585401236 472757188 -498536816
10-43-36-618 563111179 -604873350 473473739 -496542504
10-43-36-637 578260733 -607531429 474120398 -511508835
10-43-36-656 572644080 -598203871 476631767 -506508239
10-43-36-666 553472315 -600239365 478107171 -505513877
10-43-36-687 550756268 -601703050 463148487 -505162517
10-43-36-698 560568319 -602447868 468911382 -506444501
10-43-36-712 559242084 -601891510 487041736 -507456195
10-43-36-732 558312057 -601065001 488124019 -508437624
10-43-36-762 557295148 -598080262 489100017 -495395531
10-43-36-779 557089025 -596733189 489088173 -497209182
10-43-36-797 556865488 -611793966 489191065 -499612589
10-43-36-807 556490781 -605467010 488519218 -524746780
10-43-36-816 556675418 -586612007 488108421 -527273618
10-43-36-835 556965797 -584674377 487884532 -512615704
10-43-36-847 558371030 -580788227 487633589 -515804269
10-43-36-868 559454773 -595579166 487306274 -517091500
10-43-36-888 560985144 -593566928 486798963 -518166083
10-43-36-898 550733663 -568756272 468025553 -538502806
10-43-36-911 553589084 -565333843 467695205 -539618073
10-43-36-932 573314704 -578151748 467579078 -540699503
10-43-36-954 566790504 -548653344 467971039 -542352003
10-43-36-962 587691830 -561311845 467541245 -542569746
10-43-36-978 591995511 -557323787 466536582 -542853959
10-43-36-986 604659026 -545057437 462373165 -544644519
10-43-36-997 608293444 -540746716 477770920 -529291826
10-43-37-024 611801816 -519358588 476401029 -530969624
10-43-37-039 621281798 -522575058 471948759 -553771725
10-43-37-049 624327098 -501825856 469939401 -555728807
10-43-37-075 627332897 -498044011 451026803 -557663202
10-43-37-090 619043447 -504786951 460340976 -546412762
10-43-37-099 638356657 -484922488 457847197 -548361312
10-43-37-125 640764770 -481871816 455500424 -550146327
10-43-37-134 629723581 -490559432 432899347 -571998575
10-43-37-150 631374452 -488028380 431415733 -573446424
10-43-37-175 632682014 -469020901 430218230 -574691054
10-43-37-187 634665824 -464895439 429427699 -576537709
10-43-37-197 635113732 -462933575 430126632 -577136773
10-43-37-227 635327304 -478028486 431174601 -577426969
10-43-37-244 635178373 -474468225 435278679 -577182143
10-43-37-253 634899604 -473826476 453531779 -576867689
10-43-37-273 634671028 -473278142 454804229 -576452799
10-43-37-282 633357845 -472858110 459035060 -575038744
10-43-37-290 632886810 -473048406 460367815 -574214183
10-43-37-324 632493254 -473413004 445000200 -573272807
10-43-37-334 632024681 -476722752 448573805 -551237568
10-43-37-343 632018376 -461505052 450167967 -548576499
10-43-37-391 632052816 -463192388 451909254 -545653053
10-43-37-403 630846088 -486735647 475280318 -535414142
10-43-37-412 629818526 -489372573 477625426 -532317607
10-43-37-432 645095075 -491904174 463286272 -529751236
10-43-37-443 638680011 -484239193 469396325 -540377217
10-43-37-452 619567085 -504825753 487497862 -538368985
10-43-37-471 617499081 -508893281 488622823 -519377317
10-43-37-480 628087659 -522512716 491180340 -527973285
10-43-37-489 626172860 -527662648 491688139 -524767966
10-43-37-513 624442106 -516138291 491822752 -521396567
10-43-37-528 602701526 -531806906 490488994 -495751188
10-43-37-537 600966180 -553760162 489486778 -510034198
10-43-37-565 599119707 -558904206 488584501 -507725956
10-43-37-574 611794083 -551140480 487495324 -503765720
10-43-37-594 609265937 -571936701 487550562 -485594295
10-43-37-613 606668344 -575448731 487802022 -484572081
10-43-37-637 581003200 -567056665 490932509 -482713243
10-43-37-645 594651616 -569600539 492267689 -482284525
10-43-37-682 591752943 -588870829 493469641 -481618431
10-43-37-691 567035288 -579481802 479471219 -479751317
10-43-37-700 564343761 -581697643 480308740 -479258183
10-43-37-728 578365499 -583801766 481313635 -479202905
10-43-37-738 570854635 -587147647 484982348 -480149824
10-43-37-748 552422938 -604237826 485686663 -480988558
10-43-37-771 551169570 -604374669 486066169 -481919661
10-43-37-780 549469876 -584933621 486368229 -503730237
10-43-37-788 549469800 -582649304 486492101 -506190485
10-43-37-814 549627434 -579788404 503481884 -509101559
10-43-37-824 552350406 -568486188 504374457 -501517322
10-43-37-839 570734707 -564555254 504150177 -520985963
10-43-37-874 572808687 -577431034 503765354 -523367199
10-43-37-887 562076507 -549652421 485676567 -513098526
10-43-37-896 563962016 -546006339 485521321 -515080826
10-43-37-914 565625997 -559166326 485283010 -517113633
10-43-37-922 588030454 -530887807 485068735 -539630780
10-43-37-928 590073752 -543643475 485207835 -541261315
10-43-37-953 592327704 -539378634 485407889 -542932054
10-43-37-965 580307031 -513705930 485715206 -529160514
10-43-37-972 582999575 -525945802 485592130 -530550879
10-43-38-001 585912047 -521124816 485329851 -532177148
10-43-38-009 611377029 -505520841 484203321 -554557494
10-43-38-018 597436712 -483175550 484005052 -556677479
10-43-38-053 600180287 -494356762 483845587 -558604209
10-43-38-063 624872995 -477812740 483419347 -547444054
10-43-38-078 627478755 -472355636 482911425 -549366609
10-43-38-099 613268462 -450240230 482130421 -551587983
10-43-38-105 637555680 -435360420 494055785 -576134003
10-43-38-115 639902502 -430964264 491808886 -578839494
10-43-38-148 642078435 -443875769 489257923 -564800859
10-43-38-181 630271620 -418246940 463556409 -590012157
10-43-38-204 631347963 -416271777 477030863 -592921612
10-43-38-229 632322562 -414625899 473896349 -578877245
10-43-38-254 634056585 -411977556 447906098 -586229702
10-43-38-268 634439977 -411912003 445174056 -604784740
10-43-38-282 634799791 -412046627 459718550 -606046870
10-43-38-300 635258827 -412829974 457191545 -607073294
10-43-38-309 635371492 -413364904 457599496 -606191813
10-43-38-327 635500532 -414151978 458364597 -604828239
10-43-38-343 635985308 -416410221 460251721 -584473802
10-43-38-353 635979905 -417994008 444599151 -582557995
10-43-38-368 635660024 -436432162 445785119 -580713479
10-43-38-377 632330879 -441218639 450343638 -594023277
10-43-38-391 630668653 -442623744 452014741 -593578603
10-43-38-415 645448526 -444020375 470419378 -593434244
10-43-38-420 638962760 -429924750 475774387 -594217434
10-43-38-426 620045849 -430526902 477868373 -594410387
10-43-38-448 614349352 -433350330 466529996 -594091298
10-43-38-465 612610804 -434864695 467905863 -593575882
10-43-38-474 627625714 -453710038 469306922 -592858688
10-43-38-495 621704144 -445248343 490469689 -589083753
10-43-38-510 602906126 -448840109 491958462 -570339831
10-43-38-517 601235316 -452718084 493441621 -567929530
10-43-38-550 597264772 -465311969 480165131 -575700825
10-43-38-556 596169206 -486691165 481154857 -572161240
10-43-38-564 611893508 -491399110 482120033 -551597711
10-43-38-640 609103925 -505336998 484695494 -556853492
10-43-38-657 607920930 -509868047 485512100 -536582514
10-43-38-670 606393447 -497477250 486238771 -533498439
10-43-38-683 585678559 -521783614 504913480 -529140616
10-43-38-701 589588043 -543600430 507128025 -537021748
10-43-38-707 587347211 -530361697 506626694 -519542579
10-43-38-712 568414063 -533756264 505919066 -519321480
10-43-38-754 563866927 -557558250 503968660 -518847684
10-43-38-767 578429149 -561019726 503307966 -518551558
10-43-38-780 575920404 -547346732 486365791 -518158821
10-43-38-799 551608029 -572403029 486409211 -517696115
10-43-38-810 549320627 -574299353 486396819 -518046388
10-43-38-821 547261808 -575700276 486398142 -518781955
10-43-38-842 559781154 -577062697 486360784 -538857104
10-43-38-853 559207509 -576977774 485934020 -539839930
10-43-38-866 559011539 -576878639 485490579 -540648326
10-43-38-930 559404747 -576163305 482936490 -543358313
10-43-38-952 559748258 -575771052 482018401 -544414738
10-43-38-961 560038933 -575200069 481237568 -528535681
10-43-38-976 561261066 -573547274 480140790 -530147749
10-43-38-992 571439030 -546035933 479081700 -531363682
10-43-39-004 573997075 -560405983 478772554 -531359637
10-43-39-010 576741202 -557751536 478368474 -531477790
10-43-39-086 567416706 -531718112 494044884 -533703214
10-43-39-101 569620396 -545075290 493603806 -535017232
10-43-39-108 588621926 -541618327 493171446 -536499241
10-43-39-133 593180267 -518026232 492075094 -555950806
10-43-39-140 586833727 -503323974 488420120 -561534023
10-43-39-145 605221396 -500577252 487505595 -546244700
10-43-39-150 606640497 -497801779 486586799 -547963771
10-43-39-180 610142350 -507105492 466345308 -570697414
10-43-39-193 611304978 -505180261 464591512 -572683119
10-43-39-199 595905940 -503491047 462371861 -574504233
10-43-39-275 599984043 -483344798 472034366 -562218443
10-43-39-284 600992312 -482158724 470070635 -563838945
10-43-39-297 601803178 -480781789 451639545 -565416726
10-43-39-306 603321892 -494220133 448789834 -568936959
10-43-39-333 627338138 -468323544 459218711 -590620542
10-43-39-342 628702162 -467364762 458526857 -590344117
10-43-39-352 613105715 -466346903 458308136 -590117127
10-43-39-374 614704580 -462662717 460360248 -589573917
10-43-39-384 614737354 -477927641 445176992 -589479874
10-43-39-403 614544271 -476369404 447077374 -589409345
10-43-39-467 614008276 -473212214 451682006 -588829822
10-43-39-488 613828663 -470449725 473393366 -587278943
10-43-39-497 613968528 -452703233 475508126 -569249815
10-43-39-507 614339451 -452618942 461889673 -566302220
10-43-39-525 626141991 -461534436 468786070 -575539640
10-43-39-533 624494328 -464491468 487179923 -573344651
10-43-39-545 622980036 -468144523 488592724 -570841500
10-43-39-575 603175729 -481547651 489933239 -561305818
10-43-39-620 602316918 -503496526 489814519 -557846383
10-43-39-629 601511416 -508959125 489532036 -554202779
10-43-39-641 599664418 -520982156 488163864 -529462860
10-43-39-670 598691435 -527664079 487147480 -542010860
10-43-39-677 583388817 -551765486 468929644 -502419525
10-43-39-689 579181066 -573601654 486602340 -500916117
10-43-39-714 591713005 -577780970 487505091 -500342194
10-43-39-721 563184272 -567353981 491096641 -520199447
10-43-39-731 576886046 -568085106 492248796 -521845098
10-43-39-764 574475779 -568369791 493056074 -523408801
10-43-39-786 553036175 -567931347 493812520 -528341164
10-43-39-816 551923803 -567762607 493927997 -512948865
10-43-39-854 550907261 -567574466 494290847 -514133392
10-43-39-863 548785990 -566101722 479254932 -516212651
10-43-39-870 547829451 -564980393 480306816 -517540175
10-43-39-881 546973177 -563828315 481242086 -518897917
10-43-39-886 545956041 -575227857 483530707 -540366204
10-43-39-892 546142605 -572765614 484280578 -542004443
10-43-39-903 546486106 -553245380 485036489 -543735155
10-43-39-965 549902202 -560909694 484817716 -532961926
10-43-39-971 551747558 -557866343 484047101 -534886573
10-43-39-977 570567825 -554757165 483088382 -536736270
10-43-40-002 575286040 -532293652 480585207 -556528663
10-43-40-008 588473519 -517175545 492268292 -561718233
10-43-40-025 590306502 -513910018 491689159 -546447509
10-43-40-049 592110068 -527224159 491188888 -548053168
10-43-40-074 581942471 -499601222 488813609 -553027372
10-43-40-084 584663445 -495956118 487654595 -571288966
10-43-40-102 604089634 -509414198 469503764 -572495446
10-43-40-113 610980472 -482888055 466076245 -576434421
10-43-40-123 596039631 -479668921 465225973 -577990464
10-43-40-148 597734845 -493362145 464425156 -562606249
10-43-40-158 602370366 -469181033 461954435 -565982206
10-43-40-171 603678071 -467482523 477979123 -566646604
10-43-40-194 621569937 -466110327 477174622 -567232946
10-43-40-215 622864169 -463649392 475792121 -568935316
10-43-40-230 623005728 -462450996 475270576 -570243514
10-43-40-254 622827022 -477959268 474665781 -588553690
10-43-40-298 621907179 -474695043 472713718 -593890586
10-43-40-306 621763844 -473772371 472006938 -595423977
10-43-40-320 621598601 -472810206 471431813 -579928365
10-43-40-328 622147727 -469919038 470784323 -582130753
10-43-40-337 622452471 -452167288 470957535 -582419597
10-43-40-350 622850930 -451430017 471169112 -582445443
10-43-40-390 623862174 -448255825 472756818 -582494194
10-43-40-413 623843442 -447020187 473668724 -582657418
10-43-40-421 623544038 -445947109 474717066 -582876486
10-43-40-451 622576466 -461288949 477282732 -582912040
10-43-40-467 600455007 -459398199 487163100 -581928763
10-43-40-484 599593385 -460246824 488011802 -581539240
10-43-40-507 596372095 -447479947 489102514 -581002865
10-43-40-513 612124584 -449364665 489029589 -580642913
10-43-40-522 611028521 -451457362 488893792 -580164728
10-43-40-615 608355042 -475140861 488555926 -594667821
10-43-40-626 607587409 -477425532 488351456 -593913806
10-43-40-638 606755612 -463074326 488009251 -593192303
10-43-40-655 604054175 -485181137 462256041 -568598549
10-43-40-665 603965936 -506595474 477596728 -565793828
10-43-40-673 586936502 -495002832 476607721 -562364400
10-43-40-690 582975247 -513636367 476094599 -550213626
10-43-40-705 580611741 -519803195 476754453 -546347177
10-43-40-710 594631990 -542726481 477513935 -559762039
10-43-40-736 567633891 -560058571 462726623 -535017268
10-43-40-746 564029578 -548275694 463510664 -533273677
10-43-40-752 577382180 -552280725 464487386 -531977896
10-43-40-786 551226315 -576364837 467689333 -531523294
10-43-40-796 548867932 -577731078 468324338 -532087977
10-43-40-802 547005647 -578747820 468446997 -532680875
10-43-40-846 560781063 -563784481 467879778 -534441594
10-43-40-865 559996901 -563482442 467940891 -535594617
10-43-40-877 559339793 -562462928 468155610 -553930099
10-43-40-893 559154326 -574978024 467736133 -558994416
10-43-40-902 559619225 -573354929 467105998 -560741254
10-43-40-907 560270200 -571751224 466361465 -545659686
10-43-40-930 561874321 -551020942 464916883 -549148013
10-43-40-941 546157681 -548686255 464437772 -550759823
10-43-40-946 547510027 -545988841 464244762 -552355280
10-43-40-984 553508387 -536766565 464045013 -572042985
10-43-41-003 572933768 -533575206 463953710 -572598042
10-43-41-012 575527779 -530514012 463827953 -572823456
10-43-41-035 566471907 -537341960 464231355 -573900916
10-43-41-046 568978462 -516603908 464627434 -574488512
10-43-41-061 588267935 -512547649 465032659 -575370584
10-43-41-130 578789284 -500303166 465385408 -578404500
10-43-41-142 581403069 -496439569 464925962 -562670905
10-43-41-158 584080822 -509586628 464052026 -563711097
10-43-41-173 605924885 -485556240 462051691 -566264664
10-43-41-201 620952216 -462233718 451268368 -595229494
10-43-41-223 623835687 -475843469 448840058 -579712399
10-43-41-233 626785460 -473478417 446357114 -580452600
10-43-41-248 617782785 -470220456 456378506 -579844603
10-43-41-257 619765000 -452763657 454561931 -579746997
10-43-41-267 638123466 -452278830 435831374 -579900945
10-43-41-287 641585572 -450232417 429351369 -582702120
10-43-41-297 642359569 -449325093 443979895 -584189859
10-43-41-306 643018313 -448149115 441924813 -585973838
10-43-41-335 644821974 -445219001 437011946 -606695423
10-43-41-351 629148708 -460549363 417552691 -608540246
10-43-41-363 630322213 -458929867 414945993 -610272285
10-43-41-377 635172298 -454849512 426161113 -612055528
10-43-41-398 637363948 -454189201 424887894 -611099666
10-43-41-407 656355264 -454052564 423666631 -609647656
10-43-41-476 661498339 -455212021 421997095 -604099767
10-43-41-500 645909466 -455827371 421860699 -585667755
10-43-41-514 646924221 -456099634 422062800 -584257869
10-43-41-521 648004614 -455265335 423771131 -582276302
10-43-41-535 650198374 -430102998 425966177 -584442863
10-43-41-544 650738667 -429297834 425040349 -585091316
10-43-41-549 651241774 -428811437 424147963 -585635409
10-43-41-618 652594223 -444438827 424129032 -584756682
10-43-41-636 653028717 -428018959 424959087 -583630166
10-43-41-647 653321806 -428723609 425922566 -581882295
10-43-41-665 654029642 -431303287 411462294 -594268915
10-43-41-709 675613085 -455359101 415637073 -563196171
10-43-41-731 676655320 -456607621 415851510 -577499131
10-43-41-742 677978355 -457882329 416115822 -574782182
10-43-41-750 664627458 -460607981 417094266 -550916817
10-43-41-764 680858728 -470312013 436914888 -519333620
10-43-41-781 685945609 -473752167 437051087 -525874172
10-43-41-788 708757568 -477732263 437291224 -496785373
10-43-41-813 714346236 -478635302 438291664 -460842311
10-43-41-818 739377879 -485660906 439489605 -437756825
10-43-41-824 730698236 -509910058 441526183 -395006576
10-43-41-864 752630272 -514369589 455717161 -297756676
10-43-41-869 774880751 -537090168 446297848 -276116141
10-43-41-884 778940498 -542604126 471224822 -234935728
10-43-41-960 777677832 -561511481 494876373 -80691049
10-43-41-969 772500049 -551050304 484839818 -31066584
10-43-41-984 747574850 -574005019 507678150 19444923
10-43-41-995 718529363 -589778291 501093856 125313061
10-43-42-015 548816295 -601917520 511652300 457025106
10-43-42-020 512373522 -600015316 506665474 506154280
10-43-42-033 489878578 -597689212 486134716 533371248
10-43-42-064 384216307 -595886226 504984391 601204663
10-43-42-070 334434169 -599251650 510673741 639997867
10-43-42-077 282460167 -622860840 500820253 654328048
10-43-42-105 156113676 -631872323 515114531 651273075
10-43-42-121 120210963 -636744181 515024143 654085621
10-43-42-129 92237278 -654664155 513017645 675954613
10-43-42-151 53668343 -642138601 495170131 704833076
10-43-42-168 53966345 -618493345 503968379 699815853
10-43-42-174 42505568 -629095101 478335043 727495403
10-43-42-247 89600243 -597741472 445770554 757355216
10-43-42-280 81270278 -612237571 434378844 748253061
10-43-42-291 103487941 -602456037 439781351 748528085
10-43-42-309 125510964 -624843228 428854704 737383396
10-43-42-339 117153003 -585559582 451089237 757091693
10-43-42-396 114036833 -609182565 451494064 735329440
10-43-42-410 124280640 -600795311 452109855 746046142
10-43-42-421 104413673 -618389855 471360220 716320894
10-43-42-439 16200118 -653202410 482495838 689907432
10-43-42-445 -53941282 -663696866 535641019 620382490
10-43-42-456 -56802431 -677295304 560392119 616341241
10-43-42-497 -56612729 -673541939 550705087 614064842
10-43-42-509 -41573579 -660585582 565019188 615025405
