10-40-50-952 -952307491 140844725 -326769190 -360989201
10-40-50-960 -952326763 140743913 -326695242 -360893804
10-40-51-091 -952381604 140664685 -326766915 -360864972
10-40-51-107 -952339003 140603252 -326696321 -360767644
10-40-51-114 -952364797 140488644 -326685857 -360792677
10-40-51-133 -952572416 140310851 -326482934 -377438336
10-40-51-140 -952536776 140341862 -326519600 -377332278
10-40-51-144 -952537638 140283007 -326499976 -377288162
10-40-51-148 -952595909 140406776 -326621338 -377245142
10-40-51-182 -952549524 140444013 -326622654 -377179235
10-40-51-193 -952650412 140459644 -326653189 -377109740
10-40-51-199 -952687895 140307146 -326426455 -376944836
10-40-51-209 -952829239 140138385 -326217359 -377015029
10-40-51-274 -952353059 140760238 -326560538 -360760485
10-40-51-376 -952275180 140811281 -326719991 -360930201
10-40-51-404 -952247368 140869601 -326850419 -361042762
10-40-51-415 -951972010 141115931 -327085598 -361266511
10-40-51-427 -951499806 141639511 -311124399 -361660519
10-40-51-446 -951017255 141950370 -312225184 -361940286
10-40-51-454 -950895679 142100773 -312258901 -362034452
10-40-51-463 -950830549 142125142 -312381455 -361998027
10-40-51-482 -950698321 142353164 -312702642 -362061201
10-40-51-491 -950697254 142429546 -312830363 -362161522
10-40-51-510 -950629250 142504550 -312965377 -362127906
10-40-51-537 -950414138 125956628 -313323156 -362210527
10-40-51-547 -950346497 126077783 -313451652 -362294824
10-40-51-560 -950288864 126199335 -313615420 -362312568
10-40-51-593 -950069832 126648460 -313877644 -362310572
10-40-51-601 -950085324 126808283 -313912921 -362290679
10-40-51-609 -950041929 127021789 -314065772 -362205489
10-40-51-623 -949939562 127326009 -314144850 -362086366
10-40-51-636 -949933582 127496512 -314106860 -362101659
10-40-51-640 -949926771 127516456 -314209558 -362053688
10-40-51-684 -949960611 127714855 -314305224 -361916580
10-40-51-697 -949952181 127818668 -314369578 -361802349
10-40-51-705 -949947936 127781643 -314432542 -361747898
10-40-51-725 -949872335 127862304 -314673091 -361558168
10-40-51-750 -949955600 127770287 -314774148 -361492088
10-40-51-766 -949911749 127797249 -314798185 -361429257
10-40-51-782 -949996694 127504321 -314859724 -361308446
10-40-51-790 -950096548 127482862 -314864309 -361248690
10-40-51-798 -950063615 127322234 -314804236 -361196462
10-40-51-829 -950215639 127139500 -314801916 -361035350
10-40-51-850 -950197683 127046524 -314680657 -361061369
10-40-51-871 -950244820 127031396 -314611076 -360964325
10-40-51-891 -950392598 126732554 -314346079 -360900156
10-40-51-898 -950443375 126659602 -314243928 -360884157
10-40-51-907 -950552783 126583864 -314158546 -360937695
10-40-51-922 -950588064 126402933 -313963788 -360913978
10-40-51-928 -950693998 126325014 -313935679 -360920617
10-40-51-942 -950740489 126302094 -313755055 -360932985
10-40-51-968 -950874244 126080330 -313488528 -360930231
10-40-51-976 -950852322 126021020 -313297125 -360882717
10-40-51-981 -950954418 126036625 -313183583 -360904667
10-40-52-009 -950917757 125947561 -313088306 -361043613
10-40-52-022 -950923327 125958770 -312990621 -361052518
10-40-52-028 -950995101 126034509 -312976093 -361043973
10-40-52-075 -951119303 125844886 -312637466 -360903575
10-40-52-085 -951275955 142408359 -312436936 -360895374
10-40-52-091 -951351852 142260825 -312202265 -360901145
10-40-52-123 -951394803 141990113 -312123231 -360962169
10-40-52-137 -951319907 142038840 -312224541 -360963036
10-40-52-143 -951390176 142045474 -312146493 -360958097
10-40-52-206 -951461256 141983703 -312001974 -360893891
10-40-52-214 -951427934 141941334 -312029272 -360925485
10-40-52-231 -951531887 141862140 -311935052 -360814248
10-40-52-240 -951554855 141697197 -311864387 -360798309
10-40-52-262 -951786509 141366817 -311850458 -377269871
10-40-52-278 -951746916 141280739 -311823143 -377298712
10-40-52-288 -951763973 141263366 -311751374 -377200221
10-40-52-352 -951842525 141226674 -311756160 -377124659
10-40-52-374 -951878343 141206017 -311715558 -377007336
10-40-52-392 -951976410 141238752 -311692111 -376954893
10-40-52-406 -952008349 141098304 -311701596 -376891738
10-40-52-425 -951996255 141192080 -311665225 -376887717
10-40-52-436 -951989317 141216405 -311658614 -376876535
10-40-52-451 -951980778 141380039 -311720179 -376928679
10-40-52-469 -951897232 141651979 -311714963 -376808748
10-40-52-477 -951903041 141656119 -311700538 -376844888
10-40-52-485 -951905614 141785213 -311699190 -376748209
10-40-52-511 -951897949 141976013 -311698825 -376693486
10-40-52-519 -951895313 141984799 -311622266 -376681257
10-40-52-527 -951892585 142114134 -311607586 -376675740
10-40-52-549 -951882916 142348429 -311653672 -376624778
10-40-52-562 -951886897 142424123 -311645946 -376657076
10-40-52-569 -951887656 142496976 -311655750 -376552570
10-40-52-606 -951906160 142534940 -311617198 -376504631
10-40-52-614 -951992967 125840152 -311690288 -376368836
10-40-52-622 -951960719 125849273 -311612354 -376287764
10-40-52-645 -952146679 142548498 -311412392 -376064766
10-40-52-663 -952283018 142438043 -311231018 -375895711
10-40-52-675 -952578192 142227495 -310728770 -375870609
10-40-52-696 -953787937 141045021 -324326411 -375567570
10-40-52-713 -954396430 140419723 -322987992 -375369413
10-40-52-724 -955168014 139728972 -321270100 -375138748
10-40-52-744 -976570948 134275546 -294419726 -373426737
10-40-52-763 -979077612 114072234 -305351567 -372478380
10-40-52-774 -965433529 109785096 -281317018 -371501115
10-40-52-795 -993212090 92890605 -271633298 -350208354
10-40-52-816 -997043336 103547126 -245358861 -348026904
10-40-52-828 -984438169 80628685 -252192385 -345042920
10-40-52-850 -998697617 61482968 -197347591 -332384972
10-40-52-870 -1003786981 72618545 -182639554 -343496556
10-40-52-881 -1025590441 68389149 -185068681 -336751655
10-40-52-899 -1023164358 50228546 -129477189 -308215470
10-40-52-910 -1044785966 69567001 -116478662 -279023681
10-40-52-919 -1032794937 73559638 -119584476 -265352210
10-40-52-940 -1058321123 86490576 -91941091 -234514447
10-40-52-956 -1061995578 79137486 -61827714 -217747319
10-40-52-964 -1064889160 107709175 -49860443 -200769311
10-40-52-997 -1051914267 154247916 -41008487 -148384838
10-40-53-006 -1051662907 172400383 -34246204 -130508340
10-40-53-015 -1050632264 191004049 -11088482 -112372092
10-40-53-039 -1059985159 230912781 6802881 -74901423
10-40-53-056 -1039190889 250057211 -5018108 -57220112
10-40-53-066 -1034473672 286332997 -406717 -39776732
10-40-53-088 -1015551320 329894474 11064955 9776151
10-40-53-103 -1024282315 350966775 13864747 25680265
10-40-53-112 -998688461 388624278 16594522 57872237
10-40-53-136 -968476676 434630099 37955192 81743317
10-40-53-154 -974056387 471972951 37453868 94107595
10-40-53-167 -962455010 492026913 36062350 123058160
10-40-53-202 -924854210 533745917 16610305 155645333
10-40-53-215 -911499198 552872393 34833751 146841107
10-40-53-229 -881137265 588441255 36948685 170070387
10-40-53-245 -856715603 642134455 39679518 166525663
10-40-53-252 -842629632 658889460 37922657 187615204
10-40-53-261 -828456051 675249084 34537390 192486996
10-40-53-321 -768327181 702498679 -737308 195303020
10-40-53-328 -754600603 715077834 -6525682 218751851
10-40-53-333 -758770356 743067332 5767247 224020045
10-40-53-344 -739383978 760813703 -17131334 211296463
10-40-53-350 -716586889 749767753 -19817235 210858771
10-40-53-355 -713289480 753216166 -22597378 226309075
10-40-53-379 -720786628 748615840 -13350812 200885390
10-40-53-385 -745282732 759568206 -15224223 195644404
10-40-53-396 -755076814 734993630 -16466864 205927918
10-40-53-431 -795598025 699821171 -36402461 163399977
10-40-53-450 -812026907 683928288 -38477281 170151002
10-40-53-463 -829349362 666265257 -41607952 142794545
10-40-53-487 -868858997 600138697 -57889086 125441604
10-40-53-498 -888539964 590520145 -46586586 95288085
10-40-53-508 -924721681 545921032 -67899427 80325462
10-40-53-532 -979761034 452687862 -74350211 26567244
10-40-53-542 -995639679 436625268 -60693248 23687956
10-40-53-566 -1009291377 404268686 -65822556 5153046
10-40-53-593 -1041290685 305519058 -104370651 -47316362
10-40-53-604 -1032460032 271229220 -95888653 -65575688
10-40-53-632 -1038586798 237123783 -121788124 -83836440
10-40-53-649 -1063207437 139497912 -158665671 -152612412
10-40-53-657 -1062389668 108676395 -173962328 -168892284
10-40-53-668 -1060225565 61663114 -189514866 -167803940
10-40-53-683 -1046668320 -24979719 -215558417 -213941709
10-40-53-691 -1040538860 -33491471 -227797772 -228010185
10-40-53-723 -1017099022 -72988717 -256264399 -257569306
10-40-53-733 -1003616517 -95997972 -260578628 -261969198
10-40-53-753 -1014200097 -113671994 -285796861 -286818690
10-40-53-765 -1008428313 -130265790 -292796788 -293472911
10-40-53-784 -994384409 -190754089 -306217373 -305378754
10-40-53-795 -991095307 -201398672 -308272428 -307696779
10-40-53-809 -972334061 -207934976 -308996211 -309340704
10-40-53-829 -992355172 -183869338 -303884701 -308491568
10-40-53-839 -995683277 -191431875 -283768407 -306080899
10-40-53-849 -983053133 -163319015 -279990003 -302584127
10-40-53-914 -1013673299 -137993889 -268133665 -286466837
10-40-53-929 -1001527297 -121963742 -264665123 -262616730
10-40-53-961 -1006036020 -104772316 -261319033 -271369592
10-40-53-975 -1031746086 -67739619 -270787646 -252944329
10-40-54-010 -1034430234 62573621 -239195714 -165095379
10-40-54-023 -1035320904 104207690 -217270117 -168420715
10-40-54-043 -1035413459 113043657 -212267195 -154792601
10-40-54-068 -1032534878 166487294 -219858282 -110005758
10-40-54-078 -1003696974 339878766 -187512127 -31629407
10-40-54-091 -1012752970 347825288 -166726184 -36181274
10-40-54-106 -987391008 388798089 -163923717 -23614658
10-40-54-237 -973492251 458209364 -163461562 15243766
10-40-54-254 -962045390 463004372 -164625402 28328564
10-40-54-261 -933537506 483647095 -166131549 57722762
10-40-54-275 -926189721 538598571 -187605507 64582931
10-40-54-285 -835932530 617672245 -205791230 109466316
10-40-54-296 -838267416 614989305 -207134351 121580025
10-40-54-312 -859038493 627083130 -208665361 98901076
10-40-54-324 -879638895 584415172 -196943301 91166134
10-40-54-331 -872127510 588499552 -198375705 64178777
10-40-54-350 -882435102 574053126 -199557007 69721638
10-40-54-362 -917167900 502989449 -218320327 14433841
10-40-54-379 -946050872 481522821 -218781788 16962802
10-40-54-401 -958139855 475170268 -219324978 2470670
10-40-54-413 -992121657 379049841 -224541089 -58742971
10-40-54-429 -985492896 349700783 -210493439 -73703447
10-40-54-454 -1011340189 336109048 -213521298 -88877809
10-40-54-465 -1026846620 273672154 -217586157 -119633756
10-40-54-483 -1016099830 241288565 -236593889 -135324448
10-40-54-503 -1020473742 193009034 -239851417 -133916682
10-40-54-512 -1022747787 124462831 -246471246 -191969894
10-40-54-522 -1020249677 82953708 -275841610 -203787732
10-40-54-542 -1016583451 59501404 -289373601 -198440393
10-40-54-563 -1002075720 -7496779 -325222794 -231736776
10-40-54-570 -1013172279 -12021654 -318085497 -259259605
10-40-54-593 -1007310149 -31746294 -327238159 -269464843
10-40-54-608 -990853609 -81876494 -347239628 -277557255
10-40-54-613 -969872539 -96729971 -350141251 -283620649
10-40-54-639 -966386620 -111173289 -351343126 -305421525
10-40-54-718 -976682240 -145833519 -349698806 -296591244
10-40-54-729 -975665590 -169258817 -348981672 -297636091
10-40-54-742 -975218663 -173419446 -347870564 -298038719
10-40-54-759 -976586790 -174870627 -344237809 -297075942
10-40-54-769 -994909884 -113499926 -327933751 -292312856
10-40-54-788 -982280292 -99637774 -341984726 -286117960
10-40-54-806 -986420843 -101188823 -339011487 -262577117
10-40-54-814 -999500009 -32338599 -326991301 -255209190
10-40-54-822 -1003642878 -12556037 -321885374 -229206309
10-40-54-836 -1024228362 -8142506 -299737002 -236338512
10-40-54-850 -1030272405 55299619 -304818179 -199449555
10-40-54-857 -1015628450 63517234 -281723117 -205823329
10-40-54-882 -1016827347 105994873 -292295729 -178599877
10-40-54-894 -1031749055 187760343 -274822590 -145167170
10-40-54-900 -1028954771 199399911 -269614884 -133155205
10-40-54-934 -1025301948 227526600 -247925938 -137806595
10-40-54-945 -1010126565 323877910 -232754003 -101666831
10-40-54-951 -986819177 332146738 -228128296 -89712591
10-40-54-980 -996555595 373347995 -240331221 -60891308
10-40-54-997 -954672612 443487402 -210611872 -41503441
10-40-55-002 -961431720 449411663 -224565084 -12926436
10-40-55-032 -933750183 488660829 -222371292 -17608300
10-40-55-041 -897709335 535118714 -219891005 34961026
10-40-55-051 -885720793 553506552 -219539890 29319803
10-40-55-090 -891230613 569869682 -219175225 56481179
10-40-55-101 -849014018 621246073 -200258544 60919251
10-40-55-109 -860320273 628568610 -199266767 64843046
10-40-55-127 -856363543 617157697 -197976115 83951246
10-40-55-202 -837731871 637564009 -195067369 64481443
10-40-55-216 -856900462 617777430 -195852309 61577938
10-40-55-229 -860522981 612708134 -197868824 75012720
10-40-55-248 -855136258 596087050 -221207766 48944543
10-40-55-258 -902549302 538473092 -235663710 21427877
10-40-55-271 -931145394 501423941 -236694008 -8040631
10-40-55-294 -943113842 479189022 -237564449 -22068378
10-40-55-312 -980006714 399771293 -237974597 -68727585
10-40-55-320 -991826762 369046943 -237581261 -85640399
10-40-55-330 -985259645 355002865 -237631994 -102420852
10-40-55-423 -1004132539 272144393 -232207503 -129039715
10-40-55-445 -1024210066 230306218 -255666560 -158425007
10-40-55-455 -1026505321 222045740 -245969508 -170824430
10-40-55-465 -1028867951 169594843 -275966409 -181006377
10-40-55-536 -993372801 -54180875 -329461569 -298866429
10-40-55-548 -971207007 -48018441 -354075285 -322931608
10-40-55-558 -966391463 -73672000 -344402631 -311787809
10-40-55-580 -969851074 -95779574 -343127626 -310877727
10-40-55-589 -990024355 -108788637 -337072550 -324508085
10-40-55-598 -993551696 -101649632 -314936542 -321054084
10-40-55-624 -987048001 -49764230 -320192207 -307113582
10-40-55-637 -1007087752 -52085210 -300690684 -283873936
10-40-55-644 -1010375533 -36823387 -298280799 -293328728
10-40-55-672 -1002428262 13917102 -308167179 -249495070
10-40-55-694 -1005124324 32289096 -304916897 -255959526
10-40-55-706 -1024478668 67868726 -284189932 -228581761
10-40-55-725 -1029937188 111815264 -267059507 -196552972
10-40-55-738 -1030599965 133738813 -260756848 -202294424
10-40-55-757 -1030567650 173057557 -271512177 -191261626
10-40-55-780 -1026309430 240836907 -253390474 -157946336
10-40-55-788 -1024095495 245468652 -229173818 -130521992
10-40-55-812 -1004401647 267026266 -238156324 -137449025
10-40-55-820 -989420521 355082933 -200138712 -106053831
10-40-55-831 -981646819 364020146 -195683510 -77151569
10-40-55-837 -972589336 407080789 -209525996 -64007963
10-40-55-876 -939553604 467082470 -205640175 -39079536
10-40-55-884 -944664684 506697397 -204420627 -8675053
10-40-55-898 -916628579 527582258 -202196639 3794367
10-40-55-926 -885634315 563783604 -191383419 14562527
10-40-55-932 -893147670 579079756 -186062981 36411903
10-40-55-947 -867854073 609682398 -163209030 39190605
10-40-56-028 -852571797 616752835 -169042757 39254989
10-40-56-053 -862609507 643384705 -149109618 37977169
10-40-56-062 -856806787 634242591 -148370655 36620029
10-40-56-076 -857169493 616618390 -225086535 29123685
10-40-56-082 -849686302 621572416 -224896715 37423215
10-40-56-088 -877426063 607590341 -222841411 9984164
10-40-56-108 -914383572 554612567 -198894636 -10732681
10-40-56-133 -926780274 516863998 -198672315 -39767695
10-40-56-146 -922370401 511289039 -198942757 -51616931
10-40-56-167 -976578121 415999594 -197868384 -89997683
10-40-56-250 -971009380 403926612 -198502022 -104128450
10-40-56-278 -997233685 374947704 -218721117 -118199695
10-40-56-316 -1012067416 301300555 -212090518 -127245403
10-40-56-324 -1016748184 168307124 -243116011 -199367390
10-40-56-332 -989628088 36453934 -321704649 -281510383
10-40-56-338 -982129674 17212819 -317872711 -295315227
10-40-56-346 -991082915 -17808844 -328998851 -325795600
10-40-56-358 -975146830 -30749110 -349161970 -334122837
10-40-56-364 -951073337 -58159110 -374953573 -344319811
10-40-56-370 -961349075 -50147562 -365772853 -369735353
10-40-56-427 -932666142 -87116279 -378157788 -367878210
10-40-56-440 -931399771 -92215482 -378911416 -386009119
10-40-56-450 -931382265 -79074362 -378443338 -368750446
10-40-56-461 -938652623 -77842474 -386858368 -375711283
10-40-56-467 -959670229 -90072623 -365669119 -370284933
10-40-56-474 -964313349 -66883268 -361221576 -346795419
10-40-56-511 -979000278 -53492281 -352167893 -335852447
10-40-56-522 -967262908 -39599887 -349626029 -324501945
10-40-56-532 -972389868 -24396182 -346228942 -296008254
10-40-56-572 -988503024 26274415 -343429885 -276447415
10-40-56-580 -1010607697 45030909 -316407121 -247567202
10-40-56-595 -998765024 65064587 -322059454 -252412154
10-40-56-610 -1025038157 133700345 -289697963 -198086922
10-40-56-617 -1025736941 175561882 -264740477 -184427623
10-40-56-624 -1025195757 201461846 -274983119 -186808996
10-40-56-644 -1000333476 261682820 -259442120 -142507308
10-40-56-655 -1012652911 303908930 -254390724 -111052985
10-40-56-661 -1007315237 312437778 -232832473 -96398986
10-40-56-693 -994054430 361932851 -240496679 -66768791
10-40-56-711 -969880516 385309464 -235930883 -68807860
10-40-56-723 -978773277 424213522 -214642994 -54585656
10-40-56-756 -937394459 467495245 -199295694 -17904404
10-40-56-770 -945656733 485833351 -193474672 -7849630
10-40-56-794 -920233116 520094021 -204590637 17914354
10-40-56-810 -910135933 550810002 -192721787 40568461
10-40-56-818 -884886998 564053901 -191031785 30131821
10-40-56-826 -893757628 592300502 -190402668 52972192
10-40-56-892 -875752907 598803402 -177226003 68968697
10-40-56-906 -855115891 603153821 -179457810 72900560
10-40-56-914 -852384551 622559899 -181943412 58932629
10-40-56-947 -881047823 574792224 -225261843 52695643
10-40-56-962 -907327119 560616622 -225957473 25588015
10-40-56-977 -900775340 544541060 -209908271 13860394
10-40-57-000 -933782689 469005829 -212197601 -9053053
10-40-57-010 -962206496 446087703 -210615450 -40141189
10-40-57-033 -974145910 438107897 -224205496 -55535736
10-40-57-055 -1006853892 354068920 -199567820 -103948390
10-40-57-065 -1014700649 325554189 -219122711 -117985166
10-40-57-075 -1004131686 280889492 -224557105 -113603066
10-40-57-128 -1029486821 241958900 -241249183 -152564707
10-40-57-139 -1015509028 197205855 -233701874 -146427707
10-40-57-153 -1017516841 185433011 -258941836 -173995039
10-40-57-163 -1018798077 110382329 -274718228 -179700989
10-40-57-184 -999225926 -57760932 -311555917 -252911439
10-40-57-191 -1009906121 -85537043 -336452135 -244413267
10-40-57-202 -986243521 -95791565 -327883514 -269042161
10-40-57-288 -979335404 -185378322 -351400827 -290010791
10-40-57-300 -954716506 -206357718 -374347859 -278791271
10-40-57-317 -964275066 -226315015 -361939177 -283357483
10-40-57-331 -946128681 -277100902 -361814309 -302381796
10-40-57-337 -932616146 -287603221 -376703721 -283439177
10-40-57-343 -936951596 -262259056 -374019151 -280581519
10-40-57-429 -954781568 -242435193 -345298416 -266882552
10-40-57-459 -978605245 -209812042 -357442713 -260704597
10-40-57-479 -969002846 -209021227 -352432035 -270533478
10-40-57-497 -983857519 -169592146 -341273451 -254407214
10-40-57-507 -1021250503 -21167438 -283308250 -189461842
10-40-57-521 -1041953738 24577947 -292213898 -159578145
10-40-57-538 -1045103191 54545414 -267100327 -145958425
10-40-57-548 -1047116540 131765785 -258906550 -119788158
10-40-57-560 -1044987894 164644450 -251723707 -104736821
10-40-57-578 -1041241180 197774697 -228576776 -89040444
10-40-57-614 -1004935733 294756228 -213290879 -40670284
10-40-57-670 -1012876725 341512089 -210189533 -24258468
10-40-57-681 -986328443 369915408 -224832262 -7654462
10-40-57-697 -981207881 423316862 -221552657 25486740
10-40-57-718 -902194862 542266260 -179737746 96030271
10-40-57-742 -860665447 612968817 -142759678 154313541
10-40-57-750 -831614357 629351691 -153242143 159184848
10-40-57-762 -818509363 662552769 -131359420 146772931
10-40-57-773 -792257814 710248457 -141720841 160454844
10-40-57-779 -777910270 724275721 -142269961 165374786
10-40-57-785 -748254128 719653111 -126502531 186598285
10-40-57-823 -746124609 736589780 -128547471 192105271
10-40-57-829 -738404910 760023744 -131476444 176456551
10-40-57-836 -739456841 758754379 -133611182 192525075
10-40-57-861 -734003882 731605017 -155052749 187242689
10-40-57-927 -760348065 739634045 -156809838 165528491
10-40-57-937 -772325484 728706644 -158315530 176065717
10-40-57-946 -784912553 683074980 -145298552 143955100
10-40-57-977 -906811214 547524047 -192864733 106039563
10-40-57-986 -925353074 517622154 -181722446 76996903
10-40-57-994 -943673878 485762505 -203822721 63144768
10-40-58-012 -991207245 382446720 -223784568 16679997
10-40-58-020 -987234828 346629952 -214553536 17907380
10-40-58-031 -998972241 325860313 -237956336 1396910
10-40-58-069 -1043364184 202142566 -252342576 -70264801
10-40-58-077 -1047768179 143574402 -259691646 -89219810
10-40-58-085 -1032742767 119733463 -269714197 -107234953
10-40-58-121 -1040282932 1381129 -309615524 -157398218
10-40-58-176 -1017439761 -56219793 -319319801 -173908305
10-40-58-186 -1027289895 -81717601 -325392778 -190090713
10-40-58-194 -1009663742 -161474110 -317389494 -201042481
10-40-58-206 -937760050 -309480599 -371901651 -248864305
10-40-58-212 -945604221 -326513415 -376394289 -271851808
10-40-58-218 -921980969 -341301267 -361162106 -276084631
10-40-58-302 -914845857 -346242401 -374366062 -261605603
10-40-58-324 -917431451 -359280023 -372304437 -276735804
10-40-58-333 -922229839 -333854140 -370168440 -274294270
10-40-58-350 -935722245 -323405989 -348063707 -249508779
10-40-58-396 -988674840 -180148662 -339467135 -197199955
10-40-58-419 -1014436174 -167814845 -317321979 -201773770
10-40-58-430 -1005775553 -135485191 -312049745 -189771487
10-40-58-464 -1018845850 -46759676 -301130918 -148821718
10-40-58-480 -1031397002 190615530 -305111951 -63021783
10-40-58-493 -1023557577 214035800 -306921549 -44678432
10-40-58-505 -1014203392 269229972 -308240474 -25852870
10-40-58-524 -980755038 373128289 -306081638 13345032
10-40-58-537 -951176433 404836060 -303089645 31298028
10-40-58-547 -937625906 418690180 -282668258 49169707
10-40-58-565 -907486168 521546131 -287712419 119560560
10-40-58-574 -890362738 530918078 -266516858 136998935
10-40-58-586 -872987036 572598604 -261698392 153314497
10-40-58-601 -820971311 601771095 -250880203 166257179
10-40-58-619 -803864504 638441508 -245811449 179714059
10-40-58-629 -787863625 656071474 -257968073 208586330
10-40-58-664 -747493400 682109396 -243231784 216568406
10-40-58-674 -755074548 709367296 -237801161 236122969
10-40-58-688 -731965842 700626740 -215912562 236149942
10-40-58-705 -730295131 726742230 -221705804 222567389
10-40-58-715 -735362229 724048611 -220322563 198764602
10-40-58-747 -759861884 701526631 -220163441 208374721
10-40-58-764 -796813681 668568223 -222513707 163374224
10-40-58-774 -813192194 652317686 -223523790 167950173
10-40-58-793 -814249916 633552785 -224597067 154640630
10-40-58-809 -890641240 577322220 -210243944 92410305
10-40-58-819 -911402113 530437638 -211031313 75598639
10-40-58-830 -915242537 497674806 -212170151 75142251
10-40-58-848 -971476767 383577081 -236610476 22816059
10-40-58-864 -988120402 356539831 -239078180 5523329
10-40-58-874 -1003872556 308617556 -239860002 -12351602
10-40-58-892 -1034354136 155446263 -232329744 -86858510
10-40-58-907 -1036862924 108992626 -258531091 -104296871
10-40-58-915 -1035698111 49200751 -272225568 -120560636
10-40-58-948 -1041117799 -10223223 -309954642 -133201308
10-40-58-957 -1005446241 -81988768 -329357615 -163744096
10-40-58-966 -1011783207 -117136380 -358248304 -180615100
10-40-59-000 -991517571 -182930921 -352151516 -213368563
10-40-59-008 -981373804 -212470330 -370599124 -228472498
10-40-59-017 -954420132 -255735934 -372078276 -259467546
10-40-59-049 -943683366 -297219702 -376652596 -292750465
10-40-59-058 -920138837 -326658507 -360885436 -283196501
10-40-59-071 -915117839 -318606494 -361945264 -304882407
10-40-59-108 -928624060 -336936976 -366827971 -307500896
10-40-59-117 -914467561 -312127119 -368729251 -305454050
10-40-59-124 -918537981 -300324869 -387498772 -302465455
10-40-59-193 -956668308 -248621062 -368192480 -285471498
10-40-59-207 -949439652 -227484292 -363672032 -260156308
10-40-59-227 -976158922 -221465050 -374782880 -250191441
10-40-59-248 -995687424 -170897298 -345898753 -243178412
10-40-59-259 -1030782013 73056156 -340121393 -139051475
10-40-59-283 -1030871713 108749271 -318645537 -122674797
10-40-59-300 -1029904894 127848150 -312662687 -105910185
10-40-59-312 -1000709154 254491945 -309261868 -51336539
10-40-59-342 -1009892719 290809268 -302912450 -15474740
10-40-59-397 -983813941 326434446 -280101732 3014464
10-40-59-405 -977536367 378866710 -268292843 38333416
10-40-59-414 -963749903 412147218 -262721570 55699156
10-40-59-423 -932067405 461143348 -274292424 73217748
10-40-59-430 -896303381 534344544 -245166708 124488662
10-40-59-436 -876802110 578192019 -259532140 141351816
10-40-59-447 -856713034 587062477 -257092301 158321955
10-40-59-453 -783634067 650032705 -230325325 202976624
10-40-59-459 -768632019 665988558 -241522007 196644575
10-40-59-484 -772657259 679783733 -235071320 220448820
10-40-59-494 -746001762 713091696 -197430448 222343595
10-40-59-504 -742082839 719482397 -208936031 219021994
10-40-59-522 -740966253 739669370 -204718729 198011359
10-40-59-530 -737423630 716983968 -180574743 178696479
10-40-59-539 -747501554 726084093 -179212167 186674706
10-40-59-567 -777068417 698923528 -177954466 176103940
10-40-59-585 -827504958 652114283 -189577704 135457521
10-40-59-596 -847162876 631031690 -187970693 119811160
10-40-59-615 -850788306 624016166 -186807370 103512268
10-40-59-692 -930808446 517065029 -188968927 53885044
10-40-59-713 -935137646 479681587 -191944345 37510947
10-40-59-723 -955593676 455239177 -179462994 21409356
10-40-59-742 -1008591403 347876037 -206981879 -10062298
10-40-59-749 -1040014596 107271983 -239023724 -119451523
10-40-59-763 -1039399122 58654434 -232951602 -138663722
10-40-59-780 -1035905016 -4338341 -245070765 -156979057
10-40-59-789 -1028868828 -114566001 -282172232 -206496317
10-40-59-797 -1001145026 -169574111 -309369065 -221287521
10-40-59-813 -989015220 -205555195 -319707426 -218027628
10-40-59-823 -951748933 -291424067 -331875473 -248193224
10-40-59-835 -958159408 -296391397 -354570065 -271671387
10-40-59-858 -932171116 -315006554 -359131810 -276668509
10-40-59-892 -929771210 -369544863 -370160380 -264962102
10-40-59-911 -927095775 -375972299 -370617644 -264987176
10-40-59-934 -926452428 -362059468 -369289459 -264689583
10-40-59-953 -922304958 -359805276 -359339131 -276591429
10-40-59-960 -947264297 -343713359 -355569595 -272910139
10-40-59-974 -956591783 -323990861 -334941094 -251451087
10-41-00-013 -970186175 -232301350 -338986704 -232115539
10-41-00-039 -996582184 -220635248 -318102031 -240801619
10-41-00-051 -988750496 -191031404 -314517055 -214959911
10-41-00-065 -1003875099 -111746160 -325046470 -194047184
10-41-00-077 -1043432840 106866996 -287424570 -136070085
10-41-00-087 -1041063035 133309440 -265122455 -122197733
10-41-00-107 -1019298287 177349481 -261016144 -107724923
10-41-00-121 -1001813677 265367237 -274535272 -75246576
10-41-00-138 -989391120 325786284 -274321987 -56285911
10-41-00-158 -991479398 351621185 -275222950 -35904363
10-41-00-171 -918878499 469078139 -264213908 51535553
10-41-00-183 -913858062 520447040 -267366862 60196749
10-41-00-206 -890903825 535409970 -287733329 102831725
10-41-00-228 -825503361 612729434 -266329520 161193192
10-41-00-236 -806649787 634125518 -274837310 180061779
10-41-00-256 -789208869 671790613 -246831353 193129599
10-41-00-262 -744801016 716164110 -198934752 197700048
10-41-00-267 -715971765 734774298 -181104607 206403904
10-41-00-296 -721604994 751869805 -164654392 178428291
10-41-00-303 -691908934 808474887 -151845061 158883494
10-41-00-313 -667514634 800548449 -132017942 131549650
10-41-00-360 -678932126 823657251 -130775545 137687892
10-41-00-383 -695826781 813498318 -151829847 109011292
10-41-00-399 -711000521 784554237 -154595411 82923302
10-41-00-417 -713380587 768273710 -156964811 89717648
10-41-00-432 -787072289 698492646 -154533853 53326841
10-41-00-449 -815225415 668222118 -132992043 39271889
10-41-00-467 -861137574 633765526 -127212926 24581791
10-41-00-479 -900663914 572841022 -116577389 -22507865
10-41-00-491 -943312765 513560973 -113039410 -37194067
10-41-00-509 -950448100 468904509 -111597474 -50912452
10-41-00-519 -1025014888 328789496 -113670735 -64430390
10-41-00-530 -1022145392 281182336 -134894025 -90162076
10-41-00-550 -1034652929 228171593 -141716809 -82463755
10-41-00-560 -1051755595 52395150 -164837528 -129754361
10-41-00-567 -1064044391 -20521560 -184078287 -149704660
10-41-00-614 -1039476752 -50352583 -221567778 -167565464
10-41-00-623 -1006107180 -167109438 -271989894 -235054115
10-41-00-637 -1010248534 -200854375 -286351179 -230412561
10-41-00-656 -997121699 -234433553 -282192544 -256186083
10-41-00-665 -959768433 -340919170 -323702330 -270813928
10-41-00-673 -931863038 -346447292 -313182962 -274934112
10-41-00-691 -921631509 -364769444 -335873694 -262068396
10-41-00-698 -903425220 -395919147 -343223556 -288141892
10-41-00-704 -901783966 -399873216 -341347769 -289937766
10-41-00-748 -902428977 -400900184 -337987897 -290166430
10-41-00-767 -915970796 -382476116 -311748515 -265573004
10-41-00-784 -939956340 -385951817 -326996055 -261189134
10-41-00-803 -931256491 -369403706 -326249057 -272978429
10-41-00-814 -975722805 -305318487 -323472545 -253743880
10-41-00-823 -968724596 -263181805 -321333498 -229162547
10-41-00-843 -995376142 -252800118 -301667778 -237647688
10-41-00-851 -1013828843 -176206189 -294398526 -219580613
10-41-00-857 -1005346007 -143885106 -307139580 -193182726
10-41-00-885 -1029342808 -110150554 -303044691 -183336985
10-41-00-899 -1043864010 -19696363 -290953037 -168394685
10-41-00-915 -1045751158 34619397 -287476592 -157050155
10-41-00-938 -1046017892 73267828 -267817808 -128380395
10-41-00-947 -1017850761 182347128 -264151221 -104002355
10-41-00-954 -1026197092 242577438 -264831670 -87894966
10-41-00-979 -999067467 285356263 -265474920 -70451228
10-41-01-008 -975922598 404544896 -263460124 -17682645
10-41-01-027 -960432936 441058777 -260359786 -1309300
10-41-01-045 -943831777 475898489 -273611753 14615305
10-41-01-055 -889425663 573289974 -254513496 61584289
10-41-01-064 -853462761 586771075 -227752687 91708431
10-41-01-092 -833749230 616167687 -216244743 102122577
10-41-01-103 -796671487 705745784 -178165780 121967380
10-41-01-112 -779262930 726528245 -166152490 109700749
10-41-01-157 -761075989 730086860 -172185151 113994217
10-41-01-175 -685248047 786235797 -132276229 128607707
10-41-01-186 -666774828 801370396 -127397116 133881407
10-41-01-203 -651342715 830284149 -140279936 155132133
10-41-01-216 -631367361 844731604 -135600698 146043947
10-41-01-227 -633517328 842985342 -135895433 146482117
10-41-01-245 -655811506 839164869 -135596396 144920688
10-41-01-289 -674148844 826452937 -116690535 154963936
10-41-01-300 -669675585 800682945 -115704372 151312047
10-41-01-310 -683406170 806774968 -115030552 130719778
10-41-01-334 -713667449 765236325 -114316731 137410341
10-41-01-344 -814407194 663530942 -130605532 81626782
10-41-01-352 -833309498 658488093 -130325148 89156433
10-41-01-388 -852033910 619034513 -128886537 61387012
10-41-01-400 -923778049 557903608 -130861310 25847422
10-41-01-413 -941405382 527674357 -152546734 15489457
10-41-01-430 -958578526 478450704 -158578834 22558200
10-41-01-441 -1008382375 368344470 -145758068 -9833146
10-41-01-456 -1023513144 327143467 -143420422 -39811038
10-41-01-475 -1019735054 284972186 -143864393 -53265425
10-41-01-491 -1059727682 162134423 -185561934 -86159757
10-41-01-501 -1063252337 138780835 -179148234 -80310426
10-41-01-520 -1048873697 78561856 -203752393 -93596385
10-41-01-540 -1059161821 -31007608 -215592047 -154322032
10-41-01-550 -1036613241 -64815751 -227238506 -150634844
10-41-01-567 -1046534674 -95750471 -255611887 -162408670
10-41-01-590 -1015293698 -168787550 -273637027 -182283592
10-41-01-600 -1024987729 -176571233 -263213950 -206947357
10-41-01-616 -1001939394 -195968255 -285500040 -196574208
10-41-01-632 -989077601 -240805807 -283596823 -210304190
10-41-01-640 -986346351 -226794568 -304917124 -213868952
10-41-01-672 -984315486 -227990819 -308666485 -216783916
10-41-01-696 -998021390 -231203524 -294967896 -239600504
10-41-01-714 -998071518 -231625121 -293840755 -240783929
10-41-01-759 -981553436 -231368225 -309220753 -241761220
10-41-01-771 -983151983 -241720247 -306830014 -227295983
10-41-01-780 -983745310 -237864048 -307429070 -227682576
10-41-01-793 -984337345 -216928859 -308477420 -227778179
10-41-01-819 -986555921 -221067312 -310286566 -227539534
10-41-01-837 -987516875 -200511349 -310002156 -227407880
10-41-01-859 -988330041 -196991804 -309441318 -227371636
10-41-01-870 -1006987399 -203711572 -309316125 -228115057
10-41-01-878 -1007069425 -183590832 -310235223 -229071786
10-41-01-886 -1007010340 -180066619 -294882199 -230241486
10-41-01-902 -1006878408 -185791307 -299192191 -233621184
10-41-01-911 -1007115693 -165791797 -299653016 -234609282
10-41-01-923 -1007336372 -162906818 -299603336 -252177717
10-41-01-928 -1008307402 -170153970 -299807399 -254265308
10-41-01-934 -1008462109 -149713709 -300381903 -255311889
10-41-01-952 -1008467784 -145909444 -301155583 -256730578
10-41-01-966 -1008208704 -154866985 -319954845 -243351640
10-41-02-001 -1007828583 -133995968 -321248048 -245446555
10-41-02-019 -1007298114 -130043210 -322905416 -247758875
10-41-02-030 -988167896 -135137268 -311875444 -272346463
10-41-02-040 -987072863 -114520366 -314272850 -275267308
10-41-02-058 -985978511 -110730532 -316579048 -261378620
10-41-02-067 -982084435 -100075664 -341419630 -287335770
10-41-02-100 -997220136 -96446698 -327964974 -290570013
10-41-02-123 -995280959 -92705205 -331595705 -277378476
10-41-02-199 -971520099 -80691839 -345192864 -305953031
10-41-02-225 -968706932 -76204625 -350280754 -310294618
10-41-02-233 -965674271 -88416156 -372535251 -298196157
10-41-02-239 -975428174 -61555157 -367875989 -324811896
10-41-02-254 -906258494 -18483149 -487387982 -391522409
10-41-02-261 -896672227 3255281 -482290834 -382451994
10-41-02-266 -870291273 7841879 -509970650 -406987544
10-41-02-305 -860634976 19645533 -537384624 -411788769
10-41-02-325 -836193906 23221049 -544517166 -418046763
10-41-02-351 -845932111 9688817 -534010672 -440597032
10-41-02-377 -817425637 15345719 -560392946 -433870921
10-41-02-384 -829441117 34374421 -547327003 -454787908
10-41-02-397 -825098380 36353402 -550561630 -458592119
10-41-02-415 -797189759 40361236 -575135532 -451793175
10-41-02-426 -810452471 41104442 -577576998 -471693439
10-41-02-447 -807120292 41204034 -563119112 -474460012
10-41-02-468 -782367645 38434164 -569101786 -464185939
10-41-02-479 -796861252 37352010 -588057884 -465625147
10-41-02-493 -794515988 36798498 -590364510 -466820945
10-41-02-511 -771689699 38498619 -580416549 -468284240
10-41-02-522 -770114797 40295578 -582514448 -468049319
10-41-02-559 -768835700 26160973 -584293457 -467689425
10-41-02-577 -767313718 54036636 -587217028 -465445401
10-41-02-620 -767504032 58631582 -587124355 -464607794
10-41-02-637 -768208899 63551486 -585405954 -462249355
10-41-02-647 -767650442 86702688 -585629420 -461849700
10-41-02-653 -766667651 76236373 -586109868 -461674618
10-41-02-663 -777017163 94967162 -606786438 -463162797
10-41-02-668 -773861092 117690069 -608680630 -464358316
10-41-02-674 -753398486 123514709 -610800558 -466171226
10-41-02-701 -762021547 135021405 -598018271 -487750535
10-41-02-713 -736526662 130422061 -601067574 -493747669
10-41-02-724 -732029053 154039001 -602334626 -480191038
10-41-02-745 -739600612 169592147 -621288539 -486280203
10-41-02-757 -717916721 161602771 -622195652 -505800045
10-41-02-768 -729751297 187727519 -623219539 -508441756
10-41-02-790 -697193348 199956088 -626829271 -497792869
10-41-02-802 -708661649 225952740 -628172594 -499499887
10-41-02-819 -686539634 217885963 -612603188 -501204075
10-41-02-846 -688301064 256359530 -616205912 -523315464
10-41-02-859 -666979133 245100829 -617291801 -525271049
10-41-02-872 -679228637 249905972 -618198886 -527538390
10-41-02-898 -648628721 260107871 -638257162 -519132107
10-41-02-913 -660521200 262659854 -639409142 -539006320
10-41-02-931 -655541174 265163990 -640736017 -542216898
10-41-02-947 -640524672 289804773 -644444793 -534845849
10-41-02-957 -618983207 292796988 -645087435 -554729148
10-41-02-962 -614469968 279350852 -645293382 -557839590
10-41-02-989 -601850437 307189463 -643021138 -551564853
10-41-03-002 -598162512 293860467 -641384608 -572233084
10-41-03-013 -611395918 297222051 -639421735 -576372397
10-41-03-037 -586079798 321783002 -615439844 -588788212
10-41-03-049 -584333713 323518730 -612717102 -592606418
10-41-03-070 -583048688 325128769 -626458331 -579271917
