10-41-38-701 -5546 15104 -1948 17 -260 -268
10-41-38-717 -5576 15218 -2138 14 -257 -262
10-41-38-728 -5604 15154 -2018 12 2 1
10-41-38-750 -5914 15174 -1958 3 12 3
10-41-38-761 -5918 15166 -2018 0 16 1
10-41-38-770 -5632 14996 -2334 0 15 -258
10-41-38-787 -5610 15012 -1980 4 9 -260
10-41-38-797 -5558 15058 -2336 5 3 -258
10-41-38-811 -5620 15196 -2422 5 -259 -258
10-41-38-836 -5620 15024 -2042 5 -270 3
10-41-38-845 -5930 15062 -2358 4 -269 3
10-41-38-849 -6012 15038 -2422 3 -264 3
10-41-38-863 -5944 15078 -2400 7 8 -257
10-41-38-887 -5610 14986 -2210 9 10 -259
10-41-38-896 -5630 15218 -2410 11 7 -260
10-41-38-924 -5584 15218 -2190 14 -263 -258
10-41-38-932 -5930 15178 -2372 17 -268 0
10-41-38-937 -5928 15222 -2402 18 -266 2
10-41-39-002 -5972 15226 -2390 19 -259 6
10-41-39-074 -5978 15156 -2350 17 -258 5
10-41-39-093 -5890 15196 -2332 17 -259 2
10-41-39-111 -5620 15226 -2386 16 -259 -257
10-41-39-130 -5618 15142 -2346 14 2 3
10-41-39-161 -5990 15138 -2418 6 4 1
10-41-39-178 -5968 15198 -2364 5 -257 -257
10-41-39-189 -5954 15176 -2338 6 -264 -258
10-41-39-207 -6016 15178 -2032 4 -267 -262
10-41-39-240 -5602 15114 -2348 0 17 -267
10-41-39-271 -5560 15118 -2004 3 5 -268
10-41-39-278 -5630 15018 -1938 2 -266 -270
10-41-39-284 -5980 15030 -1984 -259 -273 -260
10-41-39-291 -5832 15214 -2010 -264 -259 -257
10-41-39-304 -5998 15202 -2384 -265 7 -258
10-41-39-311 -5540 15196 -2220 -263 11 -273
10-41-39-319 -5578 15170 -2196 -260 2 -279
10-41-39-342 -5582 15198 -2382 -257 -262 -281
10-41-39-358 -5528 14992 -2418 9 -274 -273
10-41-39-369 -5556 14992 -2422 8 -270 -267
10-41-39-390 -5582 15010 -2408 7 -265 -262
10-41-39-459 -5928 15022 -2322 3 -259 -258
10-41-39-471 -5924 15088 -2362 3 -260 -259
10-41-39-482 -5900 15012 -2410 5 -259 -262
10-41-39-509 -5596 14832 -2306 8 -265 -267
10-41-39-521 -5548 15486 -2268 18 -287 5
10-41-39-531 -5552 15632 -2222 28 -307 -260
10-41-39-551 -5708 15296 -2346 36 -331 -271
10-41-39-562 -5528 15168 -2588 63 -138 -294
10-41-39-584 -5646 14994 -3040 68 -141 -303
10-41-39-609 -5410 15708 -4210 87 -152 -316
10-41-39-618 -4904 18244 -6706 -46 -517 -326
10-41-39-624 -3106 19146 -8150 319 -605 -317
10-41-39-640 1560 19716 -9312 137 -475 -257
10-41-39-663 8540 17530 -12772 1137 -1238 623
10-41-39-676 7614 18008 -14020 1170 -1687 863
10-41-39-704 7500 18598 -15164 1499 -2424 1061
10-41-39-717 4992 24942 -17506 2650 -3546 991
10-41-39-734 3310 25126 -17364 2896 -4149 1150
10-41-39-757 2102 25380 -17700 2766 -4414 1081
10-41-39-767 -4004 27034 -20090 2988 -3753 1146
10-41-39-789 -4774 27176 -20586 3054 -3228 1124
10-41-39-805 -5278 27762 -20592 3407 -2919 1107
10-41-39-820 -3812 31168 -22122 3730 -2060 687
10-41-39-831 -3822 32160 -22530 3984 -2125 874
10-41-39-847 -4700 32214 -21186 4466 -2026 796
10-41-39-853 -6104 32154 -18582 5121 -2878 363
10-41-39-858 -6266 32511 -17860 4993 -2704 -57
10-41-39-880 -5592 32511 -16618 5069 -2733 62
10-41-39-910 -3702 32511 -8014 5271 -3374 -203
10-41-39-920 -2558 31700 -4434 5637 -3648 -528
10-41-39-936 -1706 29874 -918 5741 -3820 -585
10-41-39-954 -1156 26262 7002 5951 -4830 -424
10-41-39-961 -1488 24372 9438 6146 -5107 -785
10-41-39-997 -4040 21784 12028 6206 -5229 -821
10-41-40-008 -8738 12388 11986 4990 -1173 -1369
10-41-40-027 -9140 9116 12110 4177 485 -1456
10-41-40-044 -9022 7062 12690 3093 1897 -1898
10-41-40-053 7326 3740 10046 1368 -322 -2097
10-41-40-153 4604 572 7700 1138 -1139 -1822
10-41-40-163 984 -282 7414 802 -1669 -1399
10-41-40-173 -3198 654 7398 359 -1322 266
10-41-40-180 -2528 -654 7078 609 -708 322
10-41-40-188 -2108 -2468 6094 400 -772 34
10-41-40-195 -8870 -682 -1214 -16 -1546 -108
10-41-40-207 -12496 -1820 -1830 -102 -1183 273
10-41-40-212 -13294 -3362 -1580 -327 -1139 313
10-41-40-223 -13390 -990 -6614 -893 -580 334
10-41-40-228 -14290 -1350 -7362 -827 -230 129
10-41-40-238 -15072 -2062 -8708 -506 -379 351
10-41-40-243 -14278 -518 -9426 -745 -346 124
10-41-40-248 -15000 658 -10546 -711 -136 99
10-41-40-269 -15574 1028 -11320 -834 -177 56
10-41-40-280 -13710 1014 -12884 -809 -379 33
10-41-40-291 -13200 1998 -12880 -812 -353 60
10-41-40-318 -12856 2448 -12154 -435 -372 97
10-41-40-339 -11656 1392 -11534 -149 -637 98
10-41-40-345 -12228 254 -11878 -302 -793 79
10-41-40-367 -13800 292 -12014 -272 -893 54
10-41-40-381 -14650 632 -12412 -283 -566 75
10-41-40-387 -14024 -92 -11612 2 -142 36
10-41-40-416 -13978 -14 -11314 -269 -291 -257
10-41-40-433 -14334 -36 -9090 87 -332 16
10-41-40-441 -15568 -466 -8592 -94 -345 -258
10-41-40-470 -17250 -906 -8200 -109 -307 -275
10-41-40-488 -18298 -970 -4326 8 70 -381
10-41-40-506 -19526 -1840 -2144 50 1 -131
10-41-40-524 -22346 -2532 886 74 -260 -134
10-41-40-532 -30774 -5560 9952 -640 157 -681
10-41-40-539 -31234 -5742 11370 -1030 310 -1314
10-41-40-564 -30406 -4572 11788 -1212 -263 -1662
10-41-40-584 -32768 -3050 14834 -2360 -939 -1758
10-41-40-594 -32768 -2340 14736 -2846 -1042 -2318
10-41-40-615 -32768 1104 13310 -3454 -505 -2452
10-41-40-634 -32768 12176 13442 -4010 412 -3463
10-41-40-644 -32768 16366 13886 -4615 745 -3795
10-41-40-664 -32768 22808 13270 -4745 966 -4055
10-41-40-675 -27670 32511 10210 -4543 1097 -4825
10-41-40-688 -24448 32511 9380 -4907 851 -5394
10-41-40-711 -21148 32511 8580 -4845 554 -5750
10-41-40-737 -13592 32511 6218 -5196 -172 -6166
10-41-40-763 -10942 32511 3510 -4765 -504 -5989
10-41-40-774 -9206 32511 -840 -4886 -1049 -5605
10-41-40-861 -6668 32511 -3350 -5380 -1724 -4719
10-41-40-869 -7080 31540 -3746 -4816 -2587 -4625
10-41-40-876 -6594 31138 -5374 -4550 -2816 -4132
10-41-40-883 -9938 28078 -12408 -3942 -3978 -3496
10-41-40-908 -6430 15116 -32768 -3392 314 -1309
10-41-40-919 -4236 14940 -32768 -2708 281 -1381
10-41-40-924 -2780 13988 -32768 -2316 -518 -1553
10-41-40-963 -6306 7544 -32768 -896 -1331 -820
10-41-40-980 -7008 5472 -32768 -713 -587 -166
10-41-40-987 -3416 4726 -32768 -730 636 270
10-41-41-012 4852 11962 -32768 194 821 2016
10-41-41-019 790 5310 -32768 1833 -39 2385
10-41-41-025 -1706 6614 -32768 1273 348 1277
10-41-41-055 -10712 18894 -32768 1892 984 1708
10-41-41-060 -12142 22448 -32768 2131 1418 1932
10-41-41-070 -10896 24030 -32768 2421 2083 2198
10-41-41-106 -7154 29826 -32768 3490 2426 2390
10-41-41-126 -5666 31190 -32768 4358 2123 2410
10-41-41-138 -4488 32356 -30196 4931 1417 2225
10-41-41-171 -10712 31556 -18380 5688 1113 3076
10-41-41-183 -11394 31890 -13788 5646 1402 3051
10-41-41-202 -11640 32511 -9388 5317 1422 3448
10-41-41-222 -11928 32511 -232 5306 1366 3769
10-41-41-235 -13252 32511 1918 5357 1069 4213
10-41-41-248 -14994 32511 3668 5635 878 4073
10-41-41-297 -15490 32511 7412 5037 -101 4675
10-41-41-322 -13440 32511 7800 5034 -234 4378
10-41-41-334 -15038 32511 10028 5389 -488 3978
10-41-41-354 -21164 32511 11044 5190 -141 4003
10-41-41-372 -21820 26336 11440 3965 707 4631
10-41-41-382 -25802 24350 11298 3691 905 4565
10-41-41-410 -28402 22856 12388 3027 1336 4949
10-41-41-433 -22784 15304 11964 2932 -281 3950
10-41-41-442 -26762 11422 12894 2810 -1027 3706
10-41-41-452 -32768 7736 14208 3120 -1214 3594
10-41-41-468 -32768 938 16442 2603 -1097 3215
10-41-41-476 -32768 -2132 16964 2035 -773 3158
10-41-41-490 -32768 -4792 18534 1705 -218 2272
10-41-41-503 -32768 -10996 22164 1062 -1103 1294
10-41-41-510 -32768 -12174 22980 521 -1021 674
10-41-41-517 -32768 -11482 22196 -144 -950 380
10-41-41-546 -32768 -3810 19046 -1950 -266 -1304
10-41-41-563 -32768 -2386 18464 -2287 18 -1561
10-41-41-571 -32768 10 17942 -2944 25 -1833
10-41-41-594 -32768 7652 14046 -3686 312 -2667
10-41-41-611 -32768 9740 13158 -3843 246 -2693
10-41-41-620 -32768 11214 13064 -3746 629 -2992
10-41-41-657 -32768 21650 12544 -4730 -95 -4391
10-41-41-669 -32768 27852 10920 -4980 16 -4611
10-41-41-683 -32768 32398 10318 -4835 -270 -4664
10-41-41-704 -28078 32511 10400 -5060 -68 -5131
10-41-41-714 -26138 32511 10370 -5422 -265 -5436
10-41-41-724 -23450 32511 8574 -5241 -455 -5327
10-41-41-744 -20786 32511 -2286 -4823 -2054 -5229
10-41-41-754 -19506 32511 -2444 -5076 -1862 -5177
10-41-41-770 -17026 32511 -2598 -5111 -1379 -5214
10-41-41-787 -8570 32511 -2346 -5013 -766 -4640
10-41-41-801 -6096 32511 -3894 -5201 -1206 -4058
10-41-41-808 -6524 32511 -6000 -4811 -2116 -3756
10-41-41-841 -11126 30364 -7460 -5139 -3077 -3662
10-41-41-856 -9344 27918 -7676 -4871 -3357 -3882
10-41-41-863 -11662 25194 -7204 -4849 -3070 -2697
10-41-41-887 -14520 22464 -15008 -5114 -2826 -2001
10-41-41-902 -14494 22318 -16554 -5640 -1930 -1999
10-41-41-911 -14060 19718 -19110 -5439 -1555 -1720
10-41-41-942 -10126 18336 -26994 -5014 -148 -1860
10-41-41-949 -7556 19334 -32768 -4850 31 -1413
10-41-41-956 -5552 20744 -32768 -4890 105 -1084
10-41-41-992 -1832 14822 -32768 -3042 218 -486
10-41-42-000 582 14174 -32768 -2770 440 -631
10-41-42-009 12678 18586 -32768 -2476 734 -617
10-41-42-042 -23426 12670 -32768 2386 -2916 -531
10-41-42-050 -23408 6656 -32768 2351 -402 611
10-41-42-057 -8626 7754 -32768 1155 1641 445
10-41-42-097 -212 21420 -32768 3041 -268 947
10-41-42-119 -8232 18108 -32768 3758 -100 752
10-41-42-156 -9710 17370 -29850 4191 549 1398
10-41-42-194 -7940 20644 -24190 4442 1184 1971
10-41-42-204 -10546 22596 -21860 4640 1617 2208
10-41-42-217 -13402 22766 -19478 4597 1528 2667
10-41-42-229 -16252 23586 -16964 5178 2344 2810
10-41-42-238 -16056 24628 -15108 5227 2666 3028
10-41-42-258 -15312 26508 -13448 5236 2876 3404
10-41-42-283 -12618 32511 -7542 5478 1516 3588
10-41-42-291 -14300 32511 -4870 5632 1150 3688
10-41-42-301 -16274 30848 -4056 5608 400 3571
10-41-42-317 -18500 32511 -994 5453 882 3460
10-41-42-327 -17550 32511 1340 5198 1031 3629
10-41-42-332 -17672 32511 946 4982 900 3673
10-41-42-346 -19964 32511 5150 4618 917 4024
10-41-42-356 -19342 32511 5934 4682 944 4154
10-41-42-371 -16050 32511 6400 4622 982 3943
10-41-42-386 -21472 32511 5076 4388 982 3979
10-41-42-397 -23018 31056 5446 3964 1594 4453
10-41-42-408 -22200 29136 6126 3219 1712 4683
10-41-42-429 -20548 22530 8150 3058 1007 4424
10-41-42-449 -25250 17962 5570 3205 474 4194
10-41-42-461 -28262 14560 5080 3053 307 3947
10-41-42-478 -28430 12218 12726 2313 -867 3596
10-41-42-485 -32768 10792 16564 2596 -1210 3251
10-41-42-490 -32768 5782 18492 2772 -1532 3037
10-41-42-519 -32768 -12900 18624 1893 -774 2094
10-41-42-537 -32768 -12946 17558 813 15 1229
10-41-42-545 -32768 -9094 16924 -253 256 1034
10-41-42-566 -32768 -4388 14048 -1044 -306 572
10-41-42-583 -32768 -5552 12556 -1095 -381 298
10-41-42-589 -32768 -5734 11322 -1386 -347 -160
10-41-42-619 -32768 -718 6588 -1735 -235 -1483
10-41-42-629 -32768 548 6344 -2124 -475 -1763
10-41-42-637 -32768 1216 7644 -1999 -696 -2020
10-41-42-668 -32768 6678 6988 -2776 -228 -2717
10-41-42-684 -32768 8174 7050 -3020 21 -2991
10-41-42-696 -32768 11284 6982 -3282 115 -3602
10-41-42-722 -32768 21424 8554 -3758 10 -4425
10-41-42-745 -32768 23102 10606 -3761 -35 -4720
10-41-42-762 -32768 25642 11962 -4198 190 -4819
10-41-42-780 -28072 32511 13908 -4954 614 -5636
10-41-42-790 -24672 32511 11978 -4956 -33 -5498
10-41-42-801 -23576 32511 9820 -4933 -532 -5445
10-41-42-821 -22806 32511 9822 -5289 -1550 -6057
10-41-42-855 -21562 32511 6920 -5484 -1801 -6437
10-41-42-886 -19114 32511 3482 -5419 -1732 -6229
10-41-42-894 -15396 32511 -2206 -5504 -1407 -5934
10-41-42-904 -13670 32511 -1744 -5660 -1250 -5662
10-41-42-910 -11768 32511 -2134 -5683 -1438 -5050
10-41-42-920 -8446 32511 -11016 -5173 -2346 -3821
10-41-42-925 -8240 32518 -11000 -5223 -2353 -3564
10-41-42-932 -7622 26892 -11524 -5048 -2328 -3069
10-41-43-014 -6934 26652 -10802 -4859 -2675 -2844
10-41-43-031 -6834 23852 -15676 -4909 -2761 -2581
10-41-43-040 -9700 24400 -20190 -4872 -2767 -2207
10-41-43-047 -14392 20356 -27762 -4533 -1909 -2137
10-41-43-124 2890 18848 -32768 -3278 -883 -1306
10-41-43-165 3966 16558 -32768 -2560 -861 -448
10-41-43-179 5692 13216 -32768 -1781 -429 -265
10-41-43-197 22936 19598 -32768 -371 -796 799
10-41-43-224 4262 22024 -32768 1975 582 1668
10-41-43-254 2944 20798 -32768 3115 373 1526
10-41-43-277 78 19084 -32050 3612 -58 1413
10-41-43-294 -4478 18574 -24504 4206 546 2238
10-41-43-305 -5898 19936 -22076 4051 500 2620
10-41-43-322 -6872 21484 -19330 4455 894 2522
10-41-43-337 -10910 24708 -14426 4582 948 3176
10-41-43-349 -12402 25976 -12904 4911 1355 3376
10-41-43-390 -13604 25212 -11380 4990 1240 3455
10-41-43-406 -15458 30982 -5086 4806 1313 3481
10-41-43-417 -15816 31512 -3836 4796 725 3532
10-41-43-428 -17088 31376 -3386 5148 550 3905
10-41-43-444 -20644 29116 -1144 4768 335 3688
10-41-43-462 -19966 29098 912 4568 549 3316
10-41-43-509 -21206 32118 3410 4652 686 3640
10-41-43-519 -20228 32511 3794 4560 1646 3715
10-41-43-524 -17936 30814 2332 4644 1188 4147
10-41-43-530 -16490 32342 2880 3983 833 4059
10-41-43-540 -21064 31310 8722 4313 -982 3755
10-41-43-546 -23436 29280 8732 4269 -1123 3748
10-41-43-551 -24980 28400 8066 4036 -471 3839
10-41-43-563 -29992 19338 9714 3627 569 4105
10-41-43-573 -27064 15004 8032 3290 141 3636
10-41-43-587 -26090 11194 7752 3357 -83 2968
10-41-43-592 -30830 5438 10626 2331 -290 2681
10-41-43-597 -31474 4748 10590 2076 -63 2603
10-41-43-607 -32580 4134 10222 1678 139 2246
10-41-43-612 -32768 -3278 11062 1172 186 1676
10-41-43-617 -32768 -5294 11218 729 203 1411
10-41-43-635 -32768 -7236 12922 508 -67 1022
10-41-43-645 -32768 -5910 12326 -389 -566 -3
10-41-43-654 -32768 -5560 10996 -678 -512 63
10-41-43-687 -32768 -5090 10506 -1000 -483 -209
10-41-43-706 -32768 -1848 8966 -1902 75 -1088
10-41-43-714 -32768 496 8268 -2142 131 -1215
10-41-43-736 -32768 2490 7214 -2313 552 -1798
10-41-43-746 -32768 3536 6814 -2257 -109 -2636
10-41-43-751 -32768 4566 8196 -2505 -85 -2738
10-41-43-784 -32768 7160 10498 -3158 371 -3421
10-41-43-801 -32768 22226 9946 -4196 606 -4095
10-41-43-812 -32768 26226 9032 -4032 208 -4381
10-41-43-830 -32768 27344 8156 -4053 340 -4273
10-41-43-849 -32030 32511 11782 -4933 873 -5430
10-41-43-858 -27820 32511 12078 -4909 755 -5358
10-41-43-881 -23280 32511 10362 -4572 885 -5674
10-41-43-892 -17750 32511 4572 -5190 -341 -6018
10-41-43-899 -15088 32511 3800 -4933 -481 -6342
10-41-43-933 -14176 32511 1560 -4720 -705 -6759
10-41-43-941 -9676 32511 -2750 -4819 -1141 -5842
10-41-43-949 -8734 32511 -3890 -4826 -962 -5704
10-41-43-981 -6868 32511 -6070 -4568 -1639 -5456
10-41-44-001 -9742 32218 -10408 -4908 -2538 -4229
10-41-44-013 -8476 29712 -11702 -4609 -2794 -4184
10-41-44-034 -7934 26358 -14226 -4392 -3330 -3609
10-41-44-043 -12710 17948 -22614 -4224 -3104 -3147
10-41-44-050 -13384 18936 -26068 -4057 -2607 -3343
10-41-44-076 -11214 20826 -28456 -4474 -1924 -2734
10-41-44-087 -6520 16712 -32768 -3534 -1431 -2363
10-41-44-099 -4820 15572 -32768 -3646 -1219 -2115
10-41-44-135 -3508 15566 -32768 -3208 -919 -1672
10-41-44-143 5470 16380 -32768 -2226 -825 -944
10-41-44-149 5130 16764 -32768 -1846 -511 -841
10-41-44-173 9088 19174 -32768 -817 -783 -272
10-41-44-184 936 14460 -32768 1251 -521 794
10-41-44-204 1906 19378 -32768 1489 -580 1111
10-41-44-234 -2858 21284 -32768 2188 94 1409
10-41-44-242 76 19096 -29386 3748 465 1886
10-41-44-250 -3554 20250 -26756 4020 848 2033
10-41-44-286 -6404 19440 -24310 4250 942 2671
10-41-44-295 -6528 19072 -18292 4319 2042 2801
10-41-44-300 -7662 23562 -16088 4396 1978 2990
10-41-44-319 -9790 26372 -15996 4672 1693 3420
10-41-44-327 -15560 28710 -11918 5142 1806 3660
10-41-44-337 -15806 30560 -9586 4822 1848 3322
10-41-44-369 -15302 32511 -7198 4766 1535 3464
10-41-44-382 -20552 32511 -3628 5240 1560 4138
10-41-44-389 -21834 32511 -4030 4812 1486 3985
10-41-44-415 -21914 32511 -3860 4601 1884 3968
10-41-44-431 -22008 32511 -2980 4925 1514 5211
10-41-44-437 -22406 32511 -1490 4591 1521 5020
10-41-44-461 -21180 32511 -1842 4932 1508 5429
10-41-44-487 -23052 32511 2670 4929 558 5667
10-41-44-496 -22108 32511 6936 4795 -881 5710
10-41-44-510 -20610 32511 10876 5023 -2333 5286
10-41-44-642 -32768 26532 20650 5278 -2981 4134
10-41-44-689 -32768 19778 10528 4998 -2838 3337
10-41-44-702 -32768 14438 11216 4424 -1396 2673
10-41-44-714 -32768 7234 19606 3077 483 2030
10-41-44-725 -30756 -4986 16972 -918 287 -235
10-41-44-736 -30018 -3116 15694 -1333 20 -451
10-41-44-769 -29082 -2582 14716 -1177 -159 -887
10-41-44-780 -27550 834 11176 -2305 27 -1368
10-41-44-790 -26570 2588 10092 -2576 -27 -1226
10-41-44-803 -26208 3702 9730 -2480 380 -1584
10-41-44-821 -25542 5906 7798 -3175 577 -1710
10-41-44-829 -26610 7080 7958 -3381 597 -2069
10-41-44-836 -28644 8762 7868 -3208 574 -1975
10-41-44-854 -32768 11276 6862 -3591 241 -2465
10-41-44-871 -32768 27962 7292 -4269 800 -4073
10-41-44-876 -32768 30458 6560 -4535 456 -4241
10-41-44-944 -32700 32511 5936 -4773 555 -4663
10-41-44-956 -26778 32511 2370 -5191 -487 -5100
10-41-44-964 -26994 32511 410 -5039 -768 -5312
10-41-44-975 -25016 32511 -96 -5420 -1123 -5540
10-41-44-983 -18792 32511 -1556 -4744 -134 -6726
10-41-44-988 -14858 32511 -2362 -4773 -130 -6764
10-41-45-005 -11382 32511 -3838 -5235 -600 -6484
10-41-45-010 -6200 32511 -10832 -5083 -1532 -5429
10-41-45-016 -6332 32126 -12662 -5432 -1768 -4945
10-41-45-051 -6924 32511 -12006 -5101 -1937 -4395
10-41-45-069 -3070 21184 -15654 -3982 -3380 -2983
10-41-45-076 -5850 18512 -17878 -4161 -3315 -3020
10-41-45-099 -8404 18348 -22126 -3839 -3431 -3597
10-41-45-111 -7134 13606 -32768 -4127 -1831 -2378
10-41-45-117 -5816 12790 -32768 -4373 -1283 -2170
10-41-45-183 -4734 15342 -32768 -4614 -578 -2083
10-41-45-198 5458 21284 -32768 -2995 444 -1176
10-41-45-206 6700 20268 -32768 -2290 824 -766
10-41-45-215 32511 30980 -32768 -695 923 392
10-41-45-220 -1594 15378 -32768 2093 80 227
10-41-45-225 -158 10378 -32768 1409 113 134
10-41-45-244 6908 17962 -32768 1324 272 1560
10-41-45-254 6736 20300 -32768 3453 535 2395
10-41-45-265 2852 21426 -32800 3871 254 2177
10-41-45-299 -2332 24704 -28774 3943 496 2434
10-41-45-309 -6220 23828 -21072 4584 1357 3261
10-41-45-318 -8434 25980 -18620 4601 1545 3644
10-41-45-348 -8850 29254 -16624 4912 1611 3511
10-41-45-364 -12586 32511 -9940 5729 851 4147
10-41-45-372 -15720 32511 -8672 5950 597 4041
10-41-45-388 -17646 32511 -7524 5789 533 4465
10-41-45-409 -20806 32511 -2082 5539 470 4620
10-41-45-414 -20948 32511 -934 5544 413 4622
10-41-45-441 -21034 32511 166 5916 527 4658
10-41-45-457 -21762 32511 1946 5798 224 5280
10-41-45-462 -21254 32511 3188 5511 613 5646
10-41-45-499 -20538 32511 4916 5372 443 5431
10-41-45-510 -21804 32511 7880 5441 120 4967
10-41-45-524 -24870 32511 9028 5099 -376 4556
10-41-45-543 -27004 32511 10116 5245 -310 4321
10-41-45-549 -27050 30674 12028 4430 -374 3926
10-41-45-556 -27142 27782 13002 4123 -210 3707
10-41-45-600 -28714 23040 14492 3559 -199 3642
10-41-45-612 -32438 11332 16198 3248 -208 3348
10-41-45-621 -32768 7418 16250 3054 -214 2797
10-41-45-642 -32768 6432 16996 2830 -320 2493
10-41-45-657 -32768 1520 19102 1628 273 2055
10-41-45-667 -32768 -2792 19524 1446 -55 1859
10-41-45-690 -32768 -7488 19428 1197 -289 1640
10-41-45-700 -32768 -7718 18332 -540 -546 527
10-41-45-710 -32768 -4522 17836 -1072 23 100
10-41-45-735 -32768 -3152 17084 -1369 340 -251
10-41-45-743 -32768 1236 16010 -2020 -57 -1210
10-41-45-749 -32768 3744 15276 -2253 -289 -1424
10-41-45-785 -32768 5684 14384 -2592 -204 -1898
10-41-45-796 -32768 6364 14330 -3175 -181 -2473
10-41-45-806 -32768 9420 14504 -3666 -323 -3135
10-41-45-835 -32768 13976 15566 -4140 88 -3233
10-41-45-853 -32768 26584 15590 -4341 -518 -4448
10-41-45-860 -32768 30060 14768 -4535 -488 -4317
10-41-45-876 -32768 32511 12842 -4826 -441 -4485
10-41-45-897 -32768 32511 10818 -6495 1557 -5160
10-41-45-905 -31624 32511 10508 -6371 2142 -5027
10-41-45-925 -27828 32511 8518 -6440 2153 -5645
10-41-45-949 -16896 32511 4692 -5353 579 -7085
10-41-45-957 -19060 32511 3638 -5415 -46 -7758
10-41-45-973 -17126 32511 2650 -5203 104 -7857
10-41-45-986 -8660 32511 684 -5217 -277 -7937
10-41-45-992 -6602 32511 -1948 -5287 -486 -7051
10-41-46-027 -5332 32511 -2148 -5671 -1101 -6601
10-41-46-037 -2568 32511 -7544 -5320 -2341 -4998
10-41-46-043 1154 32511 -6578 -4936 -2725 -4643
10-41-46-071 -600 32511 -8354 -4407 -3600 -3918
10-41-46-085 -2836 22762 -19460 -3834 -3163 -2928
10-41-46-091 -1522 19986 -21850 -3717 -2923 -2632
10-41-46-120 -3210 17394 -24496 -3697 -2465 -2202
10-41-46-131 -5438 19504 -32768 -4007 -640 -1091
10-41-46-136 -3556 22618 -32768 -4011 222 97
10-41-46-175 866 19302 -32768 -3856 1364 -278
10-41-46-269 15686 17698 -32768 -2062 2151 -68
10-41-46-294 17838 21194 -32768 -1304 1892 255
10-41-46-303 20252 23890 -32768 -356 1188 855
10-41-46-312 17288 22336 -32768 1482 140 1624
10-41-46-328 -6326 30188 -12152 4939 1380 3771
10-41-46-340 -7980 31532 -9926 4983 1796 4174
10-41-46-346 -9436 32542 -8560 4953 1994 4397
10-41-46-383 -9994 32511 -5724 4690 2465 4743
10-41-46-388 -10216 32511 -3702 4299 2275 5028
10-41-46-394 -12560 32511 -2736 4370 1962 5292
10-41-46-448 -18836 32511 -1102 3753 1801 5784
10-41-46-484 -19754 32511 -2194 3860 1719 6015
10-41-46-489 -19470 32511 -3750 3632 1725 5883
10-41-46-499 -18926 32511 -1298 3024 963 6503
10-41-46-506 -20194 32511 -720 3384 780 6101
10-41-46-511 -21486 32511 538 3319 -10 5809
10-41-46-558 -30406 32511 2502 3264 -405 5553
10-41-46-659 -32768 32511 3840 3021 -599 5741
10-41-46-679 -32768 32134 5530 2736 -523 5372
10-41-46-687 -32768 21940 7000 2490 -651 4892
10-41-46-694 -32768 -1076 8908 1584 -181 2571
10-41-46-713 -32768 -1378 3376 -1838 -284 -1443
10-41-46-725 -32768 1406 1698 -2154 -68 -2079
10-41-46-731 -32768 3784 1456 -2397 305 -2180
10-41-46-771 -32768 7478 1438 -2269 65 -2918
10-41-46-781 -32768 8548 724 -2573 -321 -2774
10-41-46-788 -32768 10126 806 -2505 44 -3199
10-41-46-811 -32768 16356 1784 -3020 1033 -4088
10-41-46-818 -32768 18294 2298 -3053 1124 -4658
10-41-46-830 -32768 20636 1810 -3062 1069 -4802
10-41-46-865 -32768 32511 3328 -3643 1025 -5747
10-41-46-880 -30730 32511 3446 -3621 658 -5584
10-41-46-888 -27324 32511 3318 -3587 397 -5799
10-41-46-922 -23804 32511 3416 -3496 -356 -6753
10-41-46-930 -20468 32511 2708 -3846 -467 -6624
10-41-46-938 -17806 32511 1972 -3490 -1148 -6818
10-41-46-961 -14472 32511 -994 -3630 -1813 -7440
10-41-46-969 -12458 32511 -2174 -3940 -1911 -7185
10-41-46-980 -9906 32511 -3054 -3809 -1772 -6772
10-41-47-063 -5140 32511 -11622 -4161 -2168 -5498
10-41-47-102 -4320 30506 -12136 -4077 -2120 -5115
10-41-47-109 -2754 29582 -11846 -4249 -2336 -4667
10-41-47-120 -392 30080 -13310 -3872 -3508 -3760
10-41-47-125 -1230 22444 -32768 -4621 -2333 -2130
10-41-47-130 1486 19730 -32768 -3570 -2229 -1908
10-41-47-152 1054 17428 -32768 -3577 -2144 -2202
10-41-47-157 4960 16674 -32768 -2367 -708 -1410
10-41-47-162 7862 16476 -32768 -1920 -828 -1066
10-41-47-193 8646 17428 -32768 -1405 -447 -234
10-41-47-221 3092 16612 -32768 1027 352 957
10-41-47-231 7266 19216 -32768 1186 -44 1375
10-41-47-255 5478 23918 -32768 1913 178 1717
10-41-47-262 2734 26324 -32768 4136 1083 2352
10-41-47-271 -1798 27898 -32768 4620 1022 2471
10-41-47-292 -3658 27864 -32328 4906 1428 2921
10-41-47-313 -1806 31370 -21530 5044 1474 3585
10-41-47-327 -3292 32511 -17334 5264 940 3645
10-41-47-357 -6898 32511 -13982 5546 416 3853
10-41-47-367 -18158 32511 -7828 6706 1115 4180
10-41-47-376 -19852 32511 -6828 6527 1517 4042
10-41-47-396 -21768 32511 -4212 6269 2178 4209
10-41-47-408 -15370 32511 1264 5615 1998 4048
10-41-47-417 -15740 32511 1660 5968 1572 4294
10-41-47-440 -17892 32511 -1174 5650 955 4643
10-41-47-446 -19304 32511 1936 4369 1169 4611
10-41-47-451 -21544 32511 2866 4092 1410 4560
10-41-47-486 -24920 32511 3186 4094 1812 4823
10-41-47-506 -32034 32511 8362 4418 2044 5667
10-41-47-520 -32768 32511 13592 3971 2392 5634
10-41-47-550 -29332 32612 11240 4201 1509 5003
10-41-47-562 -32768 19500 11048 3088 -334 4385
10-41-47-573 -32768 16170 10680 2264 -288 4070
10-41-47-593 -32768 12840 12020 2119 -304 3740
10-41-47-603 -32768 2364 15328 2062 -1215 2890
10-41-47-613 -32768 -2816 15374 1967 -1953 2920
10-41-47-634 -32768 -6868 16096 1912 -2239 2538
10-41-47-649 -32768 -12146 15810 -13 -822 920
10-41-47-657 -32768 -10452 16230 -447 58 474
10-41-47-680 -32768 -7628 15616 -985 -11 259
10-41-47-697 -32768 -2248 14698 -1697 11 -1390
10-41-47-702 -32768 412 12990 -2040 -318 -1810
10-41-47-738 -32768 3368 11188 -2587 -333 -2055
10-41-47-764 -32768 7298 8712 -3030 -9 -2290
10-41-47-775 -32768 9464 10600 -3323 159 -2870
10-41-47-793 -32768 12424 12712 -3550 538 -3331
10-41-47-801 -32768 25778 11986 -3808 261 -4330
10-41-47-808 -32768 29414 10720 -3979 102 -4635
10-41-47-825 -32768 32012 8346 -4249 63 -4692
10-41-47-848 -32768 32511 7962 -5113 513 -4769
10-41-47-857 -29940 32511 9552 -5660 444 -5224
10-41-47-882 -27356 32511 9100 -5344 471 -5458
10-41-47-894 -19670 32511 4712 -5438 80 -5965
10-41-47-901 -18644 32511 3080 -5472 -363 -5830
10-41-47-933 -16416 32511 1954 -5483 -544 -6263
10-41-47-939 -12086 32511 -1746 -5079 -1116 -6714
10-41-47-949 -11296 32511 -2816 -5050 -1215 -6423
10-41-47-988 -10934 32511 -4256 -5107 -1571 -5835
10-41-48-003 -7064 32511 -9176 -4938 -1478 -4829
10-41-48-012 -6724 32511 -9698 -4968 -1904 -4596
10-41-48-028 -6722 31006 -11128 -4974 -2164 -4609
10-41-48-034 -3928 29844 -20004 -4730 -2740 -2974
10-41-48-040 -4534 21478 -25662 -4031 -2719 -2549
10-41-48-074 -8544 20930 -30766 -4387 -2181 -2635
10-41-48-094 2868 22348 -32768 -4674 -398 -2309
10-41-48-101 8608 22332 -32768 -4098 -415 -2029
10-41-48-121 12574 20230 -32768 -2956 -780 -1887
10-41-48-135 30064 23386 -32768 506 1061 977
10-41-48-140 5142 21686 -32768 977 2428 1642
10-41-48-169 10560 12594 -32768 2402 2171 1852
10-41-48-177 10222 26616 -32768 2564 988 2040
10-41-48-189 11360 25086 -32768 3601 1046 2323
10-41-48-216 10448 23980 -32768 4109 788 2410
10-41-48-242 4094 26376 -23710 4250 716 2808
10-41-48-253 3160 25942 -21208 4687 1137 3032
10-41-48-277 2130 26122 -18876 4487 1094 3215
10-41-48-287 -4372 30670 -14054 4986 548 3629
10-41-48-296 -5858 31304 -12906 4839 188 3520
10-41-48-317 -7880 32544 -12232 5179 379 3777
10-41-48-335 -12732 32511 -9566 4953 439 4020
10-41-48-342 -13956 32511 -7556 4987 411 4393
10-41-48-363 -15518 32511 -5918 5183 421 4284
10-41-48-379 -23204 32511 -3886 5370 1355 4858
10-41-48-390 -21120 32511 -3176 5088 1270 5219
10-41-48-426 -20806 32511 -598 4891 1245 5393
10-41-48-436 -20490 32511 3516 4871 349 5031
10-41-48-443 -22460 32511 4558 4979 -275 5059
10-41-48-469 -26582 32511 4688 4739 -141 5642
10-41-48-475 -31728 32511 18722 4905 -227 5957
10-41-48-480 -32768 32511 20118 4842 -892 5427
10-41-48-510 -32768 27986 15690 5446 -1722 4623
10-41-48-527 -32768 11970 19736 3402 -774 3398
10-41-48-537 -32768 7480 22084 2793 280 2984
10-41-48-561 -32768 1524 23250 2897 719 2487
10-41-48-577 -32768 -3032 21406 1427 554 1502
10-41-48-591 -32768 -4358 22088 947 295 1381
10-41-48-607 -32768 -5474 22934 789 85 1141
10-41-48-623 -32768 -10802 22276 300 -517 145
10-41-48-633 -32768 -9636 21722 -616 -513 -158
10-41-48-665 -32768 -6564 20684 -964 -346 -755
10-41-48-675 -32768 914 19498 -2220 218 -1996
10-41-48-688 -32768 3098 18998 -2673 -8 -2575
10-41-48-708 -32768 4232 18642 -2878 -324 -2867
10-41-48-715 -32768 9088 16408 -3627 -678 -3732
10-41-48-725 -32768 14802 15174 -3999 -796 -4432
10-41-48-754 -32768 22420 14386 -4870 -190 -4544
10-41-48-773 -32768 32511 11236 -4798 153 -5216
10-41-48-785 -32768 32511 12100 -5238 138 -5458
10-41-48-809 -31054 32511 11886 -5107 85 -5281
10-41-48-819 -26756 32511 6966 -5521 -1034 -5524
10-41-48-826 -26152 32511 5840 -5871 -1143 -5628
10-41-48-859 -22920 32511 5270 -6503 -1148 -5921
10-41-48-867 -18954 32511 424 -6489 -524 -5765
10-41-48-873 -15850 32511 -842 -6283 -64 -5951
10-41-48-900 -13316 32511 -2088 -6112 525 -5572
10-41-48-916 -4812 32511 -10002 -5052 -438 -5094
10-41-48-929 -3994 32511 -10860 -5181 -1647 -4805
10-41-49-061 -5188 32511 -11570 -4939 -2350 -4883
10-41-49-090 -4804 26270 -15714 -4665 -3429 -3709
10-41-49-100 -4728 26860 -18914 -4484 -3618 -2910
10-41-49-112 -6246 24202 -23834 -4040 -3051 -2664
10-41-49-117 3036 12632 -32768 2366 -909 -108
10-41-49-123 7634 12178 -32768 1590 -576 1800
10-41-49-144 9578 19576 -32768 1206 62 2268
10-41-49-155 3942 21720 -32768 3584 1634 2326
10-41-49-173 2624 22004 -28922 3893 1670 2615
10-41-49-193 1904 24724 -23490 3921 2074 2779
10-41-49-210 210 23752 -18658 4420 1316 3236
10-41-49-218 -2358 25760 -16104 4204 655 3664
10-41-49-244 -3256 27064 -14360 4133 578 3879
10-41-49-249 -8328 29774 -10810 4631 -272 3944
10-41-49-260 -11096 31832 -9270 4712 77 4199
10-41-49-289 -12224 32511 -6846 4513 333 4246
10-41-49-326 -14296 32511 -556 5008 750 5383
10-41-49-338 -15544 32511 1348 5466 894 5733
10-41-49-350 -15984 32511 704 5907 632 5629
10-41-49-357 -16560 32511 504 5393 114 6193
10-41-49-362 -16932 32511 3334 5002 -219 5841
10-41-49-386 -16090 32511 4102 4850 -529 5930
10-41-49-397 -15398 32511 8464 4931 -1058 5422
10-41-49-402 -18298 32511 8502 4583 -1017 5089
10-41-49-436 -20168 32511 8656 4508 -1222 5383
10-41-49-453 -29930 32511 15744 4723 -1286 5229
10-41-49-464 -32768 32511 15256 4541 -1388 4644
10-41-49-494 -32768 31604 14156 4681 -1593 4194
10-41-49-510 -32768 15920 22268 4014 -2169 2844
10-41-49-517 -32768 12424 26072 3959 -1763 2636
10-41-49-537 -32768 9766 27288 3288 -1269 2440
10-41-49-543 -32768 -7478 28102 1936 577 2078
10-41-49-553 -32768 -8284 29288 1001 559 1535
10-41-49-591 -32768 -8268 28538 443 115 1301
10-41-49-606 -32768 -4444 21460 -979 -550 -570
10-41-49-614 -32768 -1250 19858 -1480 35 -673
10-41-49-630 -32768 618 17306 -1768 -11 -953
10-41-49-648 -32768 5406 12302 -2591 69 -2058
10-41-49-659 -32768 6800 10872 -2449 -321 -2362
10-41-49-678 -32768 8782 9708 -2881 -349 -2671
10-41-49-698 -32768 14708 8780 -3059 -615 -3424
10-41-49-703 -32768 15226 8044 -3352 -498 -3604
10-41-49-728 -32768 15648 7466 -3243 -431 -3493
10-41-49-747 -32768 19838 8160 -3829 144 -4057
10-41-49-752 -32768 23778 10830 -4444 886 -4731
10-41-49-786 -32768 30060 13674 -4712 952 -5150
10-41-49-800 -25436 32511 13462 -4682 807 -5674
10-41-49-805 -23684 32511 11244 -4598 224 -5523
10-41-49-829 -24060 32511 10436 -5227 89 -6004
10-41-49-834 -15100 32511 8540 -5561 -1686 -5827
10-41-49-853 -13750 32511 5684 -5642 -2335 -5787
10-41-49-963 -12788 32511 2372 -5490 -2393 -5991
10-41-49-990 -12488 32511 -88 -5577 19 -4944
10-41-49-997 -8468 32511 1168 -5922 178 -4466
10-41-50-002 -3532 32511 1454 -5740 147 -4202
10-41-50-007 -11976 23648 -14288 -4708 -2669 -2332
10-41-50-013 -11582 16772 -17172 -4302 -2371 -2378
10-41-50-029 -11218 16236 -20330 -5007 -1724 -2284
10-41-50-034 -7430 19594 -31158 -4329 -1562 -1674
10-41-50-039 -6386 19664 -32768 -4082 -1232 -892
10-41-50-069 -6254 18352 -32768 -4049 -807 -675
10-41-50-083 300 14494 -32768 -3206 671 -816
10-41-50-088 3198 15112 -32768 -2630 793 -841
10-41-50-124 32511 28730 -32768 -629 292 -556
10-41-50-152 -1774 16168 -32768 1483 -3491 -726
10-41-50-162 -26652 1524 -32768 2323 -2142 2092
10-41-50-175 -18202 296 -32768 823 547 757
10-41-50-183 10246 23988 -32768 1205 1838 1217
10-41-50-190 5344 23934 -32768 2548 1320 1089
10-41-50-216 -1650 24774 -32768 3630 698 1455
10-41-50-237 -7254 19276 -26818 4675 709 2507
10-41-50-243 -10006 22072 -24366 4643 949 2448
10-41-50-324 -10548 23646 -21504 4673 1555 2458
10-41-50-352 -11418 27152 -14974 4496 1831 2972
10-41-50-367 -12738 28052 -11664 4537 1500 3414
10-41-50-377 -14064 29632 -8948 4922 1648 3269
10-41-50-393 -21522 32511 3772 4521 751 3794
10-41-50-407 -20072 32410 4468 4508 953 3726
10-41-50-419 -18604 31810 3664 4646 1300 4137
10-41-50-440 -18984 32511 5748 4406 1069 4458
10-41-50-449 -22924 31802 5410 4334 1095 4649
10-41-50-462 -26618 29718 5218 4459 992 4589
10-41-50-478 -32768 23186 15536 3909 1185 4891
10-41-50-488 -32768 19184 10574 4219 130 4042
10-41-50-498 -30312 12926 8382 4702 -1380 2987
10-41-50-522 -32768 2806 10530 2913 -2022 2103
10-41-50-537 -32768 2742 11274 2129 -1285 1721
10-41-50-546 -32768 2410 11388 1826 -226 1836
10-41-50-569 -32768 -5980 13986 2138 -30 1302
10-41-50-584 -32818 -7424 12826 1813 -173 1064
10-41-50-599 -30760 -6766 10856 1149 -464 795
10-41-50-620 -26356 -5226 8460 308 -531 359
10-41-50-626 -25326 -6820 9382 -87 33 177
10-41-50-637 -24952 -8250 8894 -286 127 362
10-41-50-668 -21296 -2046 3274 -970 -789 -141
10-41-50-679 -21266 -902 1642 -983 -847 -246
10-41-50-690 -20700 -1440 522 -955 -440 -578
10-41-50-713 -16380 -1488 -898 -1538 50 -783
10-41-50-732 -15756 768 -2822 -1468 38 -781
10-41-50-742 -15348 2410 -3798 -1507 -280 -782
10-41-50-759 -14828 412 -7382 -1224 -440 -884
10-41-50-776 -15416 314 -7856 -1546 -489 -667
10-41-50-784 -15634 618 -9092 -1628 -448 -660
10-41-50-816 -14758 1608 -12298 -1583 -140 -507
10-41-50-832 -14798 1792 -12778 -1261 -313 -506
10-41-50-841 -14740 1468 -12976 -1163 30 -802
10-41-50-860 -13242 1348 -12698 -919 123 -869
10-41-50-868 -13140 942 -13038 -1037 106 -895
10-41-50-876 -12508 1098 -13220 -677 57 -864
10-41-50-903 -13086 184 -12044 -424 28 -433
10-41-50-918 -13110 476 -11536 -430 22 -387
10-41-50-926 -12710 716 -10730 -425 33 -612
10-41-50-954 -12558 -484 -9028 -584 -99 -385
10-41-50-974 -12090 -1046 -7980 -609 -26 -389
10-41-50-987 -11222 -712 -6672 -625 287 -634
10-41-51-013 -9208 -1154 -2108 -448 346 -249
10-41-51-024 -8652 -1290 -414 -781 327 -186
10-41-51-034 -8066 -806 650 -896 314 -373
10-41-51-056 -7700 1154 3652 -1352 198 -2
10-41-51-067 -7088 1618 4262 -1275 403 153
10-41-51-076 -6814 2160 5136 -1454 681 593
10-41-51-102 -6184 4100 6336 -2613 1887 444
10-41-51-119 -5128 5232 6468 -2925 2159 458
10-41-51-129 -2968 4970 7530 -3133 2392 743
10-41-51-163 -3880 8992 8718 -4163 2454 553
10-41-51-175 -2622 11852 8542 -4292 2450 515
10-41-51-183 -2516 15514 8686 -4494 2294 614
10-41-51-210 -6266 19156 3700 -4704 2084 871
10-41-51-216 -7268 22176 2134 -4979 2064 665
10-41-51-222 -5876 23560 1070 -5028 2031 897
10-41-51-247 -6834 25480 -570 -5070 2709 811
10-41-51-257 -7532 25464 -260 -5676 3619 503
10-41-51-277 -4746 27424 780 -5330 3013 565
10-41-51-297 -2732 30818 -2554 -5458 3087 -11
10-41-51-304 -3224 32242 -2818 -5459 2705 256
10-41-51-316 -2432 31408 -2424 -5495 2864 -15
