10-42-24-075 -5582 14818 -3108 24 -260 17
10-42-24-092 -5944 14804 -3094 41 -298 12
10-42-24-143 -5918 14816 -2760 37 -298 12
10-42-24-160 -6000 14760 -3114 30 -292 10
10-42-24-170 -5624 14750 -2746 22 -290 12
10-42-24-175 -5940 15182 -2874 17 -293 7
10-42-24-200 -5538 15192 -2870 7 -327 0
10-42-24-209 -5914 15114 -2518 6 -343 3
10-42-24-218 -5992 15160 -2764 -257 -349 7
10-42-24-249 -5930 14798 -2712 -283 -317 15
10-42-24-265 -5990 14782 -2950 -283 -310 16
10-42-24-271 -5782 14766 -2812 -281 -309 12
10-42-24-304 -6002 14802 -3068 5 -309 1
10-42-24-310 -5582 14828 -3000 12 -315 -258
10-42-24-322 -5942 15140 -2982 10 -307 1
10-42-24-359 -5552 14782 -2772 6 -299 13
10-42-24-374 -5620 15198 -2744 9 -295 20
10-42-24-384 -6014 15020 -2946 16 -309 18
10-42-24-400 -5790 14828 -3164 38 -332 1
10-42-24-408 -5810 15130 -3086 34 -328 -258
10-42-24-421 -5966 14820 -2760 30 -319 -263
10-42-24-450 -5936 14758 -2756 17 -294 2
10-42-24-467 -5552 14768 -2698 14 -294 5
10-42-24-476 -5618 14734 -2558 12 -288 15
10-42-24-496 -5820 14754 -2924 31 -333 30
10-42-24-505 -6216 14790 -2928 36 -319 29
10-42-24-543 -6162 14800 -2838 29 -295 27
10-42-24-558 -5764 14804 -2742 8 -279 26
10-42-24-565 -6002 14766 -2882 -257 -281 18
10-42-24-573 -5850 14762 -2726 -267 -268 17
10-42-24-586 -5916 15186 -2614 68 -277 7
10-42-24-600 -6146 14774 -2932 96 -268 14
10-42-24-609 -6466 15004 -2956 -108 -281 11
10-42-24-643 -6106 14924 -2912 77 43 -268
10-42-24-664 -5572 14580 -2720 24 58 -278
10-42-24-673 -5676 14862 -2798 -260 53 -273
10-42-24-703 -5980 14908 -2840 -302 -269 -291
10-42-24-708 -5590 14962 -2678 -325 -275 -299
10-42-24-719 -5278 14792 -2828 -319 1 -291
10-42-24-777 -5912 15014 -3066 36 -337 -262
10-42-24-878 -6022 15010 -3164 33 -357 -277
10-42-24-946 -6046 14834 -2740 23 -323 -283
10-42-24-957 -5840 14748 -3104 -289 31 -271
10-42-24-970 -5744 15144 -2742 -319 -262 -262
10-42-24-997 -5740 15228 -2846 -263 -318 20
10-42-25-008 -5668 14784 -2770 -298 -302 41
10-42-25-021 -5930 15136 -2706 -299 -312 43
10-42-25-035 -5790 15222 -3156 -287 -317 29
10-42-25-126 -5946 15440 -3076 -258 -331 18
10-42-25-157 -5816 15282 -3168 11 -339 13
10-42-25-164 -6088 15494 -3386 41 -324 17
10-42-25-171 -7712 15442 -4804 -99 -325 55
10-42-25-218 -5050 22598 -17438 1515 -2394 -945
10-42-25-292 -5002 23116 -19460 2113 -2434 -1303
10-42-25-338 -4768 22840 -20538 2411 -2741 -1375
10-42-25-348 -5518 21910 -21816 2941 -3283 -1225
10-42-25-360 -10840 21928 -20290 3889 -2468 -1582
10-42-25-391 -11196 23326 -12724 4929 -1897 -1190
10-42-25-402 -11764 23600 -11844 4927 -1828 -1400
10-42-25-417 -12626 23112 -10526 4867 -1654 -1369
10-42-25-430 -12448 22300 -7860 4508 -1077 -1155
10-42-25-441 -12236 22560 -7348 4669 -653 -1164
10-42-25-468 -11672 22830 -6628 4345 -781 -1201
10-42-25-478 -11744 20808 -5250 4353 -235 -1543
10-42-25-488 -11544 19528 -5776 4215 -142 -1275
10-42-25-504 -10140 17998 -6590 4136 -336 -1273
10-42-25-520 -8184 16740 -4528 4158 -578 -1279
10-42-25-530 -8464 15906 -2648 3976 -810 -1237
10-42-25-545 -8266 14618 -2136 3977 -1040 -1401
10-42-25-553 -4966 10014 -5130 4389 -1227 -936
10-42-25-563 -3358 8142 -3220 4457 -1574 -1086
10-42-25-574 -1802 5614 -1538 4463 -1654 -690
10-42-25-580 -2284 360 1906 4265 -1909 -99
10-42-25-585 -2510 -814 1230 4395 -1832 167
10-42-25-608 -3452 -690 678 4171 -1423 472
10-42-25-621 -7418 5334 4472 2999 -1098 1493
10-42-25-626 -8284 3498 3926 2908 -484 2129
10-42-25-657 -9128 4370 4520 2383 24 2200
10-42-25-684 -13336 6246 5428 1651 565 2436
10-42-25-698 -15392 4292 4704 1341 543 2640
10-42-25-716 -19266 1966 5728 1088 555 2216
10-42-25-727 -13550 -6812 4698 173 -1382 513
10-42-25-736 -1186 -6206 4298 -352 -1599 277
10-42-25-793 -5432 -2392 4462 -208 -1594 317
10-42-25-804 -16616 -5416 6066 -216 -7 -629
10-42-25-811 -12506 -4130 6598 -875 534 -149
10-42-25-823 -10158 -1570 6534 -1079 342 61
10-42-25-857 -15042 -1192 4794 -894 -213 633
10-42-25-877 -18100 -1976 5350 -1033 -145 477
10-42-25-888 -20144 -2026 6484 -1002 9 508
10-42-25-908 -22378 -2250 10390 -1263 351 521
10-42-26-047 -30962 720 14506 -2208 1341 -1039
10-42-26-070 -30802 1380 18122 -1944 391 -1189
10-42-26-078 -32768 1960 23818 -2398 69 -1434
10-42-26-086 -32768 11250 21510 -2193 -226 -2092
10-42-26-108 -32768 32511 6324 -5592 1099 -4286
10-42-26-131 -18004 29064 -17216 -5167 -2094 -5478
10-42-26-140 -15318 28808 -14446 -5563 -1751 -5461
10-42-26-149 -9934 29050 -13592 -6411 -2172 -5727
10-42-26-165 -7400 21620 -21142 -7285 -3142 -4882
10-42-26-171 -4880 27122 -18462 -7128 -3173 -4705
10-42-26-203 -6840 15106 -16294 -7477 -3422 -3681
10-42-26-316 -11344 19344 -11890 -7789 -3659 -2733
10-42-26-338 -11870 25750 -13724 -7105 -2955 -2892
10-42-26-350 -9520 26790 -19170 -6076 -2254 -1941
10-42-26-361 -3030 17102 -21184 -3989 -951 -1887
10-42-26-367 -20116 -13716 -32768 354 -368 1801
10-42-26-373 -18980 224 -32768 -2048 207 1425
10-42-26-389 -7478 11510 -32768 -1997 1841 1840
10-42-26-411 7728 21446 -32768 1897 2050 1376
10-42-26-420 2232 18630 -31016 2509 809 1715
10-42-26-442 -2282 18360 -28976 3385 -74 1987
10-42-26-459 -9968 23884 -22034 4340 694 2571
10-42-26-464 -10692 24204 -19804 4916 898 2499
10-42-26-488 -12646 23706 -17804 5166 1169 2821
10-42-26-499 -17042 31754 -10036 5166 1957 3605
10-42-26-516 -15336 32511 -7292 5191 2379 3860
10-42-26-541 -12960 32511 -3548 5034 2136 4174
10-42-26-551 -13276 32511 1040 5712 -6 4026
10-42-26-566 -15226 32511 1192 5629 -243 4200
10-42-26-586 -16892 32511 3150 5568 -446 4130
10-42-26-596 -18700 32511 5014 5688 -639 4115
10-42-26-603 -19700 32548 5462 5300 -537 3713
10-42-26-634 -18834 32626 5622 5229 -601 3870
10-42-26-644 -15522 30678 6288 4565 -1139 3665
10-42-26-675 -20146 29712 6856 4649 -1064 3711
10-42-26-695 -22334 28212 6838 4391 -890 3518
10-42-26-708 -19978 26764 8056 3406 484 3727
10-42-26-720 -18098 26290 8556 3040 777 3912
10-42-26-741 -20586 25398 10654 3334 515 3884
10-42-26-755 -28116 13646 7066 3382 -708 3675
10-42-26-766 -25528 11070 7464 2725 -1028 3066
10-42-26-788 -23470 10518 7134 2635 -1081 2722
10-42-26-800 -32768 4566 12302 2628 -788 2240
10-42-26-810 -32768 1440 14938 2565 -804 2208
10-42-26-835 -32768 -188 17082 2406 -726 2316
10-42-26-842 -32768 -5828 22778 2066 -1132 999
10-42-26-849 -32768 -8312 24778 1820 -1088 1125
10-42-26-876 -32768 -10946 28366 1593 -718 814
10-42-26-900 -32768 -11268 31136 -884 -704 -626
10-42-26-909 -32768 -7546 29518 -1445 -628 -1069
10-42-26-930 -32768 -4228 28186 -2041 -129 -1354
10-42-26-940 -32768 -1980 25032 -3091 -25 -1809
10-42-26-953 -32768 -162 24294 -3461 162 -1783
10-42-26-972 -32768 3040 23820 -4057 404 -2028
10-42-26-991 -32768 14666 21080 -4556 1015 -3402
10-42-26-999 -32768 18614 21208 -4759 1334 -3457
10-42-27-020 -32768 24936 20352 -5184 1354 -3730
10-42-27-033 -30528 32511 15686 -5043 957 -4055
10-42-27-040 -26812 32511 14458 -5269 939 -4090
10-42-27-070 -25042 32511 14178 -5351 1297 -4487
10-42-27-086 -20234 32511 10436 -5466 563 -5279
10-42-27-098 -19260 32511 8312 -5497 257 -5663
10-42-27-118 -19290 32511 7238 -5705 22 -5538
10-42-27-133 -12378 32511 4038 -5946 -587 -5855
10-42-27-138 -10376 32511 1964 -5770 -753 -5909
10-42-27-167 -9522 32511 968 -6230 -1289 -5634
10-42-27-183 -5642 32511 -4840 -5944 -2089 -4457
10-42-27-188 -7440 32511 -6330 -5846 -2320 -3936
10-42-27-217 -8236 32511 -8438 -5608 -2395 -3253
10-42-27-239 -7634 27452 -16828 -4669 -2282 -2403
10-42-27-248 -8962 23936 -19058 -4252 -2660 -1924
10-42-27-267 -10628 22482 -23168 -4370 -2495 -1901
10-42-27-286 -11440 19406 -32768 -4385 -1381 -1169
10-42-27-293 -11024 16716 -32768 -4048 -568 -1372
10-42-27-321 -11106 16150 -32768 -4406 184 -917
10-42-27-337 -4880 18830 -32768 -3787 1506 -1124
10-42-27-343 136 20658 -32768 -3433 2096 -1119
10-42-27-362 5782 21184 -32768 -2629 1911 -751
10-42-27-381 15354 22390 -32768 217 -96 669
10-42-27-386 4556 21174 -32768 948 -288 1063
10-42-27-410 712 20366 -32768 1856 -49 1110
10-42-27-421 3638 23964 -32768 3272 832 1986
10-42-27-426 1232 23492 -32768 3761 1073 2561
10-42-27-461 -1538 24444 -32768 3993 1196 2828
10-42-27-477 -3824 26102 -27326 4953 2118 3312
10-42-27-490 -4530 26890 -25220 5127 2123 3653
10-42-27-508 -5758 28138 -23032 5018 1911 3476
10-42-27-521 -8458 32511 -13250 5894 73 3705
10-42-27-527 -9204 32511 -9588 6233 -858 3639
10-42-27-558 -13118 32511 -5972 6333 -1003 3298
10-42-27-570 -17672 32511 788 6533 -899 3436
10-42-27-575 -18764 32511 1314 6687 -827 3003
10-42-27-605 -18564 32511 2636 6470 -568 3187
10-42-27-620 -20148 32511 6000 5696 283 2709
10-42-27-624 -20590 32511 5510 5646 341 2801
10-42-27-670 -18330 32511 4914 5472 177 3097
10-42-27-680 -17718 32511 7894 4753 201 3004
10-42-27-688 -19330 32511 10064 4893 515 3437
10-42-27-707 -20412 32062 9328 4522 604 3297
10-42-27-818 -21618 26756 7210 4088 1115 3572
10-42-27-827 -22068 23486 8232 3765 972 3866
10-42-27-854 -22808 21084 11110 3534 1093 3891
10-42-27-862 -25868 17044 11986 3481 115 3290
10-42-27-874 -32768 -4946 25536 93 401 1061
10-42-27-888 -32768 -5262 25376 -597 735 782
10-42-27-903 -32768 -4550 22952 -1139 638 639
10-42-27-914 -32768 -1166 18108 -2306 -404 -324
10-42-27-920 -32768 834 17864 -2517 -308 -399
10-42-27-925 -32768 3296 16920 -2806 380 -705
10-42-27-951 -32768 6170 10578 -2997 858 -1806
10-42-27-960 -32768 7036 8806 -3272 795 -2071
10-42-27-965 -32768 9044 7996 -3894 788 -2369
10-42-28-002 -32768 17636 11620 -4375 701 -3012
10-42-28-011 -32768 20862 11414 -4359 719 -3300
10-42-28-018 -32768 23320 10526 -4078 879 -3471
10-42-28-054 -32742 27510 8174 -4333 747 -3787
10-42-28-059 -30914 31454 7820 -4923 1013 -4034
10-42-28-064 -27726 32511 8520 -5153 1209 -4232
10-42-28-105 -20440 32511 5338 -5167 842 -4863
10-42-28-110 -18898 32511 4936 -5091 231 -5197
10-42-28-115 -17036 32511 4746 -5451 -85 -5424
10-42-28-155 -13692 32511 2078 -5315 -603 -5361
10-42-28-160 -12050 32511 1352 -5331 -518 -5309
10-42-28-165 -10390 32511 318 -5353 -180 -5471
10-42-28-213 -5270 32511 -3330 -5357 -1143 -4535
10-42-28-222 -4864 32022 -4812 -5424 -1640 -4348
10-42-28-234 -5308 28784 -5344 -5396 -1772 -4018
10-42-28-257 -6906 26580 -9362 -5123 -2501 -3183
10-42-28-265 -6762 25328 -11196 -4872 -2845 -2930
10-42-28-273 -6838 22602 -12822 -4478 -2555 -2563
10-42-28-295 -11070 15748 -25352 -4443 -2164 -2115
10-42-28-314 -9656 16466 -30136 -4506 -1439 -2093
10-42-28-326 -9012 18246 -32768 -4947 -997 -2073
10-42-28-407 -6968 16240 -32768 -4123 305 -1069
10-42-28-418 -4786 15530 -32768 -3558 697 -536
10-42-28-433 -3264 16258 -32768 -3328 1815 48
10-42-28-442 6924 22352 -32768 -2838 2296 392
10-42-28-502 3444 25144 -32768 2370 -150 980
10-42-28-515 1136 25442 -32768 2772 -217 1360
10-42-28-525 -760 24806 -32768 3233 -373 1637
10-42-28-549 -6416 26546 -14704 5199 1023 3328
10-42-28-561 -7946 28190 -12430 5412 886 3210
10-42-28-580 -10050 29280 -9402 5368 238 3288
10-42-28-596 -12710 32511 -1608 6218 -606 3640
10-42-28-606 -13574 32511 172 6443 -821 3645
10-42-28-622 -15130 32511 724 6502 -713 3614
10-42-28-639 -17684 32511 3710 5802 -429 3592
10-42-28-657 -18116 32511 4288 5920 -161 3621
10-42-28-664 -17148 32511 6002 5355 41 3698
10-42-28-680 -18762 32511 9512 5128 741 3717
10-42-28-699 -17640 32511 9016 5189 914 4163
10-42-28-707 -15558 32460 8888 4832 1127 4405
10-42-28-731 -19406 31640 10132 4259 86 4279
10-42-28-752 -18036 32048 10584 4080 -584 4462
10-42-28-764 -18688 30194 12982 4218 -756 4364
10-42-28-794 -31158 14734 15656 4273 -1672 3650
10-42-28-809 -29412 10302 14190 4172 -1753 3152
10-42-28-818 -28942 6798 14884 3525 -1424 2897
10-42-28-845 -30550 5432 18528 2880 -1050 2221
10-42-28-874 -32434 3206 20490 2435 -803 2044
10-42-28-892 -32768 1306 22810 2213 -578 1923
10-42-28-902 -32768 -3614 23144 1389 34 1535
10-42-28-910 -32768 -4506 23616 659 -16 1254
10-42-28-918 -32768 -5184 23714 135 318 969
10-42-28-970 -32768 -1698 20244 -1141 -362 270
10-42-28-986 -32768 -1540 18036 -1177 -564 44
10-42-28-998 -32768 -992 16122 -1830 -601 -142
10-42-29-016 -32768 1096 15116 -2464 -372 -846
10-42-29-045 -32768 9544 12302 -3656 467 -2392
10-42-29-052 -32768 10910 12434 -3911 808 -2591
10-42-29-058 -32768 13656 13600 -3975 731 -2863
10-42-29-080 -32768 26066 13806 -4978 1627 -3697
10-42-29-088 -31006 27564 14004 -4748 1441 -3894
10-42-29-099 -29944 28630 13384 -4855 1534 -4139
10-42-29-122 -25650 32511 13348 -5698 2050 -4287
10-42-29-134 -23338 32511 12676 -5554 2318 -4638
10-42-29-139 -19370 32511 11984 -5347 1970 -4873
10-42-29-175 -14302 32511 8496 -5176 1382 -5267
10-42-29-190 -15144 32511 6434 -5219 471 -5585
10-42-29-200 -15278 32511 5390 -5036 372 -6264
10-42-29-224 -10088 32511 1410 -5308 -623 -6033
10-42-29-237 -8064 32511 1602 -5301 -1053 -5799
10-42-29-245 -7066 32511 -94 -5400 -1345 -5730
10-42-29-283 -8546 29104 -6074 -5389 -1652 -4423
10-42-29-288 -7630 29574 -8966 -5405 -1599 -3883
10-42-29-295 -6200 29506 -8996 -5086 -1558 -3384
10-42-29-325 -5144 22596 -12578 -4405 -1988 -2575
10-42-29-344 -7108 21810 -14588 -4190 -2233 -2385
10-42-29-359 -8816 22024 -20554 -3714 -2177 -1946
10-42-29-373 -5964 17892 -32768 -3884 -1308 -1553
10-42-29-379 -4596 17624 -32768 -3921 -784 -1396
10-42-29-390 -5454 18104 -32768 -3532 -48 -763
10-42-29-418 11552 21828 -32768 -2573 2046 -342
10-42-29-432 17564 26256 -32768 -1583 1763 -36
10-42-29-438 19720 27192 -32768 -260 1085 138
10-42-29-535 8628 28002 -32768 2497 98 1011
10-42-29-561 7718 26394 -32768 3379 -114 1628
10-42-29-572 5808 26440 -32768 3842 -86 1729
10-42-29-577 -7192 30746 -17190 5396 1600 3413
10-42-29-583 -7048 32160 -14350 5675 918 3301
10-42-29-593 -8358 32511 -10264 5970 528 3694
10-42-29-620 -15914 32511 -2254 7004 -169 3888
10-42-29-626 -17676 32511 -1356 7250 -79 3930
10-42-29-642 -18334 32511 -756 6848 628 3875
10-42-29-663 -16286 32511 1848 6102 936 3488
10-42-29-671 -16486 32511 3148 5887 884 3518
10-42-29-686 -17182 32511 2744 5762 415 3541
10-42-29-724 -17918 32511 2728 5104 551 3812
10-42-29-733 -18906 32511 3580 5200 595 4114
10-42-29-739 -19886 32511 4340 4791 557 4220
10-42-29-760 -21200 32511 7890 4309 -100 4229
10-42-29-770 -20812 32511 10174 4451 -354 4247
10-42-29-779 -22196 31232 12312 4419 -533 4239
10-42-29-806 -31386 21858 17112 3749 -292 3782
10-42-29-834 -30876 17354 18640 3509 -216 3510
10-42-29-851 -29004 14144 18564 3437 -640 3330
10-42-29-870 -32768 2644 21994 2537 -839 2546
10-42-29-878 -32768 234 25232 1945 -151 2502
10-42-29-885 -32768 -1616 27788 1677 61 2235
10-42-29-918 -32768 -4302 28328 878 -515 948
10-42-29-934 -32768 -5424 27002 200 -479 800
10-42-29-943 -32768 -5272 24722 -380 -487 315
10-42-29-960 -32768 -2362 23528 -1456 -149 -433
10-42-29-967 -32768 202 23618 -1986 -220 -1046
10-42-29-974 -32768 2044 22634 -2616 -405 -1352
10-42-30-001 -32768 8278 17938 -3661 -146 -2387
10-42-30-010 -32768 11644 16004 -3910 -63 -2482
10-42-30-027 -32768 14410 15388 -3809 520 -2765
10-42-30-054 -30730 22678 11186 -4347 720 -3659
10-42-30-071 -29416 25438 10162 -4546 836 -3517
10-42-30-082 -27746 28046 9552 -4749 614 -3898
10-42-30-102 -23572 32511 6874 -5066 538 -4356
10-42-30-112 -22272 32511 6728 -5021 573 -4339
10-42-30-126 -20226 32511 5662 -5203 219 -4530
10-42-30-159 -17450 32511 1104 -5419 7 -4557
10-42-30-170 -15778 32511 220 -5344 -368 -4541
10-42-30-182 -15238 32511 148 -5718 -588 -4589
10-42-30-204 -14988 32511 -1970 -5929 -445 -4935
10-42-30-215 -13646 32511 -842 -6178 -443 -4982
10-42-30-232 -12522 32511 -408 -6017 -884 -4921
10-42-30-313 -10642 30998 -3648 -6506 -1425 -4248
10-42-30-324 -10934 28750 -3270 -6344 -1868 -4181
10-42-30-339 -10424 27950 -3392 -6705 -1820 -3751
10-42-30-359 -4896 19370 -21328 -4980 -1544 -2856
10-42-30-368 -3330 18666 -25034 -4528 -1648 -2517
10-42-30-375 -2898 18712 -32768 -4274 -1842 -2384
10-42-30-398 -5762 18186 -32768 -4106 -994 -1148
10-42-30-415 -5536 17164 -32768 -3416 -532 -890
10-42-30-421 -1780 17414 -32768 -2210 301 -783
10-42-30-444 664 22736 -32768 803 -510 -373
10-42-30-454 -3230 22924 -32768 1571 -827 122
10-42-30-464 -4946 22500 -32768 1971 -441 211
10-42-30-495 -6540 20844 -32768 3644 176 980
10-42-30-502 -7326 19636 -32768 3902 596 1264
10-42-30-509 -7906 19538 -30536 3775 775 1814
10-42-30-552 -8584 20448 -21426 4418 1541 2334
10-42-30-564 -8630 21600 -19364 4330 1464 2428
10-42-30-574 -8416 22826 -18554 4532 1814 2289
10-42-30-595 -10944 23580 -15194 5086 1803 2692
10-42-30-610 -12194 23946 -14292 5442 1525 3081
10-42-30-621 -14118 26110 -12244 5502 1469 2944
10-42-30-640 -14628 32511 -6258 6236 1028 3258
10-42-30-646 -15024 32511 -4288 6336 612 3591
10-42-30-651 -16852 32511 -3176 6634 -14 3668
10-42-30-680 -18166 32511 2418 6815 -271 3671
10-42-30-711 -18280 32511 3868 6870 -353 3514
10-42-30-722 -18394 32511 2976 6888 -134 3700
10-42-30-799 -17600 32511 3972 6232 251 3438
10-42-30-807 -17610 32511 5492 5584 641 3432
10-42-30-816 -18050 32511 6910 5496 1151 3304
10-42-30-837 -28374 20140 18284 3782 1088 3877
10-42-30-847 -29428 15672 18718 3792 841 3578
10-42-30-856 -32094 12056 18598 3695 412 3479
10-42-30-881 -32768 3652 23254 2186 420 2728
10-42-30-894 -32768 2244 26316 2121 -107 2870
10-42-30-900 -32768 540 28224 1897 -851 2263
10-42-30-925 -32768 -4560 27626 533 -1543 1289
10-42-30-944 -32768 -3990 26670 -335 -997 640
10-42-30-953 -32768 -3232 26696 -672 -488 557
10-42-31-037 -32768 2570 23686 -2183 -297 -502
10-42-31-075 -32768 4376 22558 -2475 -370 -1102
10-42-31-082 -32768 5816 20324 -2732 -130 -1182
10-42-31-095 -32768 22516 14696 -4681 -39 -3092
10-42-31-100 -32508 26370 14046 -5138 797 -2981
10-42-31-105 -29608 30400 13844 -5259 1208 -3208
10-42-31-122 -20366 32511 10088 -5650 1852 -3965
10-42-31-136 -20218 32511 7274 -5510 1575 -3961
10-42-31-140 -20086 32511 6104 -5941 925 -4126
10-42-31-172 -16430 32511 4512 -5886 577 -4656
10-42-31-189 -15322 32511 2258 -5859 534 -4907
10-42-31-198 -16094 32511 478 -6149 546 -5172
10-42-31-218 -14286 32511 -516 -5817 477 -5951
10-42-31-236 -14576 32511 -232 -6030 202 -5684
10-42-31-243 -12360 32511 -216 -6216 -52 -5256
10-42-31-272 -9352 32284 -5264 -5745 -1057 -5177
10-42-31-290 -9494 30230 -5920 -5663 -910 -4736
10-42-31-302 -8600 29082 -7774 -5664 -943 -4370
10-42-31-326 -6102 25410 -16862 -5405 -1104 -3338
10-42-31-339 -4800 22440 -18932 -5163 -1091 -3100
10-42-31-349 -4456 20066 -20010 -4896 -1079 -2870
10-42-31-374 -94 19152 -28936 -3508 -1159 -2653
10-42-31-384 -302 17604 -32768 -3347 -1180 -2417
10-42-31-395 -2356 15014 -32768 -3180 -1353 -1753
10-42-31-422 -1644 15096 -32768 -3400 798 -705
10-42-31-435 6010 19332 -32768 -3125 1318 -829
10-42-31-443 11980 21228 -32768 -1989 1022 -637
10-42-31-467 7806 20246 -32768 -343 147 538
10-42-31-481 5850 19680 -32768 405 130 1091
10-42-31-487 5702 19824 -32768 1295 455 1218
10-42-31-509 4100 21078 -32768 2552 1183 2298
10-42-31-523 2924 21232 -32768 3119 1195 2538
10-42-31-528 1530 22132 -30262 3061 1170 2734
10-42-31-565 3584 23286 -17092 3758 459 3203
10-42-31-577 3952 23916 -14136 4408 -94 3250
10-42-31-596 1196 24022 -12224 4866 -387 3417
10-42-31-619 -6558 23496 -10386 5109 -920 3268
10-42-31-627 -7772 23846 -9108 5112 -1132 3464
10-42-31-634 -7592 23950 -7360 5397 -688 3927
10-42-31-660 -13114 29708 -3056 5311 -106 4201
10-42-31-677 -13620 30758 -2622 5291 -4 4365
10-42-31-685 -13568 31004 -1500 5289 -20 4432
10-42-31-706 -15408 31876 1050 5399 -602 4025
10-42-31-727 -17338 32198 2118 5383 -450 4011
10-42-31-746 -18014 31888 2340 5067 -803 4395
10-42-31-765 -16700 31216 3342 4773 -724 4210
10-42-31-775 -19022 32356 4602 4587 -1032 3781
10-42-31-781 -19518 32511 6126 4666 -1006 3942
10-42-31-810 -23928 29886 9250 4297 -1886 3561
10-42-31-817 -22300 27666 9306 4310 -2343 3597
10-42-31-824 -22076 24526 10118 4473 -2466 3414
10-42-31-855 -25610 18318 14382 3980 -3019 2264
10-42-31-884 -25270 16514 15290 3803 -2723 1980
10-42-31-890 -26936 14930 16976 3479 -2335 1690
10-42-31-916 -32348 5680 21258 2911 -254 1656
10-42-31-930 -32290 3418 22204 2276 282 1418
10-42-31-939 -31746 2050 22448 1754 567 1567
10-42-31-960 -32768 -1952 29236 1290 345 705
10-42-31-971 -32768 -3226 29360 715 -280 410
10-42-31-981 -32768 -2670 29318 168 -626 142
10-42-32-006 -32768 -404 25480 -1302 91 -486
10-42-32-017 -32768 -384 25356 -1799 299 -753
10-42-32-029 -32768 1500 23786 -2376 163 -1288
10-42-32-056 -31106 10104 21302 -3595 394 -1900
10-42-32-077 -30196 10970 20292 -3529 784 -2103
10-42-32-088 -29772 12506 18894 -3727 708 -2312
10-42-32-161 -22712 21650 12326 -4233 1298 -2904
10-42-32-171 -22352 22924 10908 -4311 1244 -2735
10-42-32-178 -21982 24022 10058 -4493 1837 -3120
10-42-32-197 -15726 32264 2434 -4783 420 -3711
10-42-32-206 -15544 31556 554 -5006 333 -3658
10-42-32-222 -16650 29834 -1870 -5430 75 -3889
10-42-32-247 -17964 30750 -2924 -5662 261 -4072
10-42-32-258 -17308 29752 -3188 -5514 518 -4267
10-42-32-274 -16036 29956 -2882 -5606 482 -4681
10-42-32-301 -12198 28998 -4390 -5671 321 -4907
10-42-32-308 -10404 28360 -4542 -5290 86 -4750
10-42-32-314 -9992 28090 -4674 -5450 -536 -4920
10-42-32-343 -7566 23140 -12286 -5034 -1838 -4065
10-42-32-363 -7008 23020 -13310 -5081 -2124 -4103
10-42-32-381 -6224 21776 -13866 -5095 -1968 -3872
10-42-32-410 -6626 15422 -20594 -4958 -1844 -2471
10-42-32-423 -6504 14814 -23356 -4720 -1261 -2242
10-42-32-439 -8158 15642 -25424 -4434 -1029 -2214
10-42-32-459 -4088 15960 -32768 -3350 -248 -1509
10-42-32-471 -2506 15492 -32768 -2762 -631 -1545
10-42-32-491 -2624 15206 -32768 -2436 -559 -1005
10-42-32-514 870 15146 -32768 -1558 905 -172
10-42-32-535 3012 16612 -32768 -1077 1343 -22
10-42-32-547 4752 17784 -32768 -159 1327 629
10-42-32-563 3418 18112 -32768 2141 852 1262
10-42-32-569 2888 18952 -32768 2526 597 1648
10-42-32-584 1472 19298 -32768 3348 326 1505
10-42-32-602 -2978 17016 -26908 3838 34 2074
10-42-32-615 -5988 15506 -25136 4167 -36 2043
10-42-32-628 -8358 15084 -23390 4154 617 2277
10-42-32-651 -7504 18208 -17216 3837 1754 2900
10-42-32-660 -7402 19654 -15298 4055 2107 2921
10-42-32-687 -6102 21228 -13524 4297 1839 2733
10-42-32-702 -5330 25336 -7864 5442 107 3064
10-42-32-713 -8074 26152 -6010 5714 -567 3393
10-42-32-727 -9786 26238 -4336 5612 -779 3265
10-42-32-746 -12118 27828 -2134 6005 -629 3557
10-42-32-755 -13018 27598 -1802 5924 -163 3538
10-42-32-774 -13708 29360 -994 5751 66 3887
10-42-32-803 -15274 31314 -1656 5109 584 3835
10-42-32-812 -15294 32511 300 5176 388 4200
10-42-32-822 -16574 32511 1498 5189 791 4361
10-42-32-838 -16378 32511 3208 5135 458 4529
10-42-32-845 -16876 32511 4470 4819 251 4544
10-42-32-852 -18230 32511 5148 4737 82 4909
10-42-32-876 -32824 26148 8938 4518 -936 4362
10-42-32-890 -24564 21484 6858 4243 -2056 3808
10-42-32-912 -23858 19562 7284 3832 -2174 3320
10-42-32-934 -32734 15474 17374 3063 -2138 2009
10-42-32-941 -32768 11844 22056 3063 -2219 1951
10-42-32-948 -32768 8330 25888 2950 -2687 1764
10-42-32-974 -32768 2238 28626 2459 -2027 1566
10-42-32-989 -32768 -366 29962 2166 -1332 1363
10-42-32-997 -32768 514 30590 983 -241 1132
10-42-33-033 -32768 -2710 30178 98 623 346
10-42-33-043 -32768 -3452 30650 -456 -45 -260
10-42-33-058 -32768 -1646 30642 -1308 -537 -590
10-42-33-083 -32768 3924 26098 -2662 -549 -1321
10-42-33-093 -32768 6082 24882 -3144 84 -1539
10-42-33-109 -32768 9008 24010 -3299 198 -1483
10-42-33-130 -29722 15426 19352 -4119 467 -2025
10-42-33-137 -29208 17754 17534 -4084 419 -2234
10-42-33-144 -28604 21012 15804 -4624 426 -2621
10-42-33-187 -26576 29074 11022 -5100 912 -2777
10-42-33-199 -25952 30862 9060 -5484 1211 -2974
10-42-33-226 -24582 32511 7798 -5654 1502 -3307
10-42-33-237 -18632 32511 3022 -5509 1612 -4187
10-42-33-245 -16604 32511 1264 -5509 911 -4437
10-42-33-262 -16594 32511 688 -5525 410 -4610
10-42-33-277 -15896 32511 -1516 -5927 -362 -4884
10-42-33-285 -14826 32511 -1676 -5842 -134 -4942
10-42-33-292 -14302 32511 -2408 -6238 -196 -4954
10-42-33-317 -12172 31524 -2642 -6320 -824 -4599
10-42-33-325 -10026 30976 -3324 -6323 -925 -4508
10-42-33-340 -7890 29426 -2094 -6478 -1254 -4632
10-42-33-366 -12876 26666 -5728 -6180 -1355 -4108
10-42-33-372 -11062 26246 -8760 -5825 -950 -3855
10-42-33-383 -8682 24928 -9938 -5628 -1132 -3704
10-42-33-411 -9650 18142 -14522 -4758 -761 -3133
10-42-33-424 -8920 18314 -19376 -4542 -1027 -2780
10-42-33-429 -7522 19708 -25242 -4335 -1124 -2752
10-42-33-467 -3652 15646 -32768 -3889 -879 -1867
10-42-33-486 -5268 14018 -32768 -3282 -549 -1276
10-42-33-523 -4724 13506 -32768 -3191 -90 -971
10-42-33-534 3262 18198 -32768 -1852 335 -586
10-42-33-551 2778 17948 -32768 -901 267 -381
10-42-33-579 1058 17426 -32768 -538 333 -41
10-42-33-595 3622 16994 -32768 1213 1045 907
10-42-33-607 4176 17630 -32768 2125 671 1162
10-42-33-614 3332 17794 -32768 2470 393 1244
10-42-33-628 -292 16596 -28382 3463 79 1494
10-42-33-637 -2984 16188 -26682 3748 6 1696
10-42-33-643 -5568 15508 -24410 4153 -92 2145
10-42-33-662 -8180 19528 -14678 4210 1188 2781
10-42-33-675 -8024 21166 -12426 4384 1199 2960
10-42-33-686 -8742 22146 -11184 4664 1306 3343
10-42-33-710 -11010 21452 -8770 5151 852 3252
10-42-33-733 -11298 21750 -7174 5223 436 3318
10-42-33-747 -11592 23126 -5688 4994 547 3617
10-42-33-767 -13780 25510 -2140 5278 257 3528
10-42-33-777 -15244 26150 -2650 5483 153 3563
10-42-33-786 -16150 26762 -1484 5117 627 3866
10-42-33-812 -14762 28268 870 4745 938 3789
10-42-33-831 -15232 29444 1376 4876 1001 3759
10-42-33-848 -16526 30488 1430 4504 968 4150
10-42-33-865 -16918 30320 2926 4410 691 4687
10-42-33-873 -17088 30864 3622 4053 416 4661
10-42-33-880 -20682 31768 5810 4111 217 4689
10-42-33-927 -22178 23010 7632 3874 -755 4177
10-42-33-941 -19040 20430 8656 3537 -1283 3881
10-42-33-965 -22442 19314 11346 3505 -1374 3304
10-42-33-983 -32768 12742 14316 2952 -402 2936
10-42-33-995 -32768 10632 15624 2461 -330 2745
10-42-34-004 -32430 7870 16322 2315 -102 2879
10-42-34-022 -32768 -614 17782 1239 -127 2163
10-42-34-030 -32768 -814 18876 1027 -184 1910
10-42-34-045 -32768 -1034 20150 442 -250 1627
10-42-34-061 -32768 -6020 20968 -377 -500 -50
10-42-34-068 -32768 -4956 21362 -720 -771 -255
10-42-34-086 -32768 -2600 19812 -1176 -435 -728
10-42-34-156 -32768 2226 17182 -2401 -139 -1527
10-42-34-169 -32768 4746 17222 -2866 -280 -2154
10-42-34-178 -32768 7516 16782 -3175 30 -2232
10-42-34-194 -29912 30292 8504 -4098 71 -3834
10-42-34-204 -26938 31876 7220 -4202 3 -3978
10-42-34-210 -23778 32511 5962 -4456 -71 -4353
10-42-34-326 -20444 32511 1014 -4586 445 -4736
10-42-34-348 -20264 32511 1334 -4863 797 -4521
10-42-34-357 -17996 32511 2696 -5377 827 -4536
10-42-34-365 -10176 29086 -6254 -5943 -2811 -4771
10-42-34-372 -9596 26880 -6860 -5918 -3454 -4724
10-42-34-396 -10956 25916 -11240 -5398 -2000 -3233
10-42-34-410 -11030 21206 -15438 -4823 -1439 -2796
10-42-34-417 -9906 17498 -18572 -4781 -1098 -2618
10-42-34-447 -3624 17130 -19820 -4793 -634 -2424
10-42-34-452 -710 18356 -20478 -4685 -895 -2046
10-42-34-459 -1014 18674 -24986 -3795 -1351 -1713
10-42-34-494 -7508 11560 -32768 -2815 -1202 -1046
10-42-34-506 -8214 10360 -32768 -2935 -886 -489
10-42-34-519 -7832 10478 -32768 -2878 -322 -534
10-42-34-564 -4108 16634 -32768 -2406 900 -365
10-42-34-575 -3276 18182 -32768 -1439 1372 -97
10-42-34-586 1696 19286 -32768 -204 1014 585
10-42-34-601 2168 17672 -32768 1796 776 1138
10-42-34-612 2384 19332 -32768 2290 359 1178
10-42-34-626 1084 19402 -32768 3068 48 1562
10-42-34-643 -8722 17392 -30524 4172 214 1963
10-42-34-652 -9224 18326 -28708 4217 1073 2260
10-42-34-658 -9564 19458 -25530 4022 1447 2443
10-42-34-684 -8154 24312 -17578 4866 2017 3199
10-42-34-728 -8838 25618 -15912 5026 1701 3341
10-42-34-740 -11038 26204 -14672 5677 1571 3393
10-42-34-748 -12800 29354 -9888 5868 657 3285
10-42-34-774 -12464 31546 -7288 6019 590 3622
10-42-34-803 -19014 32511 -1162 6287 338 3510
10-42-34-814 -18864 32511 -222 6054 645 3543
10-42-34-834 -18252 32511 218 5852 1318 3879
10-42-34-841 -15666 32511 2566 5701 1820 3536
10-42-34-851 -16096 32511 2962 5365 1861 3954
10-42-34-870 -17654 32511 3274 5307 1725 4189
10-42-34-886 -17634 32511 2450 4582 1458 4697
10-42-34-894 -17840 32511 2546 4289 1390 4523
10-42-34-931 -18166 32511 3756 4039 1050 4505
10-42-34-942 -28452 30904 11306 4124 -279 4715
10-42-34-952 -27386 28630 10320 4121 -896 4235
10-42-34-985 -24214 25082 9880 3945 -1162 4186
10-42-34-996 -30684 14486 16620 3402 -1567 3385
10-42-35-006 -32768 10562 17806 3392 -1463 3163
10-42-35-038 -32768 6912 20418 3137 -1822 2692
10-42-35-048 -32768 3444 27186 2376 -2784 2163
10-42-35-057 -32768 1122 29810 2084 -2541 1424
10-42-35-073 -32768 -1328 31762 1411 -2615 1325
10-42-35-092 -32768 -4434 32511 -278 -917 394
10-42-35-101 -32768 -2866 30568 -681 -825 337
10-42-35-124 -32768 -1004 29254 -1243 -558 -262
10-42-35-135 -32768 5696 24890 -2545 118 -1283
10-42-35-161 -32768 7504 22934 -3116 -17 -1276
10-42-35-173 -32768 8654 21594 -3362 312 -1483
10-42-35-179 -32768 12092 16962 -3719 -95 -2402
10-42-35-186 -32350 14392 16126 -4216 -49 -2651
10-42-35-209 -31952 17456 16562 -4430 206 -2911
10-42-35-279 -29754 26740 20606 -4603 990 -3382
10-42-35-292 -27118 29564 19668 -4572 1180 -3244
10-42-35-299 -26650 29328 17822 -4725 1197 -3615
10-42-35-312 -25252 32511 11746 -5183 706 -3524
10-42-35-372 -19238 32511 5458 -6069 -343 -4721
10-42-35-380 -17848 32511 2922 -6428 -425 -4578
10-42-35-387 -18090 32511 1210 -6688 -895 -4934
10-42-35-410 -16928 32511 -486 -6989 -802 -5013
10-42-35-420 -6000 30316 -12486 -6566 -2188 -3954
10-42-35-456 -6922 27400 -12606 -6884 -2198 -3026
10-42-35-482 -6288 26186 -12434 -7059 -1994 -2483
10-42-35-524 -3466 22238 -7472 -6431 -2477 -1228
10-42-35-534 -7754 21878 -7972 -5372 -2470 -1207
10-42-35-572 -12536 21406 -12224 -4571 -2271 -1448
10-42-35-580 -16596 20746 -21496 -4205 -1291 -1501
10-42-35-594 -6548 20418 -32768 -4104 2942 -634
10-42-35-605 2194 22796 -32768 -3010 3116 -214
10-42-35-647 10356 26322 -32768 2240 -225 639
10-42-35-746 -10938 12782 -32768 2826 -594 -843
10-42-35-754 -9986 13510 -32768 2063 -262 591
10-42-35-765 4050 23418 -32768 2834 618 1513
10-42-35-788 -4024 19692 -21456 4472 899 2261
10-42-35-804 -9386 23990 -10864 5345 377 3052
10-42-35-813 -11074 25714 -8822 5677 301 3330
10-42-35-824 -12518 27418 -7034 5594 -36 3372
10-42-35-829 -15578 30510 -2182 6021 6 3290
10-42-35-834 -17174 30394 -1888 6051 41 3617
10-42-35-847 -17122 31290 -740 6228 124 3327
10-42-35-852 -17952 32511 1708 5618 588 3659
10-42-35-859 -17566 32511 1504 5665 442 3424
10-42-35-943 -18208 32511 3434 5395 209 3269
10-42-35-948 -19466 32511 8114 5056 -1160 3784
10-42-35-972 -17630 32511 8288 5340 -1941 3536
10-42-35-996 -19390 32511 8890 5646 -2513 3367
10-42-36-000 -31102 9512 30158 5092 -1786 1076
10-42-36-004 -32710 6222 31262 4241 -212 883
10-42-36-041 -32104 2732 32230 3696 651 870
10-42-36-057 -24934 -3732 32511 2033 1024 621
10-42-36-066 -23158 -4658 32250 1604 547 419
10-42-36-087 -24152 -4054 30770 1084 155 242
10-42-36-102 -22246 -3402 27140 -185 821 313
10-42-36-112 -21314 -3826 26444 -390 811 346
10-42-36-141 -20160 -4082 24978 -704 631 318
10-42-36-147 -17598 -262 18700 -2106 131 -118
10-42-36-154 -16898 1020 17076 -2423 620 124
10-42-36-189 -16040 2398 15956 -2459 660 117
10-42-36-199 -12746 3994 12166 -3033 1622 115
10-42-36-205 -12110 4266 11588 -3440 1451 -122
10-42-36-237 -10698 4562 10766 -3586 1450 109
10-42-36-255 -8424 7426 10122 -3767 1496 -271
10-42-36-267 -7742 8366 10322 -4138 1515 -320
10-42-36-343 -7192 9678 10182 -4010 1840 -338
10-42-36-369 -6124 13744 10318 -4709 2006 -219
10-42-36-381 -5892 14764 10058 -4574 2029 -184
10-42-36-399 -5464 15534 10048 -4905 1993 -130
10-42-36-407 -5328 25342 6412 -5709 596 -456
10-42-36-415 -6068 32511 8772 -5922 -107 -606
10-42-36-433 -8130 32511 6918 -5733 -142 -122
10-42-36-442 -15450 32511 1814 -5673 183 866
10-42-36-457 -19004 32511 -3278 -5266 757 755
10-42-36-486 -20156 30468 -7212 -5301 1433 726
10-42-36-509 -17016 31094 -8440 -5407 2577 -322
10-42-36-519 -15008 30862 -8204 -5092 2387 -459
10-42-36-550 -14764 32322 -13344 -4832 2114 -742
10-42-36-558 -9304 27710 -18358 -5408 1714 -1206
10-42-36-569 -6938 28236 -17748 -5339 1749 -1407
10-42-36-628 -5076 27048 -16014 -5261 1788 -1118
10-42-36-653 -4082 23030 -14950 -4689 2491 541
10-42-36-663 -2874 22842 -15382 -4298 2943 822
10-42-36-685 -1236 22456 -15538 -4433 3111 758
10-42-36-693 -1178 17658 -10734 -2826 622 737
10-42-36-702 -1902 17000 -10078 -2249 344 1144
10-42-36-725 -2020 16360 -8952 -2008 126 1285
10-42-36-740 -3618 17436 -7346 -1827 -188 1614
10-42-36-749 -4340 18116 -6826 -1553 -563 1485
10-42-36-771 -5384 18414 -7548 -1287 -402 1914
10-42-36-788 -6634 18884 -8056 -879 -1040 2062
10-42-36-853 -6948 18542 -8242 -643 -1299 2160
10-42-36-875 -9028 18970 -7820 -823 -1579 1942
10-42-36-892 -10056 20730 -6420 -272 -2744 1907
10-42-36-919 -14014 21548 -5730 186 -3468 1604
10-42-36-928 -19968 16690 -3250 1694 -1597 -332
10-42-36-936 -13660 16016 -3260 1832 -673 76
10-42-36-944 -10074 16134 -3010 1498 -652 170
10-42-36-958 -6826 14502 -274 1413 -1558 1034
10-42-36-970 -7420 14878 498 1420 -1552 740
10-42-36-985 -7706 15068 758 1466 -1564 689
10-42-36-999 -8968 15284 1224 1481 -1380 656
10-42-37-013 -8438 15526 1846 1472 -1281 649
10-42-37-025 -8488 15746 1932 1468 -899 691
10-42-37-031 -7942 15604 2492 1656 -823 752
10-42-37-038 -7616 15582 2542 1631 -507 747
10-42-37-121 -7432 15640 2468 1583 -506 704
10-42-37-165 -7474 14778 2452 1190 -817 860
