10-40-27-432 -7842 14088 3004 -145 -84 -65
10-40-27-449 -7848 13962 2986 -158 -103 -72
10-40-27-476 -7900 14364 3142 -183 124 -83
10-40-27-482 -7890 14070 3102 -192 -124 -82
10-40-27-491 -7936 14424 3150 -197 -109 -78
10-40-27-509 -8262 14598 2728 -198 -37 -62
10-40-27-555 -8132 14334 2742 -196 -7 -57
10-40-27-575 -8176 14694 2916 -194 284 -54
10-40-27-581 -8292 14272 2542 -183 355 -68
10-40-27-588 -8076 14228 2522 -179 354 -78
10-40-27-658 -7922 14374 2442 -147 354 -108
10-40-27-664 -7830 14414 2664 -143 362 -115
10-40-27-669 -7824 14068 2678 -137 370 -126
10-40-27-682 -7680 14014 2866 -133 136 115
10-40-27-785 -7304 14618 2556 -131 184 79
10-40-27-837 -7434 14330 2938 -129 185 75
10-40-27-851 -7138 14644 2888 -383 183 72
10-40-27-858 -7054 14706 3130 -134 183 66
10-40-27-881 -6734 14472 2744 -212 345 16
10-40-27-912 -6506 14610 2466 -205 268 22
10-40-27-931 -6278 14640 2558 -203 -3 30
10-40-27-949 -6316 14650 2472 -199 -11 34
10-40-27-961 -6540 14302 2476 -184 -34 51
10-40-27-969 -6774 14450 2592 -182 -46 52
10-40-27-983 -6728 14226 2442 -181 -59 53
10-40-28-032 -6968 14616 2632 -171 -91 54
10-40-28-043 -6930 14646 2626 -169 -98 53
10-40-28-049 -7032 14666 2610 -163 -104 55
10-40-28-072 -6824 14686 2438 -158 -128 53
10-40-28-087 -7284 14652 2294 -132 93 38
10-40-28-093 -7286 14672 2270 -382 90 36
10-40-28-126 -7262 14632 2246 -373 82 34
10-40-28-134 -7052 14664 2282 -344 55 31
10-40-28-147 -7088 14606 2612 -334 52 31
10-40-28-168 -7282 14672 2230 -322 47 31
10-40-28-180 -7522 14646 2296 -303 45 34
10-40-28-185 -7494 14330 2662 -292 47 32
10-40-28-217 -7458 14692 2674 -283 44 32
10-40-28-234 -7474 14634 2570 -265 34 19
10-40-28-239 -7166 14640 2468 -259 29 17
10-40-28-266 -7166 14606 2822 2 26 13
10-40-28-289 -7168 14264 2506 15 11 5
10-40-28-301 -7150 14324 2858 20 9 6
10-40-28-321 -7088 14666 2896 25 12 5
10-40-28-329 -7078 14210 2760 38 24 3
10-40-28-335 -7264 14226 2934 40 25 5
10-40-28-365 -7058 14234 2752 41 20 7
10-40-28-383 -7230 14304 2740 49 18 7
10-40-28-388 -7058 14276 2780 52 21 6
10-40-28-414 -7282 14326 2794 54 21 6
10-40-28-420 -7212 14634 2792 42 -259 -260
10-40-28-436 -7248 14260 2794 39 -268 -263
10-40-28-463 -7218 14276 2728 35 -273 -266
10-40-28-482 -7218 14452 2788 21 -278 -266
10-40-28-494 -7054 14242 2796 19 -280 -266
10-40-28-521 -7274 14406 2778 15 -282 -269
10-40-28-531 -6894 14072 2938 9 -315 -271
10-40-28-540 -7278 14366 2736 8 -321 -271
10-40-28-563 -7242 14406 2738 11 -323 -269
10-40-28-569 -7124 14430 2928 19 -309 -261
10-40-28-580 -7156 14368 2916 22 -303 -262
10-40-28-610 -7134 13998 2704 23 -301 -265
10-40-28-624 -7042 13946 2706 5 -313 -276
10-40-28-632 -7278 13744 2786 -257 -319 -274
10-40-28-658 -7256 13812 2954 -264 -318 -272
10-40-28-663 -7072 14174 3264 -282 -301 -263
10-40-28-673 -7260 14084 3326 -296 -302 -260
10-40-28-766 -7260 13734 3656 -318 -308 -257
10-40-28-789 -7178 14198 3476 -379 -259 47
10-40-28-797 -7208 14398 3498 -134 30 73
10-40-28-820 -7182 14634 3626 -136 59 104
10-40-28-829 -8438 14302 3700 -319 -116 -99
10-40-28-840 -8674 14078 3704 -326 102 127
10-40-28-872 -8960 13976 3282 -338 75 93
10-40-28-889 -9012 14084 3012 -368 -282 -350
10-40-28-907 -8768 13768 2786 -349 -369 -171
10-40-28-926 -8182 13948 2710 -349 -218 -254
10-40-28-939 -8312 13426 3420 -319 -439 -617
10-40-28-951 -7992 13338 3302 -326 -412 -610
10-40-28-970 -8204 13298 3552 -333 -578 -576
10-40-28-978 -7930 14116 3618 -339 -376 -256
10-40-28-986 -7586 13976 3478 -343 -280 -240
10-40-29-002 -7270 13980 3694 -348 9 -238
10-40-29-011 -7438 13722 3950 -344 -282 -248
10-40-29-021 -7764 13846 3752 -352 -267 -249
10-40-29-048 -7356 13724 3516 -374 -276 -534
10-40-29-063 -8674 13814 3950 -165 -221 -430
10-40-29-075 -9014 13502 4332 -171 -631 -786
10-40-29-098 -9894 13306 4778 -186 -793 -879
10-40-29-120 -13996 13280 8750 -618 -1404 -1359
10-40-29-127 -15700 13684 10106 -486 -1580 -1274
10-40-29-150 -17070 14150 10720 -657 -1465 -1480
10-40-29-157 -18936 15444 13584 -1662 -2158 -2288
10-40-29-168 -20104 15722 14808 -1736 -1996 -2560
10-40-29-201 -21558 15970 17192 -2376 -2322 -3087
10-40-29-209 -22728 17562 21846 -3432 -2322 -3599
10-40-29-223 -23324 18500 21614 -3532 -1944 -3476
10-40-29-264 -22838 18348 21370 -4136 -1710 -3559
10-40-29-277 -20478 16042 21410 -4884 -1202 -4179
10-40-29-288 -18188 15068 20218 -4820 -1247 -4057
10-40-29-307 -16074 13702 19364 -5247 -1660 -4377
10-40-29-362 -14906 11828 17314 -5375 -1861 -4000
10-40-29-372 -13994 10850 18110 -5538 -1830 -4151
10-40-29-379 -13626 10852 17942 -5964 -1438 -3802
10-40-29-410 -2898 9560 14214 -5430 -715 -3177
10-40-29-418 -3490 8514 13196 -5428 -1620 -2865
10-40-29-433 -5396 7258 12342 -5469 -1502 -2194
10-40-29-451 -6578 4244 2708 -5562 811 -1482
10-40-29-458 -4116 3304 -2258 -5741 2057 -1631
10-40-29-464 844 2384 -9018 -5473 2766 -1547
10-40-29-499 12144 628 -22734 -3959 2354 -945
10-40-29-513 11482 -266 -23904 -3135 1518 -871
10-40-29-523 8562 -570 -23108 -1977 1550 -361
10-40-29-550 9542 590 -15902 879 1102 932
10-40-29-562 9074 -236 -13502 1423 337 1537
10-40-29-585 6970 -578 -12126 2319 -623 1842
10-40-29-602 1728 1000 -6678 3515 -923 2662
10-40-29-611 1354 1488 -5468 3826 -743 2899
10-40-29-620 894 2250 -3766 4015 -796 3105
10-40-29-638 -1236 5620 3218 4711 -797 3467
10-40-29-650 -1170 6818 7648 4927 -1180 3876
10-40-29-657 -1252 7982 11406 5243 -2209 3875
10-40-29-696 -4786 10538 14044 5763 -4361 3893
10-40-29-705 -10722 9788 12366 6080 -4194 3895
10-40-29-715 -13268 9274 9982 6100 -3061 3544
10-40-29-738 -16596 13530 17838 5842 -345 3324
10-40-29-749 -14192 17154 20696 5996 -329 3670
10-40-29-755 -12630 18664 21370 6237 -226 3809
10-40-29-783 -17210 20308 13762 5652 945 4099
10-40-29-797 -17826 21054 12548 5088 1725 3767
10-40-29-802 -19918 21648 11018 4785 2549 3735
10-40-29-835 -20454 30512 18968 4037 3593 3747
10-40-29-841 -20028 32511 20708 4394 2814 4016
10-40-29-847 -20810 31196 21422 4337 2353 4087
10-40-29-885 -20542 21330 16858 3941 -62 2914
10-40-29-904 -21370 17652 16474 3054 -148 1929
10-40-29-913 -22610 15088 16184 2573 -628 1537
10-40-29-935 -26594 11814 16122 261 -835 -19
10-40-29-946 -25886 11836 16434 -430 -849 -375
10-40-29-960 -24994 12442 16366 -1284 -883 -466
10-40-29-986 -24304 15018 16498 -2289 -946 -1856
10-40-29-994 -24682 15824 17132 -2848 -993 -1979
10-40-30-007 -24408 17168 18438 -3107 -1299 -2591
10-40-30-028 -21742 20644 18770 -3497 -1593 -3456
10-40-30-038 -21162 21782 18692 -3772 -1645 -3673
10-40-30-044 -20814 22502 18574 -4063 -1606 -3842
10-40-30-083 -19826 24356 18612 -4902 -1381 -3828
10-40-30-103 -19236 24320 18574 -5144 -965 -4164
10-40-30-115 -18124 24356 18746 -5092 -1050 -4213
10-40-30-175 -15534 19718 17974 -5295 -404 -4400
10-40-30-192 -14036 17696 16956 -5290 -802 -4090
10-40-30-214 -12806 16728 15826 -5640 -699 -4034
10-40-30-226 -12264 14874 12982 -5626 -690 -3715
10-40-30-237 -4088 11000 8242 -5902 589 -3980
10-40-30-243 -3572 9644 6534 -5737 259 -3854
10-40-30-250 -3876 8120 3134 -5289 -55 -3595
10-40-30-273 158 4670 -9830 -4937 1308 -2816
10-40-30-279 3008 3034 -12936 -4304 1693 -2905
10-40-30-289 6278 1400 -16024 -3802 2407 -2467
10-40-30-320 9206 -2812 -18922 -1517 3003 -1171
10-40-30-337 13838 -2944 -18268 -867 2510 -1137
10-40-30-348 17756 -2672 -15640 -22 1278 -580
10-40-30-370 5250 -3076 -9726 1946 -906 1156
10-40-30-387 4506 -3832 -8598 2486 -1133 1530
10-40-30-397 3918 -4180 -8290 2781 -643 2072
10-40-30-484 2022 -2318 -6662 3343 5 2257
10-40-30-515 644 -1212 -5174 3234 285 2523
10-40-30-525 170 -442 -2476 3292 295 2782
10-40-30-541 -10354 9292 8092 4905 -1918 3607
10-40-30-560 -13156 10698 10600 4760 -900 3586
10-40-30-575 -13682 11940 11644 4825 -586 3666
10-40-30-582 -11258 18326 17004 5107 -194 4133
10-40-30-605 -13548 17980 15416 5445 -166 4047
10-40-30-625 -17124 20232 13304 4867 1115 4180
10-40-30-633 -18708 20744 14650 4501 1416 4183
10-40-30-658 -18826 22630 18350 4328 1773 3837
10-40-30-675 -23172 26764 16892 4089 1477 3819
10-40-30-680 -24300 24558 14146 3778 1568 3697
10-40-30-710 -21400 22348 13378 3324 1363 3126
10-40-30-718 -22128 15928 18238 2336 237 1403
10-40-30-728 -24252 13688 17746 1880 55 1073
10-40-30-757 -24976 12212 16602 1365 -625 508
10-40-30-780 -25126 11654 13750 -818 -1022 -221
10-40-30-790 -25400 12542 14518 -1405 -1012 -646
10-40-30-808 -25324 13420 14730 -1854 -946 -1325
10-40-30-819 -24270 15262 15584 -2276 -673 -1746
10-40-30-827 -23574 16314 15680 -2522 -828 -2021
10-40-30-853 -22638 17488 15420 -2742 -778 -2272
10-40-30-870 -20274 19504 15324 -3305 -662 -3016
10-40-30-875 -19892 20132 15946 -3488 -737 -3224
10-40-30-899 -19982 20906 16482 -3917 -1052 -3671
10-40-30-911 -17978 20656 15922 -4443 -677 -3797
10-40-30-918 -17096 20108 15378 -4629 -824 -4115
10-40-30-947 -15814 19044 14504 -4512 -620 -4141
10-40-30-966 -14712 14168 14136 -4934 -63 -4156
10-40-30-973 -14356 13520 15044 -4593 -62 -4182
10-40-31-003 -11750 14118 14234 -4562 -297 -3988
10-40-31-009 -8298 7994 11982 -4591 -1059 -4179
10-40-31-014 -6970 7308 12618 -4579 -1564 -4075
10-40-31-058 -6236 7246 10734 -4548 -1770 -3770
10-40-31-063 -10782 3034 10380 -4906 -1197 -3025
10-40-31-069 -9554 4128 9852 -4987 -1054 -2961
10-40-31-150 -7710 5586 7258 -4931 -487 -2764
10-40-31-179 -2520 2180 -2296 -4741 630 -2596
10-40-31-191 -500 1110 -6492 -4921 737 -2231
10-40-31-205 1194 356 -10254 -4724 1351 -2025
10-40-31-211 8584 -2000 -15926 309 749 508
10-40-31-216 7312 -2640 -14088 1072 135 985
10-40-31-241 6242 -1906 -12026 1651 -366 1594
10-40-31-268 2228 626 -7188 3081 -823 2282
10-40-31-278 1626 1306 -5294 3396 -417 2522
10-40-31-294 -44 1972 -3796 3675 -194 2739
10-40-31-303 -1928 4804 2560 4027 -545 3292
10-40-31-317 -1516 6666 4754 4251 -1111 3463
10-40-31-342 -1210 7794 6056 4567 -1883 3858
10-40-31-362 -9046 10180 6054 5221 -2012 3769
10-40-31-367 -11172 11896 9642 5073 -1483 3887
10-40-31-390 -13076 14016 12752 5101 -1271 3527
10-40-31-400 -14198 20070 20370 5667 -1805 3955
10-40-31-411 -16442 20770 19202 5674 -1523 3777
10-40-31-448 -18906 18582 16826 5476 -926 3861
10-40-31-461 -19760 20092 17286 4330 1804 3365
10-40-31-473 -18080 20744 18492 4388 2157 3390
10-40-31-497 -17502 22594 18804 4189 1927 3254
10-40-31-510 -17814 23818 16140 3931 1187 3696
10-40-31-521 -17890 23474 15256 3509 998 3438
10-40-31-544 -18648 23196 16282 3627 1032 3076
10-40-31-557 -22460 17376 19116 2920 106 1889
10-40-31-569 -22268 15636 20086 2210 -200 1238
10-40-31-612 -21704 13624 19746 1708 -639 1126
10-40-31-625 -22824 11058 17238 453 -876 214
10-40-31-636 -23030 10810 17050 28 -672 -125
10-40-31-650 -23018 11166 17378 -838 -895 -206
10-40-31-658 -21432 12512 18712 -2065 -488 -1189
10-40-31-665 -21240 13616 19410 -2361 -468 -1477
10-40-31-680 -21676 14520 20142 -2631 -478 -1766
10-40-31-701 -21896 19114 20854 -3138 -454 -2908
10-40-31-707 -22584 19610 19226 -3408 -584 -3172
10-40-31-730 -22526 20288 17610 -3582 -360 -3446
10-40-31-736 -21256 22032 20270 -4991 236 -4170
10-40-31-742 -21040 22880 20368 -5126 541 -4392
10-40-31-777 -19806 22428 18608 -5161 247 -4299
10-40-31-804 -16148 16118 13130 -5403 541 -4653
10-40-31-814 -15360 15836 14866 -5436 522 -4585
10-40-31-847 -14600 16202 13940 -5044 314 -4917
10-40-31-859 -10644 11910 9640 -5126 61 -4684
10-40-31-869 -10168 10468 8454 -4839 52 -4649
10-40-31-887 -9240 9538 6534 -4985 60 -4251
10-40-31-896 -3482 7484 4620 -4774 -561 -4098
10-40-31-903 -2056 6690 3516 -4556 -894 -3853
10-40-31-925 -1974 4496 4004 -4343 -1018 -3660
10-40-31-941 -3084 2560 -38 -3988 -1612 -2940
10-40-31-949 -3212 958 -2336 -3760 -938 -2630
10-40-31-972 -2474 -744 -4026 -3473 -599 -2366
10-40-31-991 3320 -2460 -9994 -2848 872 -1475
10-40-32-000 4444 -3302 -10308 -2399 830 -1204
10-40-32-023 3772 -4534 -9962 -1896 394 -1145
10-40-32-030 2246 -5612 -9524 -243 -187 -344
10-40-32-040 884 -5330 -8800 -74 -539 -83
10-40-32-070 -1280 -5822 -7530 593 -166 158
10-40-32-090 -1612 -6368 -3590 1603 -372 706
10-40-32-098 -1096 -6144 -2918 1876 -408 1104
10-40-32-120 -710 -6248 -1684 2174 -718 1015
10-40-32-127 -3386 -5012 -2514 2872 -438 1455
10-40-32-138 -3950 -4182 -3412 3118 -258 1914
10-40-32-170 -3758 -3028 -2640 3408 186 2099
10-40-32-190 860 572 5218 3999 -1449 2185
10-40-32-197 -754 1984 6454 4635 -2524 2626
10-40-32-217 -6416 1828 6126 4929 -3023 2489
10-40-32-239 -13200 3554 4388 4983 -448 2597
10-40-32-246 -13956 4062 6952 4889 849 2281
10-40-32-269 -10832 5140 9598 4711 967 2573
10-40-32-289 -7772 10746 12944 4229 18 3386
10-40-32-294 -11562 11688 11614 4362 68 3388
10-40-32-315 -11416 13556 10190 4381 176 3057
10-40-32-327 -18120 13680 13044 4047 1603 3362
10-40-32-333 -17114 16136 19518 4127 1600 3157
10-40-32-367 -13896 19826 22916 4102 695 3004
10-40-32-373 -21638 20488 24872 4370 -1379 3148
10-40-32-384 -23154 17314 20790 3510 -666 2450
10-40-32-410 -22246 17850 17626 3080 -87 2038
10-40-32-426 -18350 13884 14828 1710 2017 1261
10-40-32-450 -16730 13888 17808 1821 2311 1374
10-40-32-465 -16154 13214 20128 1513 1761 1310
10-40-32-477 -18830 12722 20386 1011 -252 708
10-40-32-484 -21406 11688 19634 654 -1128 636
10-40-32-507 -22548 10640 18680 190 -1211 -27
10-40-32-524 -24210 10574 20288 -1268 -984 -1040
10-40-32-530 -23902 10998 20740 -1739 -1029 -1289
10-40-32-571 -22982 12568 20774 -2382 -885 -1261
10-40-32-582 -21674 14516 19636 -3177 -640 -2314
10-40-32-603 -21382 14296 18360 -3389 -250 -2578
10-40-32-626 -21632 13786 17624 -3604 -332 -2558
10-40-32-665 -18694 13220 15998 -3823 191 -3333
10-40-32-686 -17446 13514 14804 -4121 587 -3208
10-40-32-716 -16692 13268 15114 -4137 406 -3586
10-40-32-739 -12602 9218 12412 -3810 123 -3279
10-40-32-749 -11428 8818 10944 -3771 83 -3249
10-40-32-770 -10146 7506 10560 -3968 6 -3450
10-40-32-781 -8986 5152 9792 -3912 -200 -3169
10-40-32-792 -8952 3698 10350 -3921 -142 -3102
10-40-32-827 -8618 3022 10096 -3853 -335 -2758
10-40-32-836 -5110 574 10704 -3270 -667 -2856
10-40-32-847 -4242 136 9942 -3211 -1567 -2688
10-40-32-865 -6920 -858 11466 -3201 -1686 -2268
10-40-32-873 -9038 -2336 4828 -3517 -1109 -1785
10-40-32-878 -8706 -4442 1766 -3577 -301 -1715
10-40-32-899 -6926 -4830 -2716 -3951 839 -1751
10-40-32-912 4590 -4642 -13622 -3044 1947 -1857
10-40-32-928 6214 -5324 -15874 -2514 1667 -1274
10-40-32-946 6672 -5922 -16848 -2164 1617 -1122
10-40-33-013 6204 -4674 -13488 46 993 135
10-40-33-025 7314 -4140 -11564 485 891 485
10-40-33-037 6820 -3800 -10634 1361 335 1146
10-40-33-058 3544 -2090 -7344 2350 -476 1533
10-40-33-069 -1722 2598 842 4129 -935 2748
10-40-33-080 -2002 3680 3356 4036 -1230 3134
10-40-33-107 -3142 4190 6058 4458 -1850 2961
10-40-33-121 -6660 5948 9898 4539 -2381 3344
10-40-33-137 -8526 6096 11372 4978 -2024 3346
10-40-33-159 -10140 6556 12554 4846 -1706 3013
10-40-33-171 -14336 8966 18666 5177 -702 3096
10-40-33-182 -13900 10970 19322 5227 -753 3137
10-40-33-200 -14910 10228 21142 5110 -743 3199
10-40-33-212 -17094 11128 19986 4605 120 2779
10-40-33-229 -18216 11234 19036 4233 477 2936
10-40-33-251 -19214 11428 18328 4154 986 2846
10-40-33-262 -17072 14408 22840 3060 1188 2252
10-40-33-270 -18304 14066 21822 3119 924 2427
10-40-33-297 -18850 13458 20082 2857 677 2020
10-40-33-304 -21120 13946 24796 1681 134 1198
10-40-33-319 -22032 14416 26152 1620 124 952
10-40-33-341 -23614 14178 26970 961 -171 669
10-40-33-348 -22522 11812 23750 -920 -700 -186
10-40-33-360 -22308 11826 24088 -1673 -718 -786
10-40-33-387 -22818 11046 23490 -2224 -736 -1045
10-40-33-398 -21992 10192 23202 -3203 -770 -1504
10-40-33-417 -21434 10178 22186 -3607 -425 -1742
10-40-33-444 -21126 10112 21118 -3477 -603 -1976
10-40-33-456 -18870 10030 18160 -3743 -543 -2657
10-40-33-472 -17782 9170 16270 -4140 -251 -2533
10-40-33-543 -16860 8082 15802 -4011 -203 -2886
10-40-33-562 -13988 8412 15244 -4633 -147 -3081
10-40-33-570 -13728 8640 13832 -4660 -278 -2792
10-40-33-589 -12998 8008 12698 -4655 -69 -2739
10-40-33-600 -7418 2858 8898 -4166 989 -2864
10-40-33-610 -6812 1952 10258 -3786 761 -2509
10-40-33-638 -6842 1564 10862 -3916 591 -2482
10-40-33-649 -7638 -1814 8804 -3601 -796 -2380
10-40-33-665 -9012 -2618 8790 -3640 -805 -2315
10-40-33-687 -9300 -3316 7770 -3655 -403 -2312
10-40-33-700 -7478 -6094 1100 -3495 482 -1947
10-40-33-709 -5142 -7132 -1986 -3529 950 -1963
10-40-33-730 -1178 -7400 -5594 -3680 1592 -2148
10-40-33-747 3392 -6782 -10196 -2295 1606 -1659
10-40-33-757 4442 -7176 -10208 -1754 978 -1363
10-40-33-776 4318 -6588 -10356 -1226 828 -1070
10-40-33-793 1830 -5920 -9154 -4 363 101
10-40-33-802 746 -6216 -7390 429 523 132
10-40-33-857 1042 -5796 -5146 1064 547 592
10-40-33-877 1030 -5974 -2978 1426 54 752
10-40-33-885 1302 -5722 -2998 1678 -561 950
10-40-33-899 684 -5376 -3390 1928 -845 1396
10-40-33-907 -986 -4972 -3382 2905 -797 1751
10-40-33-918 -900 -3804 -2902 3150 -597 1949
10-40-33-936 -1368 -3162 -2414 3415 -157 2412
10-40-33-943 -2118 94 -718 4016 -577 2690
10-40-33-949 -1922 1204 1116 4292 -727 3084
10-40-33-977 -2778 3036 3050 4579 -1267 2959
10-40-33-997 -8340 6310 5442 5327 -2763 3669
10-40-34-009 -9360 6752 5028 5280 -2632 3310
10-40-34-034 -9614 8994 5702 5448 -1735 3394
10-40-34-043 -15252 15912 20214 5973 -791 3167
10-40-34-051 -16426 16614 21442 6139 -461 3000
10-40-34-073 -16154 17214 19176 6484 -426 3251
10-40-34-087 -16534 16460 15098 4790 729 2924
10-40-34-093 -18570 17280 16960 4667 1264 2653
10-40-34-178 -18634 17228 16590 4394 1690 2589
10-40-34-209 -16460 21282 20366 3529 1637 2579
10-40-34-221 -16964 19954 18382 3633 1112 2632
10-40-34-267 -17006 18672 16650 3347 420 2241
10-40-34-288 -19980 15298 19686 1012 112 505
10-40-34-299 -19480 13866 18374 812 -340 569
10-40-34-317 -19372 12724 17586 -2 -226 289
10-40-34-362 -21554 16450 22096 -3374 -1081 -2083
10-40-34-375 -21812 16594 21654 -3473 -1033 -2328
10-40-34-386 -22280 17238 21692 -3820 -660 -2598
10-40-34-421 -20894 17720 21310 -4693 -618 -3096
10-40-34-435 -15866 12490 16710 -5306 221 -3541
10-40-34-448 -14908 12764 15632 -5254 585 -3872
10-40-34-476 -13584 12988 13310 -5386 417 -3896
10-40-34-486 -10696 9982 9074 -4823 672 -3960
10-40-34-502 -8736 9040 7512 -4789 725 -3950
10-40-34-519 -6998 5434 6718 -4735 1129 -3643
10-40-34-528 -6302 4892 6914 -4640 712 -3585
10-40-34-537 -5742 4958 6290 -4261 804 -3437
10-40-34-569 -6154 2074 8308 -4135 139 -2992
10-40-34-586 -5874 322 7944 -3774 54 -3143
10-40-34-619 -6872 -862 7444 -3735 -165 -2709
10-40-34-630 -8424 -3694 234 -4012 588 -2668
10-40-34-640 -6176 -4864 -1882 -4014 1393 -2597
10-40-34-660 -3600 -6208 -5494 -4128 2132 -2591
10-40-34-672 8414 -5692 -15188 -2473 2671 -1958
10-40-34-686 10174 -5222 -14972 -2088 2183 -1822
10-40-34-694 11638 -4416 -14772 -1326 1978 -1318
10-40-34-798 9616 -3402 -8138 863 433 573
10-40-34-813 4462 -4088 -4872 960 -85 1076
10-40-34-824 1248 -3976 -3196 1563 -274 1170
10-40-34-844 -88 -3340 -3794 2731 -1012 2960
10-40-34-855 -116 -2404 -2770 2974 -1294 3422
10-40-34-864 -850 -1606 -1108 3227 -1153 3604
10-40-34-883 -5338 1850 3810 4376 -1978 3913
10-40-34-899 -5890 3034 4244 4710 -2459 3733
10-40-34-909 -6344 4872 3976 4783 -3079 3828
10-40-34-949 -11234 6886 5710 5301 -2431 4151
10-40-34-957 -12596 10002 10608 5275 -1937 3925
10-40-34-968 -12138 14168 12548 5733 -2365 3939
10-40-34-975 -13716 13780 16470 5978 -2033 3894
10-40-35-063 -17942 21318 20092 4748 1587 3708
10-40-35-093 -16500 20724 21062 4578 1534 3463
10-40-35-104 -16194 22412 22082 4301 1807 3619
10-40-35-133 -21626 19842 21528 1523 164 1235
10-40-35-140 -21946 17654 19740 1338 -516 1105
10-40-35-197 -23326 15448 17850 489 -737 424
10-40-35-209 -23512 13598 17566 -1598 -1289 -415
10-40-35-215 -23838 13296 17682 -2088 -946 -706
10-40-35-246 -19866 14076 16842 -4059 36 -3643
10-40-35-259 -19262 14166 16876 -4330 -112 -3533
10-40-35-266 -18108 13702 16208 -4546 -42 -3908
10-40-35-351 -16702 12232 15144 -4926 354 -3810
10-40-35-362 -16436 11948 14378 -4933 534 -4109
10-40-35-463 -15334 11486 13642 -4940 507 -4153
10-40-35-484 -14642 10480 11636 -4959 1352 -4021
10-40-35-495 -6760 6022 8802 -4285 947 -3775
10-40-35-520 -7020 5726 8496 -4379 714 -3873
10-40-35-534 -3760 -3188 1594 -2982 14 -2553
10-40-35-540 -3332 -4274 -1524 -2812 -353 -2637
10-40-35-557 -1808 -4780 -5732 -2897 -362 -2204
10-40-35-598 1796 -6920 -11374 -1994 893 -1659
10-40-35-616 2360 -6394 -11438 -1727 1373 -1022
10-40-35-628 4004 -6046 -12282 -1638 1498 -875
10-40-35-645 9912 -4862 -11174 -639 1469 273
10-40-35-691 2808 -4258 -5696 1927 -1006 1935
10-40-35-704 1622 -3906 -5550 2255 -1168 2429
10-40-35-714 344 -3182 -5256 2547 -1391 2636
10-40-35-734 -5226 2346 5280 3867 -1179 3951
10-40-35-747 -5042 4366 5998 3786 -1930 3766
10-40-35-755 -4234 6410 5930 4073 -2694 4134
10-40-35-785 -12020 9838 6956 4585 -3155 3766
10-40-35-793 -13550 11236 9100 4869 -2506 3572
10-40-35-800 -14514 12836 12988 4918 -2237 3472
10-40-35-827 -19848 16628 24064 5024 -1535 3710
10-40-35-838 -18126 17910 22618 5033 -1287 3641
10-40-35-843 -17288 18804 19622 5246 -587 3589
10-40-35-880 -18758 15856 10456 4390 2327 3103
10-40-35-922 -18600 16028 12046 3735 3106 3097
10-40-35-980 -18602 17790 16144 3300 3021 2799
10-40-36-000 -17122 22516 21072 3099 1895 3060
10-40-36-009 -17152 22992 21744 3119 428 3345
10-40-36-027 -24844 15368 15060 1216 -1338 1346
10-40-36-034 -22114 11580 16732 -1210 -145 -732
10-40-36-039 -22640 11248 15620 -1517 -256 -982
10-40-36-070 -23318 11628 15836 -1785 -598 -1270
10-40-36-093 -23332 11694 17702 -2197 -487 -2136
10-40-36-108 -23038 12546 18324 -2624 -836 -2219
10-40-36-134 -22716 13002 18348 -2539 -652 -2541
10-40-36-144 -23656 16146 18312 -3289 -488 -3605
10-40-36-154 -23194 16292 18920 -3568 -423 -3561
10-40-36-174 -22558 16766 19422 -3824 -587 -3730
10-40-36-185 -20030 16618 17752 -4659 292 -4058
10-40-36-194 -17870 14330 14594 -4694 252 -4072
10-40-36-214 -16046 11406 12120 -4689 638 -4394
10-40-36-229 -12134 7686 10540 -4533 97 -4351
10-40-36-237 -11526 7030 10836 -4538 -256 -4328
10-40-36-262 -11882 6700 11252 -4520 -545 -4405
10-40-36-275 -10396 4916 4258 -4425 874 -3928
10-40-36-280 -9346 3442 4178 -4189 1202 -3870
10-40-36-314 -7114 1754 4800 -3760 1845 -3857
10-40-36-327 -1550 1486 7612 -3702 1141 -3285
10-40-36-342 -1912 1652 8188 -3279 573 -3033
10-40-36-371 -1604 476 7104 -3348 47 -2761
10-40-36-390 -3558 -2226 8390 -3076 -1296 -2202
10-40-36-397 -4208 -3678 8940 -3151 -1651 -2328
10-40-36-469 -4990 -4332 9002 -3018 -1885 -2146
10-40-36-479 -4238 -5996 -2168 -3009 -181 -1417
10-40-36-554 -2786 -5914 -6606 -3121 210 -1223
10-40-36-576 -444 -5908 -11636 -2844 689 -1307
10-40-36-587 1142 -5548 -11292 796 -109 468
10-40-36-656 680 -5294 -10000 968 -127 711
10-40-36-727 714 -206 -1952 3481 817 3345
10-40-36-758 482 868 -120 3863 211 3596
10-40-36-770 -142 2156 1168 3712 -261 3578
10-40-36-789 -15474 11612 13768 4851 -1329 4544
10-40-36-805 -20246 16604 14670 4516 -1192 3965
10-40-36-816 -21368 17622 14874 4431 -299 3618
10-40-36-833 -21822 17092 15834 3982 717 3281
10-40-36-845 -17050 17872 18470 3846 2361 3460
10-40-36-863 -16030 20056 17364 3508 2077 3499
10-40-36-892 -16944 20664 16330 3583 1555 3536
10-40-36-902 -20694 21182 12718 3503 204 3240
10-40-36-912 -21972 20962 11934 3662 85 2972
10-40-36-927 -21920 20148 12244 3213 -362 2844
10-40-36-936 -22536 17134 18650 2522 -203 1552
10-40-36-944 -24568 15446 18998 2424 -134 991
10-40-36-958 -26002 12972 18208 1691 -329 663
10-40-36-966 -22432 10734 15174 -266 -172 -267
10-40-36-973 -23062 11480 15134 -860 -528 -578
10-40-36-999 -23794 11944 15878 -1351 -388 -681
10-40-37-016 -22264 14004 17010 -2200 -662 -1745
10-40-37-027 -22288 15218 16640 -2465 -726 -2318
10-40-37-049 -21970 15750 16706 -2709 -759 -2607
10-40-37-060 -21216 18000 16632 -3708 -1030 -3362
10-40-37-075 -21108 18726 16888 -3954 -768 -3309
10-40-37-106 -20472 19164 16768 -4188 -736 -3514
10-40-37-123 -19172 19588 16492 -4505 -610 -4190
10-40-37-133 -19394 19542 15892 -4604 -189 -3998
10-40-37-148 -18478 18728 14534 -4906 -356 -4067
10-40-37-158 -14614 14228 11834 -4482 -355 -4372
10-40-37-202 -13104 11884 9770 -4330 -196 -4175
10-40-37-214 -12464 8660 9618 -4463 -246 -3797
10-40-37-242 -12116 6818 10686 -4251 -195 -3891
10-40-37-272 -7128 5304 3882 -4234 506 -2984
10-40-37-281 -8254 3390 5082 -4449 714 -3187
10-40-37-301 -6080 1892 4588 -4470 1047 -3183
10-40-37-310 -4412 1676 8604 -3972 -113 -2733
10-40-37-324 -4508 2282 5464 -3932 -559 -2531
10-40-37-337 -4056 1412 2374 -3295 -874 -2276
10-40-37-350 -6188 -4040 6246 -3141 -1617 -2336
10-40-37-358 -6428 -4862 7744 -2952 -1867 -2000
10-40-37-384 -8732 -5322 7570 -2975 -1890 -2051
10-40-37-407 -10928 -6126 -2590 -3351 -185 -1409
10-40-37-417 -8656 -6314 -7224 -3343 611 -1564
10-40-37-439 -5246 -7626 -9632 -3134 1159 -1590
10-40-37-455 3818 -10322 -12086 -1781 1136 -1636
10-40-37-465 3186 -9100 -12994 -1420 626 -1176
10-40-37-483 2288 -7606 -14636 -920 145 -933
10-40-37-509 3298 -7106 -9512 210 184 -262
10-40-37-529 2252 -7134 -6534 846 355 293
10-40-37-557 1882 -7622 -4374 927 -107 538
10-40-37-576 -2876 -7292 -1356 1800 -471 1059
10-40-37-586 -3592 -6846 -1584 1919 -436 954
10-40-37-603 -3624 -6468 -2454 1769 -564 1345
10-40-37-612 -3656 -4704 -4102 2342 -86 1656
10-40-37-621 -3674 -4104 -3740 2289 243 1849
10-40-37-636 -2662 -3528 -3072 2516 469 1781
10-40-37-686 128 -3208 1390 3367 116 2597
10-40-37-705 34 -2344 1806 3299 -393 2522
10-40-37-716 -1310 -690 1430 3491 -1108 2931
10-40-37-754 -3662 2032 362 3990 -1397 2983
10-40-37-774 -5542 7742 4024 5160 -624 4145
10-40-37-790 -6698 9834 4628 5001 -518 4406
10-40-37-804 -8466 11446 4240 5112 -299 4653
10-40-37-812 -14876 15904 10732 5356 440 4992
10-40-37-818 -15156 20272 16770 5346 344 5092
10-40-37-828 -11006 28026 19478 5796 -773 5374
10-40-37-888 -27522 29444 17188 6327 -1628 5123
10-40-37-901 -30450 32511 19786 5984 -466 4365
10-40-37-908 -32400 32511 22242 5413 519 3573
10-40-37-925 -29080 29840 28804 4028 1912 2470
10-40-37-942 -16256 13330 13412 327 -704 773
10-40-37-954 -16224 13054 12084 -158 -932 426
10-40-38-024 -16210 13320 10762 -488 -963 567
10-40-38-061 -14868 13116 8394 -741 -713 271
10-40-38-086 -14200 12534 8124 -739 -823 -101
10-40-38-098 -14100 12124 8238 -678 -417 65
10-40-38-114 -10566 11248 7012 -545 -344 -259
10-40-38-134 -10574 11784 6818 -564 4 21
10-40-38-148 -9310 13078 7238 -459 165 20
10-40-38-162 -9056 12966 6898 -495 196 5
10-40-38-200 -8776 13356 6852 -783 217 -264
10-40-38-248 -8162 13432 7000 -874 567 2
10-40-38-263 -7936 13352 6914 -641 594 17
10-40-38-274 -7618 13174 7032 -668 614 45
10-40-38-293 -7536 12740 6780 -723 387 116
10-40-38-333 -7114 12420 5428 -1046 841 314
10-40-38-360 -6820 12426 5068 -764 873 326
10-40-38-384 -6676 12546 5456 -716 641 350
10-40-38-394 -6336 12414 5458 -866 649 158
10-40-38-420 -7150 11974 5724 -398 900 480
10-40-38-432 -8186 12510 5394 -221 1235 670
10-40-38-440 -8142 12866 5172 -190 1401 877
10-40-38-460 -7376 12694 5380 -142 1294 812
10-40-38-474 -7554 12630 5992 33 660 428
10-40-38-494 -7890 12584 5948 68 877 407
10-40-38-554 -7862 12656 5978 94 647 413
10-40-38-687 -7674 13054 6010 -111 905 776
10-40-38-729 -8040 13214 5926 -79 1009 814
10-40-38-738 -7886 13296 5970 -49 1355 838
10-40-38-749 -5390 16006 4392 -592 2629 788
10-40-38-760 -6454 16290 4046 -590 2622 804
10-40-38-768 -7220 16892 4124 -601 2286 786
10-40-38-782 -6694 18490 3272 -596 2362 856
10-40-38-789 -6172 17562 2734 -535 1984 884
10-40-38-796 -6422 17214 2554 -234 2072 872
