10-42-57-813 -4314 15358 -2188 14 -268 -263
10-42-57-822 -4304 15358 -2328 13 -272 -264
10-42-57-836 -4352 15278 -2394 12 -274 -262
10-42-57-856 -4322 15624 -2024 11 -273 -262
10-42-57-864 -4638 15292 -2198 -257 -269 -263
10-42-57-870 -4658 15300 -2404 -257 -267 -262
10-42-57-889 -4638 15304 -2198 -257 -266 -263
10-42-57-893 -4346 15298 -2402 -259 -281 -265
10-42-57-897 -4672 15330 -2206 -262 -281 -267
10-42-57-927 -4646 15288 -2184 -264 -278 -268
10-42-57-944 -4670 15298 -2410 -268 5 -268
10-42-57-948 -4274 15350 -2396 -267 8 -268
10-42-57-975 -4304 15342 -2182 -265 0 -268
10-42-57-999 -4658 15512 -2198 -264 -294 -266
10-42-58-009 -4634 15526 -2388 -266 -292 -262
10-42-58-037 -4658 15654 -2570 -268 -280 -262
10-42-58-128 -4640 15336 -2252 -273 8 -265
10-42-58-148 -4352 15320 -2280 -274 11 -269
10-42-58-159 -4276 15638 -2200 -274 10 -270
10-42-58-175 -4268 15660 -2244 -271 12 -266
10-42-58-196 -4314 15692 -2356 -264 11 -262
10-42-58-208 -4326 15316 -2412 -262 18 -260
10-42-58-218 -4260 15322 -2206 -263 23 -260
10-42-58-241 -4306 15624 -2314 -272 23 7
10-42-58-250 -4274 15686 -2332 -275 26 13
10-42-58-267 -4620 15658 -2400 -279 33 20
10-42-58-290 -4912 15670 -2374 -297 85 36
10-42-58-300 -4924 15742 -2378 -307 104 37
10-42-58-311 -4746 15902 -2236 -314 123 34
10-42-58-333 -4894 15872 -2158 -332 -70 17
10-42-58-350 -4486 15678 -2344 -340 -49 18
10-42-58-384 -4570 15304 -2428 -354 -22 28
10-42-58-418 -4522 15004 -2628 -131 347 82
10-42-58-438 -4592 15416 -2518 -133 374 96
10-42-58-455 -4578 15322 -2818 -129 380 99
10-42-58-479 -4256 15986 -2802 -315 273 65
10-42-58-491 -4246 16198 -3108 -278 -63 32
10-42-58-503 -4276 16246 -2816 21 105 -262
10-42-58-520 -4622 16174 -2732 110 -335 -354
10-42-58-534 -4288 15788 -2896 -107 -146 -137
10-42-58-550 -4228 15840 -2870 -76 -195 -171
10-42-58-591 -3470 16044 -2624 -2 -586 -519
10-42-58-606 -3114 16398 -2810 284 -397 -552
10-42-58-620 -2500 16626 -4432 370 -486 -590
10-42-58-634 -7492 20736 -7814 757 -1036 -1055
10-42-58-650 -9410 22094 -8950 1240 -1286 -1197
10-42-58-714 -9428 23484 -10684 2066 -1451 -1892
10-42-58-743 -12706 29382 -14074 4635 -3556 -3429
10-42-58-752 -16820 28718 -16324 5027 -4519 -3942
10-42-58-759 -19226 25880 -18554 5692 -5257 -4235
10-42-58-767 -24872 25464 -18304 5531 -4506 -4767
10-42-58-775 -23830 24684 -17560 5720 -3261 -4850
10-42-58-784 -23506 19138 -19024 5671 -1964 -5198
10-42-58-810 -17428 10670 -18088 5507 356 -5699
10-42-58-822 -18004 9086 -17108 5755 489 -5258
10-42-58-829 -17092 9500 -15598 5721 852 -5094
10-42-58-836 -15086 8910 -11172 5428 1583 -5004
10-42-58-843 -14230 8574 -8884 5021 1435 -5227
10-42-58-848 -15970 8002 -8862 4818 1871 -5165
10-42-58-857 -12396 7170 -4536 4379 1714 -4599
10-42-58-873 -12890 6414 -3954 4164 1939 -4558
10-42-58-882 -12040 6420 -2816 3735 2207 -4551
10-42-58-890 -10890 5084 -488 3672 2844 -4334
10-42-58-901 -9262 3808 1102 3270 2865 -4384
10-42-58-921 -8516 1842 1444 3063 2904 -4162
10-42-58-957 -4238 -1426 3034 2439 2835 -3606
10-42-58-969 -4456 -2080 3508 2219 2523 -3339
10-42-58-979 -3740 -2528 4080 1959 2628 -3098
10-42-58-995 -3020 -4198 4378 1255 2091 -2180
10-42-59-029 -2114 -4084 3526 1343 1731 -1991
10-42-59-036 -1758 -4648 4190 967 1749 -2112
10-42-59-050 -56 -5052 4408 489 2079 -1801
10-42-59-055 382 -5744 4216 586 1761 -1416
10-42-59-061 600 -5498 3434 166 1862 -1277
10-42-59-097 594 -5148 2180 -94 934 -974
10-42-59-152 290 -4484 1972 -113 1129 -971
10-42-59-209 178 -4208 1762 -112 1097 -998
10-42-59-227 -14 -3796 1724 -104 1150 -1353
10-42-59-235 2250 -4080 1468 -197 237 -938
10-42-59-258 3098 -7226 -1054 -449 676 -734
10-42-59-267 3694 -9928 -3208 -484 -80 -620
10-42-59-274 3594 -10802 -4016 -490 87 -569
10-42-59-294 3950 -11404 -5016 -475 69 -536
10-42-59-304 4210 -13204 -7378 -580 -119 -587
10-42-59-321 4510 -13882 -7714 -527 75 -622
10-42-59-353 5046 -14172 -7586 -238 -308 -385
10-42-59-367 6148 -14770 -7492 -532 -413 -587
10-42-59-373 6776 -15008 -8314 -613 -494 -538
10-42-59-393 6696 -15342 -8542 -429 -774 -224
10-42-59-399 6824 -16584 -11438 -643 -397 -376
10-42-59-409 7080 -17668 -12680 -693 -392 -342
10-42-59-444 7418 -18068 -13952 -709 -399 -301
10-42-59-468 8510 -20406 -16320 -491 -407 101
10-42-59-479 8882 -21688 -16956 -396 -634 118
10-42-59-541 8860 -23096 -17034 -560 -537 -116
10-42-59-575 9496 -26328 -18610 -382 8 -73
10-42-59-586 9094 -27274 -19814 -378 61 -38
10-42-59-598 8916 -27882 -19980 -384 92 -14
10-42-59-611 9542 -31892 -20216 -347 267 133
10-42-59-619 9014 -31684 -20880 -365 306 376
10-42-59-626 7898 -31046 -21270 -343 336 338
10-42-59-644 6902 -28120 -19708 39 82 -29
10-42-59-649 6438 -26506 -18320 -120 -302 -106
10-42-59-657 6532 -25006 -17394 -51 -136 88
10-42-59-689 6910 -22078 -16348 275 -58 53
10-42-59-704 7380 -20706 -15758 311 149 49
10-42-59-712 7292 -20002 -14554 376 565 67
10-42-59-785 6076 -17442 -11378 573 513 -69
10-42-59-805 5514 -16348 -9716 604 354 288
10-42-59-817 5022 -15536 -8740 596 -42 380
10-42-59-840 5164 -14038 -7158 231 101 546
10-42-59-848 436 -9164 -3574 515 240 151
10-42-59-854 -174 -8432 -2842 590 129 342
10-42-59-882 -820 -7784 -1988 385 -8 279
10-42-59-893 -736 -4834 94 467 12 13
10-42-59-913 -840 -4102 1098 480 -272 -328
10-42-59-943 -748 -2812 1560 483 -292 -147
10-42-59-953 -810 -1326 2278 466 -362 -533
10-42-59-961 -542 -468 2196 460 -168 -554
10-42-59-979 -826 -130 2408 449 -223 -560
10-42-59-995 -174 514 1682 399 -585 -559
10-43-00-002 62 408 1474 624 -619 -539
10-43-00-033 186 242 1582 585 -396 -253
10-43-00-040 1230 -1148 -264 169 -574 -326
10-43-00-045 1414 -1804 -478 130 -237 -257
10-43-00-079 1770 -2488 -904 349 -150 75
10-43-00-096 1492 -5522 -1572 271 101 -1
10-43-00-103 1420 -6496 -1652 -28 62 263
10-43-00-120 1258 -6916 -1652 -73 -291 -10
10-43-00-188 340 -6942 -1050 -281 -382 -301
10-43-00-199 42 -6292 -444 -353 -378 -196
10-43-00-227 274 -5862 108 -175 -375 -605
10-43-00-243 436 -5410 452 -615 -267 -837
10-43-00-253 402 -5150 -1990 -789 33 -808
10-43-00-270 840 -5006 -2680 -482 31 -479
10-43-00-288 1242 -5490 -2976 -423 54 -406
10-43-00-298 3072 -7738 -4774 -239 274 -149
10-43-00-308 3780 -8738 -5568 -188 374 -335
10-43-00-327 4628 -9398 -5816 -363 245 -308
10-43-00-374 5240 -12782 -3698 -87 617 34
10-43-00-386 5310 -14340 -3066 -79 234 87
10-43-00-392 5072 -15460 -3084 -121 288 -77
10-43-00-425 4790 -17436 -3314 -378 -250 330
10-43-00-431 5976 -21302 -9054 -1057 -769 285
10-43-00-436 6418 -21996 -10512 -1053 -467 -28
10-43-00-471 6970 -23542 -11426 -766 -455 -56
10-43-00-477 8146 -28060 -16122 -745 -789 272
10-43-00-489 8064 -28986 -17472 -1072 -859 328
10-43-00-522 7968 -30094 -18520 -1120 -893 261
10-43-00-533 6902 -32142 -20598 -498 -569 -263
10-43-00-538 7282 -32688 -20346 -514 -274 -134
10-43-00-566 7546 -32768 -19436 -301 -85 -173
10-43-00-668 7608 -32768 -18636 -82 -179 -270
10-43-00-688 8262 -32768 -18064 -81 -579 64
10-43-00-698 8412 -32768 -17630 -102 -460 113
10-43-00-706 8886 -32768 -17246 -107 -456 -118
10-43-00-765 5520 -19104 -11522 479 340 -358
10-43-00-780 5864 -18196 -10158 493 192 -304
10-43-00-787 5786 -17230 -9268 481 560 19
10-43-00-794 5380 -15192 -6572 425 455 -118
10-43-00-861 2282 -9680 -2456 436 268 319
10-43-00-877 2266 -8702 -2306 447 -39 321
10-43-00-890 2346 -7650 -1430 454 -54 320
10-43-00-908 1822 -6262 -168 447 -28 303
10-43-00-921 -858 -3562 518 247 -6 115
10-43-00-926 -526 -3624 558 227 -89 58
10-43-00-933 -266 -3588 396 213 90 12
10-43-00-957 682 -3362 504 214 -260 -326
10-43-00-973 1392 -3616 524 197 -257 -331
10-43-00-978 1478 -3954 324 186 6 -308
10-43-01-008 1430 -4290 100 364 -263 51
10-43-01-014 1258 -4880 -56 339 -303 83
10-43-01-023 1556 -5122 -98 317 -343 111
10-43-01-102 1218 -6260 626 -84 -346 -80
10-43-01-118 1184 -6502 586 99 -332 -71
10-43-01-126 1104 -6620 550 13 -306 -72
10-43-01-146 1332 -7302 570 -191 -268 -87
10-43-01-213 432 -7374 -142 -509 -297 37
10-43-01-239 436 -7160 -218 -771 -329 -280
10-43-01-250 880 -7042 -242 -770 -359 -334
10-43-01-267 514 -6768 -834 -498 -367 -184
10-43-01-290 -12 -4770 -680 -422 -380 -475
10-43-01-439 322 -4870 -862 -415 -130 -478
10-43-01-505 426 -4888 -492 -425 -130 -459
10-43-01-546 1590 -5310 -792 -472 -347 -610
10-43-01-555 2488 -9196 -3896 -862 -280 -288
10-43-01-567 6022 -24432 -13716 -587 -549 -287
10-43-01-573 7202 -30316 -15800 -581 -356 -158
10-43-01-579 7750 -31560 -16936 -600 -135 -156
10-43-01-592 7712 -32088 -17666 -393 -162 -133
10-43-01-597 9466 -32768 -17634 -628 -610 -528
10-43-01-612 10264 -32768 -17744 -524 -518 -367
10-43-01-634 9212 -32768 -18460 -225 -181 28
10-43-01-649 8316 -32768 -20080 -237 -543 -32
10-43-01-656 7934 -32768 -20088 -209 -557 -28
10-43-01-682 7320 -32768 -20134 -175 -559 -39
10-43-01-699 5112 -29220 -19310 15 -320 72
10-43-01-707 5158 -27752 -19016 88 49 23
10-43-01-740 4732 -26140 -18336 -101 -94 -275
10-43-01-776 4528 -21260 -14658 148 341 -354
10-43-01-790 4746 -19732 -12744 220 357 -346
10-43-01-810 5378 -18516 -10892 542 373 -313
10-43-01-852 5022 -15366 -7938 577 176 -73
10-43-01-862 4602 -14404 -7080 560 184 285
10-43-01-879 4192 -13186 -6494 552 200 371
10-43-01-890 2346 -10378 -4326 554 360 527
10-43-01-897 1540 -9624 -3952 578 279 550
10-43-01-904 938 -8882 -3146 612 -52 547
10-43-01-917 522 -7466 -1758 439 -116 231
10-43-01-940 344 -6752 -1352 462 -114 176
10-43-01-957 284 -6168 -800 469 -95 379
10-43-01-967 -290 -4790 1486 396 44 -2
10-43-01-977 -24 -4710 2560 602 -348 -23
10-43-01-993 76 -4400 2006 534 -235 -43
10-43-02-003 -1044 -3006 244 146 -602 65
10-43-02-013 -1048 -2704 -32 383 -589 -275
10-43-02-032 -1072 -2624 50 373 -571 -349
10-43-02-044 -172 -2428 -416 346 -627 -545
10-43-02-056 298 -2234 -720 327 -632 -576
10-43-02-088 844 -2662 -758 312 -601 -590
10-43-02-100 1542 -2688 164 262 -154 -583
10-43-02-111 1600 -2534 314 -21 -348 -565
10-43-02-134 1884 -2808 144 -63 -289 -527
10-43-02-146 560 -3542 194 20 8 -356
10-43-02-157 -42 -3598 304 -307 -324 -326
10-43-02-178 -282 -3186 390 -369 -152 -331
10-43-02-188 228 -2478 134 -584 -232 -195
10-43-02-203 494 -2530 36 -387 -178 -247
10-43-02-219 1026 -2694 -602 -435 -343 -540
10-43-02-237 1078 -3044 -1226 -486 46 -593
10-43-02-246 666 -3222 -1278 -474 63 -599
10-43-02-268 1126 -3468 -1220 -445 61 -598
10-43-02-289 1972 -6016 -1378 -450 112 -167
10-43-02-299 2318 -7212 -1722 -499 -58 -310
10-43-02-319 2880 -7904 -2390 -796 -1 43
10-43-02-336 3414 -10206 -3372 -647 -111 127
10-43-02-348 4216 -11614 -3736 -676 40 117
10-43-02-369 4728 -12852 -4844 -708 -273 -125
10-43-02-375 5084 -16804 -7918 -1068 74 -96
10-43-02-381 5184 -17992 -8886 -1082 65 -93
10-43-02-418 4732 -18550 -9616 -1061 5 -123
10-43-02-439 3722 -20082 -11866 -657 -582 -264
10-43-02-452 3250 -20736 -12606 -869 -584 -274
10-43-02-475 3398 -21832 -13438 -832 -233 -302
10-43-02-485 4910 -23786 -15428 -769 -302 -151
10-43-02-492 5264 -24522 -16132 -481 -316 -201
10-43-02-513 6174 -25906 -17012 -426 -341 -228
10-43-02-518 6902 -31166 -18408 -227 -295 -369
10-43-02-528 7520 -32768 -19346 -159 29 -300
10-43-02-561 8316 -32768 -20130 -340 77 21
10-43-02-572 7088 -32768 -19874 -261 76 -263
10-43-02-589 7880 -32768 -19326 43 21 -348
10-43-02-623 8032 -32768 -18772 65 -300 -316
10-43-02-633 7924 -32768 -19018 14 -563 -301
10-43-02-643 8598 -32768 -19458 -299 -416 -296
10-43-02-663 8422 -32768 -19532 -318 -433 -276
10-43-02-678 7738 -27852 -19008 -83 -171 -129
10-43-02-687 6636 -26200 -18504 303 -372 -150
10-43-02-708 6188 -24688 -17282 157 -305 -149
10-43-02-727 4674 -21066 -14572 235 -105 28
10-43-02-740 4316 -19456 -13540 234 -101 88
10-43-02-764 4336 -18544 -12686 252 -89 125
10-43-02-779 4982 -15828 -9576 609 190 -77
10-43-02-792 4520 -15682 -8450 631 538 -31
10-43-02-817 4032 -14790 -7324 636 585 280
10-43-02-866 2644 -12524 -4734 558 189 198
10-43-02-887 2310 -11894 -3448 540 323 227
10-43-02-898 1532 -10662 -2698 542 -43 227
10-43-02-914 736 -8690 -2042 574 -95 379
10-43-03-008 -904 -3838 394 424 -258 -142
10-43-03-018 -718 -3294 718 413 -359 -210
10-43-03-033 -1084 -2906 940 636 -173 -519
10-43-03-052 -880 -1808 1496 583 -530 -624
10-43-03-071 2134 -574 -812 323 -332 -483
10-43-03-082 2486 -964 -504 307 11 -405
10-43-03-092 2550 -1504 -550 286 91 -563
10-43-03-151 1652 -2994 2 -72 -88 -299
10-43-03-208 1096 -3430 212 -108 79 28
10-43-03-224 270 -2964 388 109 -269 61
10-43-03-230 -736 -2412 504 14 -167 -275
10-43-03-249 68 -1534 -278 -403 -333 -574
10-43-03-256 2528 -4460 -2818 -843 374 -186
10-43-03-261 3362 -5230 -2836 -807 190 -366
10-43-03-307 3758 -6250 -2734 -787 567 -292
10-43-03-316 5248 -10374 -3170 -448 656 40
10-43-03-346 6004 -12340 -2526 -417 865 16
10-43-03-379 6494 -14262 -2654 -411 456 17
10-43-03-393 5908 -16886 -2764 -441 322 114
10-43-03-408 5882 -17718 -3250 -459 88 -109
10-43-03-415 5870 -17802 -3560 -771 -383 -45
10-43-03-422 5964 -19474 -5170 -645 -783 -20
10-43-03-446 5706 -25592 -10224 -983 -1106 123
10-43-03-452 7080 -28348 -12566 -1294 -1016 123
10-43-03-458 7938 -31330 -15358 -1348 -1302 -96
10-43-03-499 7712 -32768 -23874 -951 -504 -243
10-43-03-525 7296 -32768 -24576 -733 -515 -552
10-43-03-544 8232 -32768 -24982 -459 -225 -621
10-43-03-563 10508 -32768 -25636 70 -646 -625
10-43-03-569 10930 -32768 -25184 86 -882 -584
10-43-03-576 11716 -32768 -23866 113 -828 -539
10-43-03-593 12856 -32768 -21196 51 -558 -210
10-43-03-598 11604 -32768 -20896 36 -173 -206
10-43-03-608 10606 -32320 -20456 48 13 -238
10-43-03-687 6606 -26914 -19284 -85 312 -237
10-43-03-702 5718 -24852 -19046 -41 349 -249
10-43-03-761 4572 -23042 -17922 293 342 -254
10-43-03-802 5374 -18910 -15110 516 318 -532
10-43-03-812 7442 -14946 -9166 484 129 65
10-43-03-818 5272 -11658 -5472 513 139 592
10-43-03-826 5304 -11214 -4652 513 316 408
10-43-03-842 4612 -10492 -3678 247 281 476
10-43-03-857 1824 -8428 -2650 514 343 437
10-43-03-866 696 -7696 -2936 515 153 614
10-43-03-875 -8 -6818 -2886 557 207 523
10-43-03-924 90 -4534 128 770 291 -17
10-43-04-024 -510 -4168 1112 796 -92 -25
10-43-04-123 -1130 -3670 2106 778 -257 -101
10-43-04-183 -2058 -2690 2492 436 -580 -260
10-43-04-198 -944 -572 1620 540 -490 -602
10-43-04-205 2266 -3104 384 520 -251 -153
10-43-04-236 488 -5610 -246 -180 -502 336
10-43-04-248 2164 -5506 -1262 -747 -303 -326
10-43-04-256 2584 -6528 -1136 -1068 29 -291
10-43-04-272 2586 -6580 -944 -1126 109 16
10-43-04-338 3060 -8342 -2258 -1134 349 261
10-43-04-351 2924 -8882 -2806 -1118 379 335
10-43-04-374 2432 -9102 -3342 -1089 331 348
10-43-04-393 1704 -10132 -2534 -765 58 322
10-43-04-404 2560 -14830 -6092 -1098 28 266
10-43-04-419 3238 -15720 -7198 -1123 5 276
10-43-04-435 3424 -16392 -7854 -1135 -360 279
10-43-04-445 3126 -18330 -10138 -747 -423 -84
10-43-04-460 3372 -19304 -10400 -697 -456 -117
10-43-04-482 2972 -20010 -11190 -680 -441 123
10-43-04-492 3708 -22024 -13992 -713 -534 92
10-43-04-502 3862 -23226 -14072 -708 -563 111
10-43-04-526 4122 -25210 -14976 -695 -405 110
10-43-04-535 4092 -28786 -18416 -692 -788 34
10-43-04-550 4010 -29952 -20318 -720 -638 1
10-43-04-569 3896 -31856 -21592 -677 -350 -337
10-43-04-580 4684 -32768 -22026 -551 413 -429
10-43-04-593 5736 -32768 -20978 -178 568 -452
10-43-04-625 6190 -32768 -20576 -360 346 -437
10-43-04-640 7622 -32768 -21390 -321 -242 -542
10-43-04-651 7454 -32768 -22044 -301 -556 -223
10-43-04-684 6888 -32768 -21248 -281 -249 -185
10-43-04-691 7266 -31012 -20106 78 4 -574
10-43-04-700 6736 -29178 -19716 -116 92 -592
10-43-04-713 6244 -27326 -19072 -35 -126 -609
10-43-04-806 4788 -22114 -16096 206 -330 -551
10-43-04-844 4784 -20812 -15522 254 -140 -248
10-43-04-853 5330 -19728 -15112 551 -129 -186
10-43-04-862 5354 -17682 -13766 587 117 -270
10-43-04-874 3338 -9928 -7168 1057 -57 628
10-43-04-880 2254 -9204 -6388 1088 378 634
10-43-04-885 1222 -8580 -4804 1100 532 599
10-43-04-908 -502 -7528 -1278 1060 387 206
10-43-04-913 -1090 -6838 110 746 582 377
10-43-04-926 -452 -6764 806 658 144 280
10-43-04-976 -236 -3764 1540 812 -350 57
10-43-04-992 -956 -2796 1938 822 -302 -329
10-43-05-004 -1024 -2194 2440 816 93 -233
10-43-05-046 -1868 -1400 3266 590 -88 -439
10-43-05-064 -1894 -1006 3236 250 24 -493
10-43-05-072 -992 -804 3230 161 -159 -771
10-43-05-079 -744 68 3088 269 -462 -788
10-43-05-098 1680 -588 976 127 -625 -404
10-43-05-111 2132 -1350 910 74 -573 -538
10-43-05-116 2188 -2162 994 5 -515 -151
10-43-05-224 2400 -4462 1506 -240 -203 -14
10-43-05-232 1916 -4708 1556 -586 -525 340
10-43-05-243 726 -4268 1088 -412 -612 381
10-43-05-254 -158 -4164 246 -783 -500 294
10-43-05-260 -106 -4138 -1942 -1076 -514 -513
10-43-05-265 588 -4630 -2560 -1106 -149 -525
10-43-05-297 754 -4828 -3116 -1116 -299 -256
10-43-05-318 1490 -6296 -3324 -1056 -92 -178
10-43-05-329 1424 -7242 -3698 -738 262 -139
10-43-05-349 1532 -7728 -3720 -676 330 -370
10-43-05-362 1736 -9660 -3004 -800 -94 -272
10-43-05-373 2166 -10284 -3314 -800 75 9
10-43-05-396 2632 -10834 -3648 -840 0 30
10-43-05-404 4612 -12944 -4786 -1028 -370 106
10-43-05-412 5158 -14056 -5388 -1070 -142 115
10-43-05-441 5292 -15304 -6318 -1118 -195 -120
10-43-05-452 4880 -17850 -11690 -911 -410 -46
10-43-05-470 3806 -18622 -13356 -915 -475 -13
10-43-05-509 3586 -19342 -14028 -897 -779 -3
10-43-05-519 3264 -22434 -16530 -1108 -396 -105
10-43-05-530 3958 -24712 -16956 -1089 -553 113
10-43-05-547 3902 -27054 -17696 -1049 -182 79
10-43-05-588 4878 -32768 -22766 -713 -274 -363
10-43-05-604 5114 -32768 -25330 -733 -279 -183
10-43-05-613 5570 -32768 -27212 -1028 20 -228
10-43-05-630 7028 -32768 -29728 -787 260 -637
10-43-05-680 8742 -32768 -23484 321 -666 -211
10-43-05-700 8846 -32768 -23676 296 -906 -166
10-43-05-710 9666 -32768 -23838 -20 -929 -153
10-43-05-717 9562 -30420 -23048 80 -251 -330
10-43-05-736 3150 -20256 -16320 323 160 -572
10-43-05-759 3106 -18582 -15552 145 -6 -524
10-43-05-766 3670 -17358 -14782 228 -81 -204
10-43-05-790 4620 -13912 -12106 429 213 43
10-43-05-799 4288 -12778 -10676 483 232 91
10-43-05-810 4158 -11990 -9418 775 209 -111
10-43-05-845 3328 -10252 -6694 506 333 324
10-43-05-855 3330 -9122 -6012 480 302 131
10-43-05-867 3446 -8730 -5468 463 285 196
10-43-05-886 2172 -6404 -2774 494 130 583
10-43-05-894 1788 -5904 -1462 775 159 581
10-43-05-903 1590 -5044 -776 794 160 573
10-43-05-932 -844 -4130 94 837 -63 152
10-43-05-946 -764 -3576 352 869 43 341
10-43-05-954 -1122 -3308 588 641 -363 257
10-43-05-981 -454 -3174 1576 671 -252 61
10-43-05-994 -352 -2872 1916 895 -528 -281
10-43-06-002 -98 -2460 2008 841 -523 -355
10-43-06-028 -814 -2034 646 596 -244 -531
10-43-06-040 -1076 -2146 748 550 -513 -614
10-43-06-048 -472 -1920 654 231 -539 -421
10-43-06-076 186 -1168 -82 293 -639 -456
10-43-06-091 954 -1574 64 -19 -614 -425
10-43-06-100 1440 -1516 -152 -70 -534 -624
10-43-06-128 2042 -2776 290 27 -279 -344
10-43-06-155 1976 -3546 158 -314 55 16
10-43-06-172 2080 -4080 -62 -141 103 -127
10-43-06-190 790 -4912 -472 -627 -330 336
10-43-06-203 -62 -4656 -714 -400 -381 300
10-43-06-216 -680 -4078 -820 -417 -147 -30
10-43-06-234 -534 -3392 -1574 -437 -178 -375
10-43-06-246 -128 -3644 -1894 -488 -372 -161
10-43-06-259 58 -3928 -2420 -805 -294 -176
10-43-06-284 678 -5254 -3344 -655 -43 -365
10-43-06-296 736 -5524 -3224 -665 281 -341
10-43-06-322 896 -5706 -3650 -641 292 -337
10-43-06-331 2020 -6798 -3292 -479 292 -335
10-43-06-338 2484 -7592 -3290 -451 367 -313
10-43-06-345 2740 -8414 -3176 -433 177 -279
10-43-06-370 3328 -9948 -1892 -467 146 56
10-43-06-381 3236 -11058 -1248 -788 270 107
10-43-06-402 3746 -11510 -1088 -853 65 -103
10-43-06-431 5012 -13298 -3090 -1148 -834 129
10-43-06-439 5456 -14052 -4810 -980 -705 197
10-43-06-457 5122 -14314 -7526 -1317 -730 245
10-43-06-472 3242 -17748 -11750 -1368 -799 608
10-43-06-479 2428 -19508 -13576 -1346 -794 632
10-43-06-491 1820 -21234 -15458 -1287 -829 618
10-43-06-511 2244 -27842 -21498 -901 -757 193
10-43-06-529 2290 -30604 -24186 -909 -878 133
10-43-06-540 2870 -32768 -26596 -1140 -411 302
10-43-06-573 3074 -32768 -31196 -632 -55 -349
10-43-06-583 2800 -32768 -31158 -131 357 -164
10-43-06-592 3304 -32768 -31362 109 374 -236
10-43-06-623 3176 -32768 -27308 210 -296 -521
10-43-06-632 3816 -32768 -26380 176 -382 -560
10-43-06-643 5076 -32768 -24248 137 -158 -591
10-43-06-675 6236 -31458 -20086 290 129 -526
10-43-06-685 5082 -29880 -18414 260 621 -523
10-43-06-694 4246 -28276 -17550 -18 475 -548
10-43-06-713 3046 -22492 -15660 323 164 -394
10-43-06-724 3204 -21128 -14918 361 -10 -397
10-43-06-741 3852 -20300 -13558 145 -96 -625
10-43-06-775 4316 -17840 -13132 240 -16 -254
10-43-06-786 4356 -16820 -12454 531 342 -173
10-43-06-807 4022 -16192 -12004 583 135 -374
10-43-06-822 3370 -13756 -9428 478 296 37
10-43-06-828 2734 -13378 -8784 511 -34 81
10-43-06-833 2576 -12898 -7654 769 -89 -125
10-43-06-863 1234 -10298 -6428 405 -14 -1
10-43-06-873 1052 -9118 -5738 638 305 -1
10-43-06-883 786 -8414 -4966 628 351 -28
10-43-06-914 252 -6684 -2832 444 142 74
10-43-06-926 186 -5770 -2406 469 383 27
10-43-06-937 96 -5390 -1556 481 357 -264
10-43-06-964 -46 -3678 816 473 116 -376
10-43-06-982 364 -2990 746 453 15 -139
10-43-06-996 286 -2436 762 410 -322 -167
10-43-07-013 -1060 -1552 432 618 -352 -612
10-43-07-023 -948 -1058 532 605 -324 -456
10-43-07-031 -1288 -404 168 601 -309 -804
10-43-07-061 -700 -212 -736 533 -200 -842
10-43-07-070 -368 -228 -1120 233 -239 -797
10-43-07-079 398 -564 -742 173 -240 -478
10-43-07-112 2200 -874 138 -29 -346 -236
10-43-07-122 2528 -1174 464 -118 -279 -132
10-43-07-132 2786 -1892 754 64 7 -288
10-43-07-154 1734 -2730 1658 -352 67 -92
10-43-07-171 1094 -2742 1276 -193 110 -35
10-43-07-186 526 -3142 1036 -551 123 -12
10-43-07-202 558 -2982 462 -496 -323 -66
10-43-07-209 -96 -3440 150 -815 -291 -120
10-43-07-216 -58 -3246 -208 -849 -270 57
10-43-07-245 522 -3868 -1938 -819 -270 -363
10-43-07-261 568 -3762 -1954 -787 -261 -140
10-43-07-268 862 -4378 -2098 -498 21 -161
10-43-07-308 2410 -6310 -2720 -390 -112 -371
10-43-07-323 2328 -7754 -3046 -622 -39 -312
10-43-07-335 2142 -8532 -3624 -596 262 -274
10-43-07-351 3654 -9682 -2592 -631 -91 6
10-43-07-362 4348 -10846 -2622 -417 104 27
10-43-07-372 5514 -11826 -2544 -438 71 69
10-43-07-393 6978 -14868 -4186 -510 -267 -53
10-43-07-409 6288 -16028 -5214 -819 -360 257
10-43-07-417 5592 -17224 -6128 -860 -216 300
10-43-07-449 4076 -19246 -9826 -895 -790 369
10-43-07-467 4046 -20030 -11130 -890 -820 369
10-43-07-478 4010 -20670 -12102 -886 -816 370
10-43-07-500 4734 -24442 -13740 -642 -508 327
10-43-07-509 4270 -26174 -15938 -667 -769 269
10-43-07-518 3790 -28018 -18140 -686 -510 -69
10-43-07-553 2292 -32768 -23456 -757 -542 31
10-43-07-563 2866 -32768 -25040 -739 -243 14
10-43-07-573 4366 -32768 -27296 -688 -588 -304
10-43-07-606 8964 -32768 -30150 -567 -692 -827
10-43-07-615 8930 -32768 -29614 -182 -567 -721
10-43-07-621 10644 -32768 -28928 -274 -91 -1039
10-43-07-639 12314 -32768 -22356 -35 441 -493
10-43-07-649 11838 -32768 -19930 -12 220 -477
10-43-07-667 11138 -32322 -18158 -10 279 -449
10-43-07-696 7604 -25722 -15006 -57 -92 -226
10-43-07-708 6770 -23636 -15454 -124 -13 -236
10-43-07-734 5972 -21486 -15894 68 374 -241
10-43-07-753 3474 -16996 -14894 -43 437 -574
10-43-07-764 4208 -15590 -13320 326 419 -628
10-43-07-784 4714 -14742 -11516 173 587 -634
10-43-07-804 5946 -12718 -7676 604 334 -145
10-43-07-815 6356 -11898 -7290 618 324 -260
10-43-07-835 6498 -11062 -6180 598 319 -94
10-43-07-854 4304 -8954 -4460 549 315 186
10-43-07-864 3962 -8546 -3840 547 277 236
10-43-07-881 3088 -7960 -3598 559 -41 534
10-43-07-897 1198 -6726 -2884 581 86 568
10-43-07-907 696 -5794 -2568 595 8 555
10-43-07-918 402 -5266 -2010 625 -325 525
10-43-07-944 -664 -3874 -1176 439 -377 315
10-43-07-953 -1088 -3430 -1342 459 -129 -37
10-43-07-962 -1178 -2704 -914 465 -129 -125
10-43-07-982 -732 -2418 286 434 -130 -358
10-43-07-996 -870 -2048 570 389 -132 -139
10-43-08-003 -796 -1924 246 606 -144 -183
10-43-08-031 -802 -1492 -326 215 -221 -532
10-43-08-043 -870 -1578 -158 192 -213 -564
10-43-08-057 -6 -1454 82 179 -208 -597
10-43-08-092 2146 -1896 -222 380 -161 -549
10-43-08-107 1962 -2314 -400 345 -340 -242
10-43-08-120 2164 -2606 -166 310 12 -186
10-43-08-136 2336 -3702 726 84 124 74
10-43-08-145 2324 -3788 744 -282 47 -84
10-43-08-153 2110 -4224 966 -140 -276 257
10-43-08-174 -540 -3704 802 -406 -333 269
10-43-08-190 -954 -3672 326 -474 -378 -79
10-43-08-199 -1268 -3424 -246 -774 -191 62
10-43-08-221 -1350 -3338 -2864 -662 -207 -238
10-43-08-235 -138 -3700 -3860 -666 -367 -574
10-43-08-243 1146 -3906 -4588 -878 21 -614
10-43-08-273 2084 -4756 -5056 -775 361 -584
10-43-08-287 2230 -5924 -5002 -457 524 -566
10-43-08-296 2842 -6136 -5272 -639 401 -544
10-43-08-320 3950 -8494 -5216 -364 469 -244
10-43-08-338 4224 -9298 -4248 -313 511 -219
10-43-08-348 4460 -9934 -2812 -315 836 -199
10-43-08-370 6218 -14100 -848 -622 830 -143
10-43-08-387 6680 -15386 -1560 -465 449 -348
10-43-08-396 6556 -15922 -2418 -500 521 -319
10-43-08-424 5878 -15778 -4546 -437 -196 -341
10-43-08-434 6020 -16438 -5764 -397 -400 -347
10-43-08-462 6656 -17214 -7264 -628 -783 -322
10-43-08-488 7558 -22080 -8876 -425 -884 81
10-43-08-497 8126 -23638 -9710 -443 -716 -116
10-43-08-509 8454 -25714 -11150 -474 -1100 -40
10-43-08-523 7992 -32768 -18586 -878 -1073 -36
10-43-08-530 8204 -32768 -23468 -870 -761 74
10-43-08-537 9568 -32768 -27066 -787 -666 -349
10-43-08-561 12366 -32768 -27762 -136 -145 -549
10-43-08-566 13718 -32768 -26386 0 -305 -539
10-43-08-575 15254 -32768 -24412 76 -309 -559
10-43-08-620 16282 -32768 -22022 -114 -253 -221
10-43-08-631 16238 -32768 -20472 -101 -514 -224
10-43-08-653 16338 -32768 -19258 -121 -150 -513
10-43-08-671 11346 -30700 -16640 -327 343 -377
10-43-08-678 9458 -27428 -16216 -336 338 -205
10-43-08-685 8498 -24358 -14582 -268 -18 -555
10-43-08-757 6470 -19124 -13178 47 -309 -429
10-43-08-771 6944 -17944 -13560 77 -343 -611
10-43-08-823 6464 -16014 -13670 114 18 -226
10-43-08-836 7570 -13880 -11316 -34 -9 -353
10-43-08-844 7082 -12026 -8030 626 -285 558
10-43-08-854 6188 -11622 -7314 446 28 421
10-43-08-859 4766 -10770 -6858 503 44 498
10-43-08-870 1146 -8494 -4200 832 -277 509
10-43-08-876 680 -7806 -3694 877 -298 419
10-43-08-881 1340 -7204 -3002 670 -317 569
10-43-08-904 1146 -4598 -180 1029 -139 265
10-43-08-923 -608 -4172 -2 749 -373 -125
10-43-08-934 -2148 -3364 74 711 -366 -275
10-43-08-957 -1770 -2266 -1352 876 -336 -574
10-43-08-969 -2012 -1788 -2030 857 -324 -388
10-43-08-986 -2172 -1190 -2220 893 -317 -502
10-43-09-006 -200 -820 -1226 666 -323 -891
10-43-09-025 340 -730 -1210 643 -297 -896
10-43-09-038 408 -1034 -1396 891 -297 -663
10-43-09-058 2320 -2814 164 814 -323 -849
10-43-09-070 2484 -3802 170 494 -359 -796
10-43-09-103 3080 -4632 134 424 -148 -490
10-43-09-123 4886 -6944 972 144 -594 -248
10-43-09-141 5994 -7886 1206 -6 -389 -370
10-43-09-153 6784 -9416 1308 107 -637 93
10-43-09-170 6712 -12324 -768 -420 -578 565
10-43-09-180 6518 -12836 -1672 -792 -549 432
10-43-09-193 6520 -13030 -2182 -872 -530 784
10-43-09-216 6456 -14856 -580 -743 -634 1026
10-43-09-225 5608 -14528 374 -1092 -490 1080
10-43-09-239 5160 -14128 -30 -927 -692 1087
10-43-09-255 3878 -10622 1094 -1191 -1244 1055
10-43-09-266 3322 -9806 2084 -1596 -1631 1068
10-43-09-274 3414 -9224 2918 -1797 -1796 1108
10-43-09-295 3262 -6226 3896 -2577 -2354 1229
10-43-09-300 4616 -4976 4028 -2869 -2251 1437
10-43-09-314 5722 -3960 4648 -2947 -2621 1783
10-43-09-343 5484 -332 7020 -4435 -2476 3065
10-43-09-363 4430 824 7162 -4879 -2484 3491
10-43-09-375 3052 1742 5976 -5030 -2536 4144
10-43-09-402 3196 4648 2726 -5744 -3092 4583
10-43-09-414 1920 6056 1856 -5980 -3003 5181
10-43-09-427 -560 7794 -372 -6224 -3239 5381
10-43-09-448 -4114 11314 -3704 -6278 -4320 5846
10-43-09-457 -6332 11574 -2566 -6343 -4705 6020
10-43-09-466 -11194 12778 -1532 -6742 -4653 6016
10-43-09-489 -17068 21340 -2994 -6972 -4601 6024
10-43-09-506 -16124 21586 296 -7295 -4311 6106
10-43-09-518 -13972 24986 3070 -7446 -3984 6144
