10-41-16-107 -15450 7034 2422 32 -331 -330
10-41-16-150 -14820 6732 2424 49 -360 -342
10-41-16-159 -14772 6662 2244 58 -377 -345
10-41-16-169 -14864 6704 2294 67 -136 -345
10-41-16-195 -14528 6626 2240 82 -346 -358
10-41-16-204 -14666 6940 2300 88 -314 -360
10-41-16-210 -14264 6624 2574 95 -286 -357
10-41-16-238 -13712 6710 2840 114 -277 -334
10-41-16-249 -13742 6746 2880 123 -285 -320
10-41-16-265 -13928 6710 2554 -126 -293 -308
10-41-16-273 -13920 6778 2930 -111 -315 -285
10-41-16-286 -13922 6700 2718 -105 -324 -276
10-41-16-299 -13708 6774 2806 -105 -323 -267
10-41-16-312 -14092 6712 3172 -109 -309 14
10-41-16-320 -13774 6570 2966 -113 -299 18
10-41-16-357 -13818 6604 2982 -114 -292 25
10-41-16-364 -14102 6928 3338 -116 -286 51
10-41-16-372 -14020 6822 3062 -120 -288 62
10-41-16-396 -14342 6820 2970 -122 -292 69
10-41-16-411 -14718 6988 3068 -128 -279 84
10-41-16-417 -14516 6568 3056 -128 -263 84
10-41-16-431 -14554 6624 2974 122 21 91
10-41-16-464 -14966 6968 3006 116 80 92
10-41-16-483 -14772 6814 3054 111 46 82
10-41-16-503 -15138 6872 2970 105 9 73
10-41-16-515 -15354 6976 3098 90 24 48
10-41-16-538 -15250 6996 3174 83 52 33
10-41-16-569 -15460 7026 2964 73 67 19
10-41-16-633 -15454 7232 2792 46 46 -261
10-41-16-650 -15414 6838 2808 43 37 -270
10-41-16-659 -15396 6842 3104 41 23 -281
10-41-16-682 -15420 6590 2762 38 -257 -301
10-41-16-696 -14528 6378 2266 -259 49 -363
10-41-16-703 -14652 6664 2618 -257 52 -361
10-41-16-744 -14276 6766 2374 -257 36 -335
10-41-16-757 -14008 6606 2324 8 2 -338
10-41-16-766 -14284 6630 1932 11 -301 -339
10-41-16-784 -14304 6600 1988 42 0 -338
10-41-16-795 -14354 6536 2346 52 32 -331
10-41-16-813 -14172 6540 2418 62 44 -325
10-41-16-860 -14100 6532 2848 106 5 -296
10-41-16-870 -13760 6566 2600 95 -288 -274
10-41-16-880 -13766 6778 2482 101 -304 -259
10-41-16-893 -14068 6546 2526 97 -301 14
10-41-16-899 -14378 6772 2532 90 -286 18
10-41-16-906 -14452 6534 2858 82 -280 19
10-41-16-928 -14218 6544 2686 71 -308 25
10-41-16-933 -14672 6528 2464 73 -330 24
10-41-16-943 -14486 6918 2838 77 -328 26
10-41-16-996 -14892 6918 2498 79 -308 30
10-41-17-013 -14580 7030 2580 75 -292 26
10-41-17-022 -14890 6976 2652 73 -284 21
10-41-17-035 -14960 6972 2892 73 -290 15
10-41-17-043 -14744 7014 2444 75 -285 20
10-41-17-048 -15106 7036 2540 77 -282 23
10-41-17-072 -14810 6974 2522 90 -266 5
10-41-17-089 -15052 6620 2484 90 -262 3
10-41-17-099 -15082 6606 2824 88 7 0
10-41-17-121 -15082 6768 2552 82 16 -279
10-41-17-136 -15412 6728 2858 79 6 -290
10-41-17-143 -15084 6774 2534 75 -257 -302
10-41-17-167 -15640 6588 2706 59 19 -318
10-41-17-227 -15306 6556 2750 61 46 -326
10-41-17-247 -15636 6782 2780 55 46 -337
10-41-17-254 -15762 6566 2490 53 29 -350
10-41-17-273 -16434 6716 2854 -289 -120 -208
10-41-17-279 -16052 6748 2844 -318 -106 -240
10-41-17-285 -16238 6690 2774 -330 -109 -525
10-41-17-313 -16096 6464 2866 -342 122 -563
10-41-17-323 -16388 6526 2796 -334 -54 -569
10-41-17-328 -16388 6526 2494 -329 284 -578
10-41-17-368 -16446 6554 2322 -358 252 -609
10-41-17-387 -16464 6742 1704 -363 431 -611
10-41-17-404 -16370 6404 1472 -373 872 -605
10-41-17-434 -16152 5674 1708 -229 1047 -405
10-41-17-445 -15528 5978 2130 -254 654 -417
10-41-17-462 -15864 5996 1746 -222 493 -411
10-41-17-481 -17370 5322 1374 -366 455 -438
10-41-17-493 -18212 5290 1596 -364 648 -448
10-41-17-508 -18574 5480 1240 -135 910 -457
10-41-17-528 -19120 4958 460 -211 2042 -455
10-41-17-539 -19308 4498 148 -246 2627 -454
10-41-17-550 -20094 4430 -42 -533 2915 -782
10-41-17-574 -18282 5100 -1298 -256 2865 -888
10-41-17-589 -17054 5196 -1868 -217 2236 -717
10-41-17-607 -16628 5006 -2514 -184 2062 -1093
10-41-17-626 -16540 4954 -3408 -157 1304 -1139
10-41-17-634 -17246 4418 -3058 -199 1320 -900
10-41-17-641 -17396 4274 -3602 -231 1169 -917
10-41-17-656 -13768 4566 -1562 -173 1873 -995
10-41-17-674 -13062 5406 2 -384 1847 -944
10-41-17-685 -12220 5044 1576 -311 1518 -1119
10-41-17-703 -16340 1976 4516 -140 1145 -576
10-41-17-722 -18514 2932 5562 -631 816 -539
10-41-17-755 -21180 4000 7496 -780 239 -216
10-41-17-769 -29472 2070 9062 -539 210 -409
10-41-17-807 -32414 -878 10360 -532 878 -740
10-41-17-818 -32768 -3232 10158 -806 1181 -1381
10-41-17-844 -28490 2040 10152 -1996 2368 -2271
10-41-17-856 -27862 3882 11116 -2221 2332 -2493
10-41-17-875 -28542 4596 11536 -2435 2141 -2883
10-41-17-887 -29528 12634 10002 -3444 1536 -3605
10-41-17-894 -28216 15674 9234 -3626 1296 -3939
10-41-17-902 -27578 17906 8312 -3531 735 -3969
10-41-17-941 -30174 30018 4912 -4703 331 -4967
10-41-18-044 -29566 32511 3330 -4729 337 -4990
10-41-18-145 -27622 32511 1486 -4334 146 -4801
10-41-18-204 -21664 32511 1776 -4304 166 -5418
10-41-18-213 -12046 32511 -5884 -4461 280 -5907
10-41-18-223 -3898 13878 -16706 -2711 -2819 -2735
10-41-18-255 2264 6372 -32768 -2038 299 -940
10-41-18-266 4544 7520 -32768 -1762 58 -981
10-41-18-283 5218 7292 -32768 -1442 -420 -1058
10-41-18-312 994 6334 -32768 -388 -890 13
10-41-18-344 976 7442 -32768 -274 -779 -10
10-41-18-361 -4240 7374 -32768 -35 -188 603
10-41-18-370 -3080 7644 -32768 473 1150 944
10-41-18-404 -3846 16902 -32768 2706 159 1852
10-41-18-416 -5380 16308 -31762 3367 284 1748
10-41-18-430 -6926 16646 -29250 3632 342 2114
10-41-18-441 -6282 20904 -19588 4002 528 2189
10-41-18-450 -6558 22808 -16208 4278 138 2296
10-41-18-466 -7448 24362 -12978 4565 -5 2641
10-41-18-481 -10606 25566 -8038 5393 -79 2781
10-41-18-504 -11490 26248 -5870 5446 303 3193
10-41-18-534 -13250 27802 -5096 5376 528 3027
10-41-18-547 -14452 32511 -2392 4783 660 3211
10-41-18-555 -13982 32511 -1024 4778 665 3327
10-41-18-563 -13850 32511 286 4842 461 3572
10-41-18-574 -19468 32511 1168 5135 274 3939
10-41-18-582 -17712 32511 3572 5244 600 3315
10-41-18-591 -16720 32511 3252 5181 410 3696
10-41-18-605 -18748 32511 7136 5171 -123 4129
10-41-18-614 -17892 32511 9346 5130 -294 4111
10-41-18-623 -17430 32511 11390 5017 -576 4155
10-41-18-654 -25044 24676 13054 4991 -1588 3769
10-41-18-667 -25592 24032 13312 4689 -1410 3558
10-41-18-676 -25988 23184 13522 4475 -1612 3593
10-41-18-690 -30754 13830 15342 4126 -223 2990
10-41-18-695 -32768 9576 15854 3940 171 2948
10-41-18-700 -32768 7368 17970 3335 756 3165
10-41-18-746 -32768 1794 20244 2266 640 2570
10-41-18-761 -32768 -1760 19238 2326 871 2096
10-41-18-776 -32768 -4128 18574 1512 864 1832
10-41-18-796 -32768 -3660 19502 40 254 1085
10-41-18-805 -32768 -3264 19474 -146 277 870
10-41-18-811 -32768 -5734 20418 -173 -105 569
10-41-18-829 -32768 -5070 23414 -1238 56 -945
10-41-18-848 -32768 -1532 23862 -1723 -68 -1612
10-41-18-859 -32768 1306 23810 -2047 263 -1887
10-41-18-891 -32768 2946 23382 -2729 -337 -2346
10-41-18-899 -32768 4340 24470 -3220 -509 -2661
10-41-18-914 -32768 7052 24776 -3721 -943 -2803
10-41-18-964 -32768 22964 19956 -5100 -1110 -4354
10-41-19-039 -32768 29278 16788 -5256 -775 -4302
10-41-19-060 -32768 31896 13624 -5493 -232 -4648
10-41-19-067 -32768 32511 11584 -5577 373 -4752
10-41-19-081 -18176 32511 5382 -5560 -102 -5316
10-41-19-127 -11452 32511 -4122 -5409 384 -4646
10-41-19-134 -10578 32511 -5190 -5494 821 -4452
10-41-19-148 -9028 32511 -4454 -5656 932 -4299
10-41-19-172 -4986 26340 -5916 -5290 -43 -4297
10-41-19-181 -5938 24828 -14022 -4053 -3852 -2791
10-41-19-188 -5620 21752 -17084 -3489 -3887 -2215
10-41-19-212 -9828 17062 -20774 -2995 -3696 -1747
10-41-19-223 -10806 7792 -31258 -3323 -1134 -1002
10-41-19-230 -7134 8856 -32080 -3912 -326 -1184
10-41-19-258 -3320 12164 -32802 -3763 -26 -1451
10-41-19-270 -438 12950 -32768 -2765 -659 -1404
10-41-19-277 -2338 11342 -32768 -2286 -1379 -1140
10-41-19-307 -4742 10092 -32768 -1944 -1310 -798
10-41-19-318 1030 14200 -32768 -543 -13 -357
10-41-19-323 12276 15722 -32768 416 -232 506
10-41-19-356 418 8706 -32768 424 192 1620
10-41-19-372 -7750 12514 -32768 141 547 242
10-41-19-378 -4270 16612 -32768 1030 1648 1306
10-41-19-406 1792 13150 -32768 1826 1867 1321
10-41-19-411 -3704 16760 -32768 3020 551 1498
10-41-19-419 -5112 16166 -30848 3702 776 1735
10-41-19-454 -5778 15266 -28098 3957 1122 2099
10-41-19-471 -8316 19388 -18220 4391 1137 2385
10-41-19-479 -9468 21398 -15176 4645 1053 2213
10-41-19-502 -11200 22732 -12000 4906 751 2620
10-41-19-538 -15982 23318 -7432 4769 1165 2775
10-41-19-550 -16736 23688 -5802 4867 1517 3116
10-41-19-568 -16358 24776 -4158 4649 1739 2971
10-41-19-580 -15506 29994 1748 4867 647 3682
10-41-19-590 -19346 28806 1190 5129 598 3522
10-41-19-619 -21032 27888 962 4771 397 3699
10-41-19-628 -18542 29064 2416 4419 695 3683
10-41-19-637 -14478 30576 4136 4076 389 3230
10-41-19-652 -15096 30972 7470 4372 -48 3603
10-41-19-700 -22276 26636 6016 4612 797 3772
10-41-19-755 -21820 27854 4758 4218 1266 3764
10-41-19-777 -19134 29298 3050 3557 1780 3760
10-41-19-820 -14264 28524 5696 2965 990 4148
10-41-19-828 -26858 17874 7872 3211 -155 4609
10-41-19-834 -32768 7498 10888 2265 -1476 3888
10-41-19-840 -32768 4314 11898 2367 -1079 3427
10-41-19-846 -32768 1610 13350 2043 -579 2882
10-41-19-857 -32768 -4082 17408 1405 -768 1438
10-41-19-863 -32768 -5944 14458 1129 -988 1145
10-41-19-869 -32768 -6376 13022 566 -641 419
10-41-19-963 -5040 28200 -2610 -4175 -1575 -4632
10-41-19-989 -5656 24356 -4254 -4408 -2066 -4132
10-41-19-999 -8462 26880 -3808 -4911 -1927 -4414
10-41-20-011 -6828 25028 -8780 -4459 -2647 -3563
10-41-20-018 -7566 27468 -11516 -4399 -2902 -3138
10-41-20-024 -6162 25152 -14714 -4171 -3099 -3365
10-41-20-043 -7594 20658 -17250 -4182 -2779 -3173
10-41-20-062 -12068 14708 -24416 -3868 -2256 -2688
10-41-20-076 -10366 13828 -28040 -3539 -2127 -2400
10-41-20-096 -7580 13624 -32120 -3480 -1637 -2000
10-41-20-106 1524 13558 -32768 -3198 -1117 -1860
10-41-20-113 452 13156 -32768 -2434 -1060 -1347
10-41-20-137 598 10982 -32768 -2359 -503 -815
10-41-20-165 7252 10554 -32768 -1638 503 294
10-41-20-183 20890 18968 -32768 336 -319 571
10-41-20-207 15168 20992 -32768 707 -916 1650
10-41-20-218 -6290 854 -32768 -46 -33 878
10-41-20-226 -1492 9818 -32768 -571 801 963
10-41-20-242 2664 18932 -32768 350 1563 1889
10-41-20-247 2352 18284 -32768 2864 194 1527
10-41-20-254 -1280 20166 -32768 3140 -82 2118
10-41-20-285 -3186 20846 -32768 3611 337 2001
10-41-20-304 -5718 23426 -24084 3997 772 2434
10-41-20-313 -5880 25718 -20966 4269 471 2530
10-41-20-337 -6616 26758 -18164 4866 552 2932
10-41-20-343 -12244 28220 -10428 5450 -74 3276
10-41-20-354 -13000 29936 -8114 5302 -61 3603
10-41-20-383 -13862 32390 -5800 5709 -28 3657
10-41-20-401 -15604 32511 -2088 5882 86 3309
10-41-20-411 -17690 32511 326 5701 116 3258
10-41-20-431 -15652 32511 78 5764 -195 3818
10-41-20-450 -16574 32511 3340 5300 389 3594
10-41-20-462 -14492 32511 4844 5424 925 3125
10-41-20-481 -15684 32511 3570 5490 1560 2746
10-41-20-493 -18678 32511 4238 4908 1479 4040
10-41-20-544 -18278 32511 6398 4621 1419 4279
10-41-20-555 -18936 32511 8002 4622 1179 4662
10-41-20-576 -21128 32511 9026 4322 -1135 4411
10-41-20-598 -24950 30294 9196 4312 -1553 3995
10-41-20-609 -32768 15192 9434 3533 -816 3669
10-41-20-625 -32768 11776 12608 3225 -228 3418
10-41-20-654 -32768 8738 15004 2978 -291 3168
10-41-20-672 -32768 1320 15888 2600 56 2030
10-41-20-683 -32768 -556 16926 1948 -52 2124
10-41-20-699 -32768 -1808 17698 1851 286 1672
10-41-20-708 -32768 -7718 22576 950 -764 1081
10-41-20-719 -32768 -8476 22096 840 -991 400
10-41-20-734 -32768 -8216 20594 323 -724 -34
10-41-20-793 -32768 -2952 17120 -1275 137 -878
10-41-20-803 -32876 -1292 15950 -1874 101 -1072
10-41-20-820 -32864 92 15092 -2056 -586 -983
10-41-20-847 -32768 1032 13962 -2039 -824 -1615
10-41-20-854 -32820 8544 11258 -3350 -568 -2610
10-41-20-870 -32768 9098 11924 -3229 -788 -2554
10-41-20-883 -32768 10294 13834 -3656 -810 -2724
10-41-20-889 -32768 20568 14920 -4323 -21 -3490
10-41-20-910 -32768 24166 13346 -4719 366 -3925
10-41-20-930 -32768 25916 12002 -4868 149 -3759
10-41-20-937 -31240 32511 11130 -5705 350 -4510
10-41-20-945 -29362 32511 11278 -5557 536 -4744
10-41-20-966 -26064 32511 9876 -5521 396 -5140
10-41-20-990 -17722 32511 3078 -5926 180 -5025
10-41-20-999 -15640 32511 1088 -5986 309 -5216
10-41-21-016 -12680 32511 268 -5803 263 -4821
10-41-21-054 -8878 32511 -6 -5406 315 -4804
10-41-21-068 -7612 32511 -2470 -4797 18 -5237
10-41-21-083 -4988 32511 -3672 -4787 -422 -4648
10-41-21-095 -4280 26974 -6360 -4328 -3383 -3050
10-41-21-105 -8590 29064 -8570 -4775 -2980 -3324
10-41-21-132 -7628 25208 -9838 -4252 -3423 -3403
10-41-21-141 -10008 19396 -15104 -4366 -3504 -2354
10-41-21-150 -12228 19956 -18222 -4231 -3441 -1974
10-41-21-166 -11714 18528 -19894 -4451 -2894 -1708
10-41-21-173 -8500 13600 -24850 -4242 -1294 -1461
10-41-21-185 -8746 14528 -29174 -4030 -721 -1568
10-41-21-220 -8464 13754 -32126 -3784 -511 -1273
10-41-21-229 -3932 10660 -32768 -3020 97 -1360
10-41-21-238 -1922 12296 -32768 -2776 14 -977
10-41-21-262 -278 13654 -32768 -2266 -233 -1025
10-41-21-276 -4574 7888 -32768 -464 -658 11
10-41-21-284 -4094 8196 -32768 -176 -172 -87
10-41-21-307 580 10648 -32768 296 329 226
10-41-21-318 -1954 13806 -32768 1308 660 724
10-41-21-358 -3302 17466 -32768 1454 1106 1007
10-41-21-381 -2870 19134 -32768 2333 902 1262
10-41-21-390 -5704 20366 -32768 3806 480 1851
10-41-21-400 -6888 20566 -32768 4390 804 1750
10-41-21-419 -8992 25058 -20390 5140 1818 2598
10-41-21-430 -8614 27128 -16902 5114 1727 2831
10-41-21-441 -8134 28892 -13312 5345 1736 3086
10-41-21-465 -11982 32511 -4764 6190 681 3561
10-41-21-472 -14564 32511 -1732 6125 420 3953
10-41-21-477 -17254 32511 -998 6357 417 3802
10-41-21-509 -21210 32511 -1368 6079 1387 3773
10-41-21-526 -19772 32511 -598 6005 1492 3889
10-41-21-536 -19746 32511 1586 5375 1702 3733
10-41-21-557 -18772 32511 4472 5298 1451 3933
10-41-21-570 -20066 32511 4486 5346 1165 3972
10-41-21-607 -20006 32511 3650 5325 1239 3567
10-41-21-660 -20158 32511 3660 4962 994 3740
10-41-21-670 -21140 32511 4116 4325 756 4118
10-41-21-688 -22862 32511 4594 4189 715 4111
10-41-21-712 -32768 9856 11868 2951 -449 3067
10-41-21-719 -32768 8234 13190 2713 -380 3082
10-41-21-724 -32768 6518 15160 2466 -45 2902
10-41-21-750 -32768 -2786 16994 2068 381 2417
10-41-21-756 -32768 -5096 18186 1808 -36 1772
10-41-21-766 -32768 -6534 18610 1200 -184 1659
10-41-21-805 -32768 -9548 20138 172 -1032 564
10-41-21-810 -32768 -8904 18418 -136 -563 -117
10-41-21-816 -32768 -8112 17550 -695 301 -236
10-41-21-847 -32768 -224 16104 -1950 585 -1555
10-41-21-857 -32768 2074 14510 -2323 -116 -1510
10-41-21-861 -32768 2718 12522 -2416 -214 -1915
10-41-21-905 -32768 3596 10848 -2821 -559 -2357
10-41-21-910 -32768 5892 10734 -2955 -324 -2626
10-41-21-917 -32768 8620 11392 -3256 4 -2712
10-41-21-946 -32034 13930 10756 -3459 -978 -3287
10-41-21-957 -32768 14494 10562 -3858 -1601 -3557
10-41-21-962 -32768 17274 8926 -4109 -1479 -4113
10-41-21-994 -32154 30726 6694 -4931 -1299 -4242
10-41-22-010 -30526 32511 5584 -4758 -1017 -4416
10-41-22-016 -28500 32511 3832 -4803 -1013 -4425
10-41-22-045 -25770 32511 2224 -5260 -1662 -4885
10-41-22-074 -24420 32511 1418 -5329 -1815 -4534
10-41-22-085 -23450 32511 -332 -5668 -1837 -4640
10-41-22-104 -18502 32511 -3484 -6015 -974 -3998
10-41-22-114 -15428 32511 -2652 -5861 -1090 -4034
10-41-22-123 -12676 32511 -978 -6171 -919 -4003
10-41-22-145 -12166 32511 -4794 -5910 -1201 -3643
10-41-22-160 -10470 30232 -6176 -5616 -1376 -3208
10-41-22-173 -10038 27204 -4226 -5566 -1352 -3394
10-41-22-193 -9230 28754 -7942 -5239 -1215 -2735
10-41-22-208 -9684 23200 -12218 -4550 -1446 -2183
10-41-22-217 -9534 21982 -14960 -4745 -1618 -2681
10-41-22-244 -5094 18030 -18000 -4557 -1920 -2108
10-41-22-253 -3832 17706 -19436 -4421 -1769 -2081
10-41-22-261 -4226 16240 -23396 -3752 -1695 -2173
10-41-22-288 -5878 13260 -32768 -3881 -864 -1380
10-41-22-302 -3526 12906 -32768 -3537 1 -1142
10-41-22-310 -164 12136 -32768 -3672 520 -1052
10-41-22-335 5608 12124 -32768 -1788 -341 -462
10-41-22-346 4056 11262 -32768 -1383 -774 -188
10-41-22-353 3804 10462 -32768 -793 -652 -50
10-41-22-384 -8570 8274 -32768 1085 -174 670
10-41-22-403 -4220 6962 -32768 1063 -63 890
10-41-22-413 -4086 10126 -32768 1095 204 1128
10-41-22-434 -2536 14398 -32768 2527 734 1540
10-41-22-449 -5148 14834 -32768 3176 728 1611
10-41-22-457 -6050 17450 -32768 3429 1041 1844
10-41-22-484 -6442 27436 -29852 4876 597 2088
10-41-22-502 -7748 28420 -25460 5459 338 1956
10-41-22-513 -8864 27300 -20948 5902 -95 2371
10-41-22-534 -12606 26612 -13158 6105 334 2637
10-41-22-551 -13174 29770 -9996 6041 546 2458
10-41-22-559 -12786 32511 -6502 6055 509 2831
10-41-22-583 -16122 32511 -860 6379 936 3209
10-41-22-601 -16868 32511 -1576 6315 1418 3048
10-41-22-608 -19270 32511 -4 6017 1988 3588
10-41-22-633 -21124 32511 3574 5614 3399 3882
10-41-22-644 -21510 32511 4562 5552 3868 3964
10-41-22-675 -21250 32511 5292 5351 3741 4360
10-41-22-694 -16890 32511 4588 4459 2388 4187
10-41-22-705 -15820 32511 4754 4189 1895 4146
10-41-22-713 -16704 32511 5748 3787 1538 4381
10-41-22-732 -23356 32511 7956 3318 1141 4868
10-41-22-737 -24376 31344 9140 3588 805 4581
10-41-22-755 -26670 27892 8814 3700 336 4634
10-41-22-780 -32064 19562 6516 3151 -250 3814
10-41-22-788 -32768 16126 8700 2876 -153 3949
10-41-22-796 -32768 12738 12648 2506 74 3965
10-41-22-824 -32768 1194 13082 2193 148 3445
10-41-22-836 -32768 -1206 13472 2101 -32 2832
10-41-22-842 -32768 -2572 14720 1475 -158 2040
10-41-22-875 -32768 -9448 16358 755 -971 955
10-41-22-883 -32768 -10348 15162 300 -806 422
10-41-22-891 -32768 -8496 16058 -628 -50 14
10-41-22-934 -32768 -2514 16652 -1299 179 -1240
10-41-22-946 -32768 -1922 14814 -1237 20 -1832
10-41-22-957 -32768 320 14318 -1717 -228 -2130
10-41-22-981 -32768 4300 11576 -2464 -683 -2593
10-41-22-992 -32768 5380 10804 -2886 -899 -2840
10-41-23-002 -32768 7220 12260 -3158 -1315 -2948
10-41-23-021 -32768 15396 12810 -3706 -1188 -3938
10-41-23-086 -32768 19470 11184 -3876 -1203 -4147
10-41-23-098 -32768 22094 9766 -3826 -1219 -3982
10-41-23-118 -32768 25788 8808 -4726 -977 -4242
10-41-23-138 -32768 30470 8048 -4779 -1131 -4720
10-41-23-148 -25176 32511 6892 -5497 -705 -5217
10-41-23-159 -22598 32511 7002 -5657 -669 -5020
10-41-23-177 -20282 32511 5562 -5624 -856 -5484
10-41-23-189 -14880 32511 2308 -6063 -467 -5416
10-41-23-224 -12078 32511 1984 -6460 -157 -5421
10-41-23-241 -10136 32511 882 -6440 -312 -5494
10-41-23-247 -7286 32511 -4694 -5978 -1867 -4668
10-41-23-258 -7996 32511 -5800 -5512 -2581 -4150
10-41-23-276 -9226 32511 -7996 -5464 -2857 -3816
10-41-23-294 -10370 26566 -13184 -5424 -3371 -2197
10-41-23-307 -8906 24488 -14662 -4805 -2959 -2182
10-41-23-322 -10808 22958 -17578 -4607 -3120 -1747
10-41-23-331 -13654 18526 -32768 -4299 -1744 -1450
10-41-23-339 -13110 17012 -32768 -4525 -1377 -1424
10-41-23-358 -10714 16396 -32768 -4599 -861 -1501
10-41-23-369 1618 15678 -32768 -3852 -110 -1618
10-41-23-383 4132 16048 -32768 -2803 -114 -1218
10-41-23-407 5732 15278 -32768 -2123 61 -946
10-41-23-426 6616 13362 -32768 -547 -317 -286
10-41-23-438 4588 12478 -32768 195 26 235
10-41-23-455 3248 13538 -32768 733 -21 674
10-41-23-511 1860 16488 -32768 2654 498 1225
10-41-23-537 428 17520 -32768 2758 657 1598
10-41-23-552 -594 18288 -32768 3372 1145 1794
10-41-23-572 -6904 27880 -15574 5200 1322 3248
10-41-23-582 -8612 28798 -13854 5105 918 3685
10-41-23-594 -10874 29890 -11788 5471 1129 3574
10-41-23-612 -14680 32511 -5902 5735 903 3947
10-41-23-622 -16500 32511 -4142 5746 1131 4165
10-41-23-631 -17156 32511 -3648 5603 1121 4092
10-41-23-657 -20688 32511 -2048 5243 1491 4409
10-41-23-672 -20668 32511 362 5013 1518 4573
10-41-23-681 -19786 32511 -342 5068 1451 4697
10-41-23-709 -24600 32511 3792 4534 1504 4853
10-41-23-760 -23866 32511 5370 4622 1661 4784
10-41-23-770 -23638 32511 5270 4232 1313 4546
10-41-23-779 -21224 31988 6114 3792 339 4465
10-41-23-801 -30920 24268 9320 2892 448 4040
10-41-23-818 -28374 20902 7886 2729 1309 3806
10-41-23-827 -27128 16978 8954 3106 1591 3949
10-41-23-847 -32768 6462 13618 2590 -276 3550
10-41-23-867 -32768 4304 12092 2024 -1041 3062
10-41-23-878 -32768 1792 14712 2353 -1542 2708
10-41-23-920 -32768 -10974 18544 1855 -1554 1836
10-41-23-939 -32768 -13102 19202 1138 -735 962
10-41-23-949 -32768 -11218 17858 -2 28 561
10-41-23-962 -32768 -3634 15746 -1228 772 -804
10-41-23-971 -32768 -2770 15362 -1419 -110 -1044
10-41-23-978 -32768 -2062 14724 -1912 -587 -1328
10-41-23-996 -32768 3270 11678 -2827 -33 -2295
10-41-24-004 -32768 7182 10624 -2950 553 -2844
10-41-24-011 -32768 9210 11148 -3215 617 -3087
10-41-24-044 -32768 15316 10306 -3770 -290 -3940
10-41-24-064 -32768 18994 9890 -4032 -272 -4215
10-41-24-078 -32768 22780 9614 -4296 89 -4459
10-41-24-099 -32768 32511 9932 -4764 613 -4994
10-41-24-113 -32768 32511 9120 -4775 557 -5459
10-41-24-125 -32768 32511 8414 -5150 513 -5323
10-41-24-145 -32768 32511 7790 -5666 848 -5963
10-41-24-156 -29792 32511 7484 -5558 1058 -5864
10-41-24-167 -24434 32511 6106 -5542 761 -6249
10-41-24-195 -16232 32511 3104 -5238 -264 -6586
10-41-24-210 -14244 32511 1414 -4991 -172 -6587
10-41-24-218 -12334 32511 190 -4532 -341 -6750
10-41-24-237 -7288 32511 -3434 -4895 376 -5305
10-41-24-250 -4512 32511 -3790 -4498 -125 -5190
10-41-24-256 -2998 32511 -4318 -4637 -432 -4923
10-41-24-295 -7296 29796 -7682 -4158 -1924 -4514
10-41-24-307 -5912 29446 -8684 -4102 -2230 -4305
10-41-24-317 -4608 27388 -13018 -3810 -2262 -4357
10-41-24-343 -3186 22570 -23976 -3901 -2288 -2551
10-41-24-353 -3630 19368 -28408 -4003 -1793 -2524
10-41-24-363 -1600 19768 -32258 -4321 -710 -2227
10-41-24-398 10076 20364 -32768 -3665 1018 -1749
10-41-24-409 13494 20054 -32768 -2813 1282 -1904
10-41-24-430 18238 20132 -32768 -2619 700 -1478
10-41-24-442 32511 22092 -32768 523 -602 1244
10-41-24-460 10240 23866 -32768 744 -386 1186
10-41-24-469 5174 10880 -32768 1902 -255 -381
10-41-24-490 11018 25198 -32768 703 234 2151
10-41-24-502 13656 23662 -32768 1928 1311 2361
10-41-24-513 16436 21256 -32768 2527 1234 2579
10-41-24-537 8600 29056 -31158 3191 937 3613
10-41-24-549 4522 30080 -30246 3626 1205 3878
10-41-24-566 1116 28732 -28296 3840 1681 3972
10-41-24-591 -1468 30776 -19650 3591 2371 4871
10-41-24-601 -1450 32511 -15706 3484 1887 4745
10-41-24-618 -3892 32511 -12988 3728 1399 4855
10-41-24-636 -12886 32511 -8206 4385 1185 5579
10-41-24-646 -13450 32511 -6260 4138 1822 6213
10-41-24-689 -12980 32511 -4608 3978 1610 6314
10-41-24-699 -15694 32511 -2282 3725 -31 5837
10-41-24-707 -17390 32511 -2750 3735 20 6160
10-41-24-732 -17896 32511 -2676 3468 98 6219
10-41-24-740 -18478 32511 -420 3422 695 6246
10-41-24-751 -16342 32511 382 3070 891 6255
10-41-24-770 -15296 32511 2334 3015 604 6057
10-41-24-787 -27578 32511 1620 2947 -591 5834
10-41-24-793 -27574 32511 1116 2928 -233 5975
10-41-24-826 -27264 32511 2312 2649 -299 5749
10-41-24-838 -32768 23648 440 2430 -155 5095
10-41-24-856 -32768 18122 776 2330 -511 5152
10-41-24-875 -32768 13618 1268 2037 -926 4338
10-41-24-884 -32768 5116 5836 1711 -1621 3349
10-41-24-894 -32768 678 7892 1732 -1759 2705
10-41-24-925 -32768 -3934 10238 1760 -2357 2467
10-41-24-935 -32768 -13436 8728 847 -907 1225
10-41-24-942 -32768 -12378 8466 68 22 395
10-41-24-969 -32768 -9710 8328 -801 424 -375
10-41-24-984 -32768 -2230 4174 -1875 702 -1703
10-41-24-990 -32768 28 3288 -2137 774 -2342
10-41-25-015 -32768 2662 3670 -2305 519 -2643
10-41-25-025 -32768 9024 1284 -2395 279 -3690
10-41-25-031 -32768 11006 900 -2414 319 -3828
10-41-25-060 -32768 13718 -334 -2577 172 -4453
10-41-25-084 -32768 27044 72 -3213 537 -5274
10-41-25-089 -32768 31420 -104 -3445 301 -5760
10-41-25-120 -32768 32511 870 -3437 67 -5983
10-41-25-136 -32768 32511 -1512 -3661 774 -6471
10-41-25-155 -29072 32511 -790 -3842 994 -6377
10-41-25-173 -23474 32511 -324 -3892 1191 -6605
10-41-25-182 -15288 32511 -1602 -3272 -165 -7317
10-41-25-191 -13474 32511 -908 -3585 -500 -7301
10-41-25-208 -12292 32511 -1356 -3602 -874 -7455
10-41-25-266 -7604 32511 -3230 -3287 -497 -7257
10-41-25-279 -7492 32511 -5334 -3270 -488 -6991
10-41-25-297 -6392 32511 -6580 -3601 -890 -6692
10-41-25-318 -1052 29746 -20828 -3449 -3848 -4282
10-41-25-326 -3860 25464 -25842 -3446 -3303 -3904
10-41-25-344 -2420 22854 -31166 -3208 -2717 -3615
10-41-25-363 10086 20122 -32768 -3710 -514 -2726
10-41-25-369 14894 19644 -32768 -3237 515 -2912
10-41-25-380 19960 18548 -32768 -3331 1102 -2201
10-41-25-424 32511 17340 -32768 -1864 502 -843
10-41-25-433 32511 19020 -32768 -958 148 279
10-41-25-440 32511 20630 -32768 -81 -121 1124
10-41-25-472 24824 19866 -32768 1828 177 2182
10-41-25-483 20634 22144 -32768 2131 291 2569
10-41-25-494 18516 23382 -32768 2299 148 2931
10-41-25-520 12982 26518 -26328 3162 927 3623
10-41-25-530 12340 27882 -23540 3359 1064 3896
10-41-25-540 9686 29342 -21266 3260 817 4182
10-41-25-559 -1142 32511 -15808 3823 161 4894
10-41-25-570 -2640 32511 -15252 4103 147 4834
10-41-25-593 -4710 32511 -12946 4102 139 5209
10-41-25-618 -10986 32511 -7786 4203 339 5660
10-41-25-628 -13644 32511 -6502 4088 266 5792
10-41-25-638 -15192 32511 -5616 4701 72 6048
10-41-25-673 -17660 32511 -5730 4677 -304 6402
10-41-25-682 -19448 32511 -5348 3996 52 6487
10-41-25-692 -18774 32511 -2042 4142 -360 6400
10-41-25-709 -26394 32511 1692 4154 -54 5977
10-41-25-717 -30130 32511 3552 4180 147 5594
10-41-25-726 -29978 32511 2832 4191 139 5671
10-41-25-760 -22978 32511 7270 3887 113 4809
10-41-25-772 -23460 31882 7676 3514 88 4873
10-41-25-781 -24200 29676 9572 3335 95 4926
10-41-25-811 -26010 25024 8308 1711 80 5226
10-41-25-823 -31106 20520 8360 1802 85 4860
10-41-25-832 -32768 15204 6864 1793 -292 4499
10-41-25-868 -32768 2794 5086 1346 -528 3373
10-41-25-878 -32768 -842 5270 993 -505 2917
10-41-25-888 -32768 -6212 5990 1010 -728 2295
10-41-25-951 -32768 -8976 4268 25 23 708
10-41-25-968 -32768 -6650 4782 -486 520 187
10-41-25-990 -32768 -3772 4632 -1093 637 -189
10-41-26-008 -32768 7302 -1924 -1785 -110 -3071
10-41-26-017 -32768 9662 -1524 -2159 -76 -3468
10-41-26-026 -32768 11654 -1724 -2003 -104 -4101
10-41-26-048 -32768 19690 1916 -2668 82 -4852
10-41-26-057 -32768 23360 2650 -2504 27 -5427
10-41-26-065 -32768 26808 2518 -2851 -129 -5718
10-41-26-099 -32768 32511 70 -3143 -832 -6101
10-41-26-108 -32612 32511 -856 -3410 -397 -6287
10-41-26-115 -30358 32511 34 -3478 -276 -6550
10-41-26-184 -20510 32511 2544 -4200 399 -7024
10-41-26-285 -16428 32511 -532 -3833 378 -6863
10-41-26-313 -14132 32511 -2918 -3753 7 -7274
10-41-26-323 -12408 32511 -6834 -3709 -199 -7713
10-41-26-334 -3422 32511 -10480 -3880 -1465 -6177
10-41-26-348 6248 17304 -32768 -3539 -1461 -2890
10-41-26-356 9760 17930 -32768 -3505 -720 -2165
10-41-26-364 14306 17128 -32768 -3219 58 -1576
10-41-26-420 22598 13318 -32768 -2578 1399 -1126
10-41-26-437 26344 12774 -32768 -2018 1157 -861
10-41-26-445 27734 15442 -32768 -1532 937 -278
10-41-26-529 19656 18762 -32768 756 -180 1062
10-41-26-539 19782 18850 -32768 1433 -375 2187
10-41-26-552 15242 20194 -32768 1715 28 2305
10-41-26-560 632 25878 -26808 3881 1562 3712
10-41-26-579 -8490 32511 -13894 4441 1220 5384
10-41-26-594 -9692 32511 -11590 4343 1119 5457
10-41-26-599 -12782 32511 -8926 4919 673 5684
10-41-26-673 -19820 32511 -5882 4930 2111 5567
10-41-26-685 -17030 32511 -4780 4872 1951 6269
10-41-26-732 -14148 32511 -6140 4268 2125 5876
10-41-26-742 -15846 32511 -5294 3682 1306 6182
10-41-26-752 -26540 32511 248 3082 1405 6752
10-41-26-773 -28944 32511 852 2737 1227 6669
10-41-26-783 -30254 28748 6308 2699 -1538 5263
10-41-26-792 -32768 22502 6776 2871 -1453 5237
10-41-26-799 -32768 17050 5270 2567 -1364 4989
10-41-26-838 -32768 8044 5704 475 657 3516
10-41-26-849 -32768 5744 6186 589 633 3634
10-41-26-861 -32768 2136 4538 437 -73 3351
10-41-26-881 -32768 -5458 1196 -14 -232 2120
10-41-26-891 -32768 -7312 1118 -92 -524 1548
10-41-26-899 -32768 -6944 320 -143 -349 890
10-41-26-922 -32768 -4266 -404 -694 122 -798
10-41-26-938 -32768 -3186 -1038 -1116 -372 -1295
10-41-26-947 -32768 -756 -930 -1281 -209 -1801
10-41-27-026 -32768 4972 -538 -1463 -187 -2790
10-41-27-063 -32768 6968 -1924 -1885 -531 -3053
10-41-27-070 -32768 8540 -4476 -1731 -596 -3228
10-41-27-083 -32768 25500 -7620 -2478 56 -5211
10-41-27-088 -32768 27624 -7232 -2820 -115 -5318
10-41-27-093 -32768 32076 -5188 -2895 535 -5954
10-41-27-113 -26410 32511 -1692 -2924 1443 -6334
10-41-27-123 -21652 32511 -1734 -2713 1523 -6303
10-41-27-128 -20168 32511 -2520 -2779 1669 -6713
10-41-27-174 -14326 32511 -752 -2914 1609 -7160
10-41-27-184 -12730 32511 -364 -2819 897 -7516
10-41-27-193 -10082 32511 -78 -2482 627 -7304
10-41-27-215 -2674 32511 -2690 -2650 -767 -7105
10-41-27-233 -2596 32511 -2850 -2661 -1591 -7228
10-41-27-242 -2762 32511 -2728 -2856 -2146 -6631
10-41-27-263 -594 31262 -9836 -3393 -3549 -5719
10-41-27-273 -2532 27962 -9848 -3691 -4177 -4846
10-41-27-283 -3556 26192 -9664 -3815 -4211 -4559
10-41-27-313 -5290 23844 -17892 -4011 -3384 -3921
10-41-27-324 -4010 21160 -22392 -4372 -2839 -3461
10-41-27-342 -3654 20296 -26194 -4230 -2002 -3298
10-41-27-379 536 20516 -32768 -3892 -615 -4071
10-41-27-391 4508 20760 -32768 -3710 -351 -3721
10-41-27-421 9672 22286 -32768 -3320 124 -3241
10-41-27-436 32511 25832 -32768 -1898 824 -968
10-41-27-445 32511 32511 -32768 2421 -4007 4103
10-41-27-456 13946 24124 -32768 2532 -3473 -1517
10-41-27-467 834 -3634 -32768 -1237 3019 1715
10-41-27-473 24672 7896 -32768 -2503 4157 2643
10-41-27-478 32511 21766 -32768 -1255 3299 2739
10-41-27-503 17248 30454 -31664 1644 817 2368
10-41-27-514 8442 26510 -29740 3120 -184 2756
10-41-27-520 3310 19646 -27596 3692 -208 3396
10-41-27-553 -132 21474 -22430 2791 1000 3737
10-41-27-574 -492 24228 -20588 2738 1298 4127
10-41-27-586 -1758 25226 -19248 3156 1109 4163
10-41-27-613 -7550 25468 -15890 3245 411 4395
10-41-27-625 -7738 26826 -14002 3621 208 4247
10-41-27-649 -8238 29414 -13574 3543 -128 4349
10-41-27-663 -14216 32511 -8002 4404 -797 5006
10-41-27-723 -17158 32511 -6808 4475 -605 5269
10-41-27-733 -17810 32511 -4748 4652 -209 5354
10-41-27-750 -19012 32511 -4530 4683 -80 5649
10-41-27-767 -20046 32511 -4114 4347 173 5293
10-41-27-779 -20828 32511 1204 3869 -481 5177
10-41-27-804 -22112 32511 1564 3528 -893 4772
10-41-27-827 -22948 32204 1804 3502 -658 4894
10-41-27-842 -27542 25398 4322 3691 -492 4388
10-41-27-853 -26694 22208 5972 3482 -852 4178
10-41-27-868 -28662 20036 5498 3482 -698 3773
10-41-27-875 -32768 8650 5800 3089 -253 3418
10-41-27-880 -32768 5386 6434 2438 -62 2915
10-41-27-896 -32768 2488 6352 2319 203 2438
10-41-27-901 -32768 -144 4282 1249 171 2161
10-41-27-907 -32768 -1278 5922 1330 131 1730
