10-44-13-178 -10988 11272 -4948 -1660 1246 -456
10-44-13-188 -11816 11262 -3462 -1478 1427 -471
10-44-13-203 -12106 11358 -3034 -1486 1444 -492
10-44-13-235 -12152 11814 -2962 -1525 1479 -496
10-44-13-254 -11568 11734 -2066 -1822 1888 -473
10-44-13-266 -11282 11660 -1416 -1829 1892 -460
10-44-13-287 -11002 11762 -1366 -1834 1890 -447
10-44-13-303 -10994 12032 -1322 -1843 1868 -417
10-44-13-317 -11136 12094 -1016 -1835 1857 -409
10-44-13-364 -10956 11768 -1376 -1817 1829 -402
10-44-13-372 -11302 11676 -878 -1476 1799 -389
10-44-13-378 -11364 11684 -804 -1438 1521 -390
10-44-13-401 -11162 12082 -254 -1645 1495 -637
10-44-13-437 -9694 12272 -1104 -1235 1648 -553
10-44-13-472 -10432 12460 -956 -1181 1255 -543
10-44-13-487 -10720 13078 -1172 -1371 1187 -523
10-44-13-498 -10546 13402 -1050 -1106 1324 -183
10-44-13-509 -10286 13438 -846 -767 1004 -174
10-44-13-519 -10034 13242 -586 -693 923 -164
10-44-13-553 -9336 13492 -222 -487 882 -380
10-44-13-644 -9308 13454 -244 -414 507 -373
10-44-13-718 -9178 13692 -152 -600 625 -367
10-44-13-749 -9472 13630 -452 -228 378 -362
10-44-13-759 -9766 12848 -2384 -80 -222 -297
10-44-13-769 -10260 13166 -3344 -16 -552 -262
10-44-13-794 -9854 12512 -2770 -36 -549 -274
10-44-13-811 -9702 12524 -2710 -53 -549 -271
10-44-13-834 -10034 12826 -2888 -72 -544 -271
10-44-13-851 -9664 12782 -2760 -106 -544 -277
10-44-13-933 -9768 12520 -3426 103 -543 -260
10-44-13-953 -9624 12522 -3590 101 -544 -257
10-44-13-962 -9814 12436 -3590 102 -541 2
10-44-13-987 -9618 12454 -3550 103 -523 8
10-44-13-996 -9920 12484 -3226 20 -342 12
10-44-14-012 -10056 12482 -3446 8 -324 8
10-44-14-029 -9868 12488 -3282 -259 -312 8
10-44-14-064 -9884 12884 -3488 -284 -282 13
10-44-14-084 -9924 12914 -3688 -291 -257 14
10-44-14-089 -9950 12924 -3622 -293 28 13
10-44-14-097 -9816 12808 -2706 -310 74 9
10-44-14-103 -9820 12862 -2826 -310 69 12
10-44-14-108 -9746 12698 -2714 -312 57 16
10-44-14-179 -9610 12716 -2946 -284 25 27
10-44-14-191 -9672 12896 -3024 -269 25 26
10-44-14-206 -9660 12820 -2968 0 24 21
10-44-14-212 -9728 12684 -3078 11 50 15
10-44-14-281 -10092 12896 -2396 3 72 -259
10-44-14-291 -10058 12798 -1970 8 67 3
10-44-14-307 -9728 13144 -1962 18 53 9
10-44-14-322 -9696 12930 -2140 39 -258 24
10-44-14-343 -9602 13270 -2570 -70 -143 65
10-44-14-352 -9754 13398 -2298 -26 -162 80
10-44-14-362 -9360 13350 -2282 275 -184 94
10-44-14-389 -9216 13164 -2652 372 -244 114
10-44-14-400 -9494 12786 -2680 164 -535 118
10-44-14-407 -9208 13058 -2460 211 -560 119
10-44-14-432 -9216 13080 -2646 587 -603 -107
10-44-14-451 -9566 12716 -2572 614 -623 -89
10-44-14-457 -9838 12936 -2450 629 -387 -64
10-44-14-473 -10444 13248 -2186 464 -448 320
10-44-14-478 -10438 13218 -2102 508 -474 354
10-44-14-490 -10380 13360 -1520 806 -770 377
10-44-14-523 -9586 12612 -1466 813 -717 129
10-44-14-537 -9160 12370 -2118 783 -1028 377
10-44-14-545 -9538 12276 -2568 482 -1057 373
10-44-14-578 -10424 12716 -3240 623 -766 138
10-44-14-586 -11078 12870 -3296 600 -720 153
10-44-14-592 -10706 12428 -3306 574 -676 168
10-44-14-617 -10472 12814 -3542 527 -843 210
10-44-14-637 -10174 13062 -3704 525 -825 241
10-44-14-649 -10380 13346 -3228 545 -822 530
10-44-14-669 -10260 13344 -2076 637 -653 599
10-44-14-683 -9882 13294 -1510 638 -726 621
10-44-14-690 -9604 13276 -1704 391 -1098 391
10-44-14-721 -9108 13576 -3130 406 -1237 416
10-44-14-739 -9182 13684 -3870 412 -1566 402
10-44-14-750 -9100 13672 -4386 435 -1604 390
10-44-14-779 -8882 13150 -4560 507 -1610 599
10-44-14-787 -9042 12906 -4886 796 -1582 568
10-44-14-794 -8772 12820 -4910 818 -1537 543
10-44-14-819 -7918 11936 -4926 864 -1159 242
10-44-14-826 -7936 11694 -4892 872 -1395 230
10-44-14-831 -8258 11790 -4976 875 -1385 215
10-44-14-863 -8528 11790 -5406 852 -1305 134
10-44-14-883 -8480 11650 -5680 848 -992 360
10-44-14-896 -8452 12150 -5348 853 -933 332
10-44-14-926 -8136 12964 -4290 866 -1130 323
10-44-14-949 -8532 13408 -4306 858 -897 338
10-44-14-966 -8812 13588 -4230 846 -910 351
10-44-14-983 -8608 13418 -4706 803 -924 346
10-44-14-992 -8672 13330 -4550 794 -914 339
10-44-15-013 -8644 13344 -4702 790 -903 328
10-44-15-027 -8330 12680 -4486 784 -915 294
10-44-15-033 -8534 12848 -4554 781 -935 276
10-44-15-041 -8546 12832 -4878 772 -948 258
10-44-15-056 -8458 12526 -5382 495 -957 -18
10-44-15-074 -8522 12682 -5696 487 -939 -19
10-44-15-084 -8504 12776 -6000 483 -920 -13
10-44-15-116 -8728 13172 -6440 492 -1128 257
10-44-15-129 -8582 13172 -6400 505 -1094 259
10-44-15-162 -8694 12950 -6546 771 -1065 262
10-44-15-175 -8748 12504 -6472 780 -683 272
10-44-15-185 -8726 12832 -6430 768 -662 279
10-44-15-206 -8596 12508 -6124 502 -649 291
10-44-15-225 -8970 12812 -6102 453 -850 312
10-44-15-236 -8674 12810 -6068 432 -842 307
10-44-15-258 -9006 12810 -6502 408 -820 306
10-44-15-277 -8634 12472 -6216 592 -486 266
10-44-15-296 -8716 12668 -5868 563 -457 -15
10-44-15-308 -8340 12268 -6190 533 -426 -37
10-44-15-323 -7918 12172 -6266 182 -594 -104
10-44-15-332 -7954 12400 -6408 149 -575 -121
10-44-15-346 -7800 12202 -6522 373 -556 121
10-44-15-370 -7518 12468 -6722 280 -251 105
10-44-15-380 -7396 12948 -6348 -17 -240 106
10-44-15-388 -7728 13410 -6276 -53 -232 121
10-44-15-408 -6360 14358 -8204 90 -183 -82
10-44-15-418 -5854 15310 -9844 19 -360 -28
10-44-15-427 -4416 18142 -13228 -354 17 334
10-44-15-510 4560 27316 -21168 166 -55 1222
10-44-15-520 8960 30502 -19344 679 13 2082
10-44-15-529 9632 32511 -17926 1445 -465 2270
10-44-15-545 4470 32511 -19290 3433 -1726 2845
10-44-15-552 -11570 32511 -24114 8853 -4482 1412
10-44-15-557 -17036 32511 -22176 9618 -4290 1171
10-44-15-650 -21668 31412 -21402 10363 -3742 903
10-44-15-684 -26686 23968 -18104 10839 -1320 156
10-44-15-694 -27652 21088 -16238 10828 -619 -100
10-44-15-703 -27220 19410 -13928 10446 -18 -256
10-44-15-795 -9682 7546 4692 7179 3215 -2332
10-44-15-827 -8426 6672 5014 6272 2995 -2394
10-44-15-851 -7428 6136 6030 5972 2768 -2424
10-44-15-861 -8124 5724 7136 4742 2213 -2355
10-44-15-875 -1780 2888 4806 715 542 -1580
10-44-15-886 -1444 2438 4208 785 522 -1614
10-44-15-893 256 2684 4186 444 206 -1630
10-44-15-904 1382 1858 4418 479 538 -1462
10-44-15-909 1442 1066 4310 786 603 -1525
10-44-15-914 1844 234 4428 816 425 -1493
10-44-15-933 3366 -3404 2820 826 414 -1537
10-44-15-945 3498 -4450 2118 510 232 -1157
10-44-15-950 3308 -5200 1658 445 290 -1004
10-44-15-979 4168 -8000 506 182 -367 -1054
10-44-15-994 4382 -8600 626 133 -352 -1096
10-44-16-042 4774 -8844 462 131 -285 -1115
10-44-16-049 7530 -10726 -858 128 -34 -1098
10-44-16-057 8120 -11876 -1194 354 -95 -1085
10-44-16-076 9726 -12214 -1412 288 -286 -1055
10-44-16-100 10682 -14666 -3624 76 -777 -479
10-44-16-112 10430 -15184 -4422 -289 -793 -617
10-44-16-140 11006 -14738 -4572 -379 -773 -519
10-44-16-154 11714 -16720 -5188 -241 -417 25
10-44-16-188 11364 -17094 -5448 -550 -618 122
10-44-16-210 10956 -18316 -6182 -639 -588 -61
10-44-16-226 11500 -22420 -9552 -768 -521 155
10-44-16-238 11852 -23542 -10520 -1126 -213 220
10-44-16-259 12156 -26278 -10726 -938 -164 197
10-44-16-284 14234 -32288 -15964 -1208 30 312
10-44-16-298 15176 -32768 -17612 -1596 -308 105
10-44-16-316 15902 -32768 -18596 -1508 -540 -221
10-44-16-328 16560 -32768 -18990 -2111 -642 -779
10-44-16-338 17882 -32768 -21686 -1726 -247 -776
10-44-16-354 20604 -32768 -22246 -1543 -192 -387
10-44-16-372 18812 -32768 -20966 -181 -343 -74
10-44-16-392 18300 -32768 -20838 -184 48 95
10-44-16-407 18010 -32768 -20302 -183 -113 45
10-44-16-419 12854 -28306 -15224 -378 235 41
10-44-16-428 11572 -25918 -13656 -345 166 27
10-44-16-442 10774 -23604 -12832 -326 355 -289
10-44-16-450 10032 -17958 -10238 51 182 -357
10-44-16-460 9844 -16292 -8854 96 604 -308
10-44-16-475 9824 -14998 -8230 127 499 27
10-44-16-483 8744 -13660 -5516 92 626 381
10-44-16-491 8346 -12934 -5270 72 143 239
10-44-16-515 8296 -12596 -5062 79 -123 607
10-44-16-531 6772 -10976 -5098 -74 -558 829
10-44-16-543 5856 -10588 -4970 276 -237 893
10-44-16-564 4824 -9296 -4012 364 -163 697
10-44-16-581 928 -6558 -2294 217 -186 781
10-44-16-616 438 -6068 -1924 204 -566 446
10-44-16-643 292 -5794 -2242 188 -409 396
10-44-16-653 -698 -4650 -1922 145 -492 580
10-44-16-723 -1868 -4156 -2116 340 -484 517
10-44-16-742 -1292 -2910 -2106 -37 -585 -54
10-44-16-750 -1300 -2714 -2670 -41 -540 119
10-44-16-767 -1252 -2236 -2270 -34 -200 45
10-44-16-774 824 -5332 -1340 256 -49 -305
10-44-16-781 854 -5810 -920 -34 -101 -291
10-44-16-807 1372 -6482 -606 -78 62 -282
10-44-16-827 2258 -7078 -838 17 -258 57
10-44-16-840 2914 -7400 -1050 -298 68 115
10-44-16-862 3190 -7836 -1054 -349 -78 -63
10-44-16-878 2446 -9680 -832 -248 545 191
10-44-16-904 1946 -9888 -868 -563 595 249
10-44-16-923 1460 -10118 -644 -634 540 525
10-44-16-933 210 -8834 -438 -491 53 379
10-44-16-958 -198 -8134 -156 -487 -323 267
10-44-16-965 -1252 -6310 -416 -481 -369 -368
10-44-16-970 -978 -6026 -968 -781 -354 -184
10-44-17-016 -990 -5838 -1714 -823 -295 -238
10-44-17-027 -806 -5310 -2474 -809 56 -396
10-44-17-040 -586 -5388 -2620 -509 80 -484
10-44-17-057 -384 -5276 -1452 -438 -121 -818
10-44-17-071 908 -6274 -1876 -532 -78 -896
10-44-17-076 1190 -6978 -1686 -230 123 -848
10-44-17-104 1302 -6624 -2238 -210 43 -789
10-44-17-112 2504 -7378 -3118 -158 -522 -416
10-44-17-124 3064 -8046 -3202 -384 -584 -393
10-44-17-151 3490 -8832 -3474 -365 -640 -622
10-44-17-168 7030 -12382 -4544 -129 -875 -150
10-44-17-173 7060 -13840 -6052 -176 -666 -304
10-44-17-198 7806 -14870 -7978 -538 -726 7
10-44-17-215 8748 -18034 -12402 -437 -1350 88
10-44-17-223 8320 -18494 -13120 -503 -1250 116
10-44-17-247 8326 -19030 -13942 -824 -1615 122
10-44-17-260 9056 -21956 -17592 -651 -1218 -106
10-44-17-272 8770 -24338 -19414 -667 -964 -74
10-44-17-294 8072 -26702 -21280 -671 -690 -33
10-44-17-346 10754 -32770 -24828 -896 -624 108
10-44-17-412 11800 -32768 -26742 -653 -478 27
10-44-17-427 12838 -32768 -28388 -886 -857 -351
10-44-17-437 11674 -32768 -29632 -430 -638 -149
10-44-17-453 9814 -32768 -24724 257 -7 -189
10-44-17-458 7906 -24950 -18998 -91 -14 -363
10-44-17-471 7774 -23108 -17828 -117 346 -325
10-44-17-494 7712 -20964 -16772 -84 137 -318
10-44-17-599 7962 -17108 -13434 327 362 -284
10-44-17-626 7124 -16350 -12498 373 333 12
10-44-17-641 6898 -15810 -11766 164 325 51
10-44-17-655 6764 -14548 -10318 238 270 -77
10-44-17-702 826 -5420 -2728 426 350 304
10-44-17-745 88 -4832 -2268 631 -18 262
10-44-17-758 -232 -4950 -2510 586 39 -55
10-44-17-774 -814 -4128 -2090 229 -130 -115
10-44-17-797 -208 -2874 -148 163 115 -280
10-44-17-806 248 -2648 -198 233 -279 -519
10-44-17-814 174 -2922 -424 252 -298 -550
10-44-17-834 600 -3130 22 537 -274 -573
10-44-17-847 998 -4892 654 526 61 -556
10-44-17-852 1538 -5104 774 223 24 -540
10-44-17-877 1734 -5988 566 159 -296 -515
10-44-17-895 3506 -7340 194 121 -303 -344
10-44-17-900 4852 -8104 -40 4 36 5
10-44-17-925 5712 -9038 -250 -344 118 -104
10-44-17-993 3964 -10478 -1250 -539 263 229
10-44-18-033 3160 -10494 -1652 -572 -24 524
10-44-18-042 1826 -9946 -1310 -596 119 245
10-44-18-057 -664 -8734 -178 -639 -174 -15
10-44-18-083 -2060 -4522 -2076 -449 -507 -770
10-44-18-092 1376 -2508 -3816 -457 -288 -1038
10-44-18-133 1652 -3162 -3922 -435 20 -702
10-44-18-139 1770 -3568 -3822 -409 81 -883
10-44-18-145 2452 -5330 -4946 -620 -35 -506
10-44-18-178 4508 -8196 -4320 -395 -625 -218
10-44-18-188 5340 -8580 -4518 -437 -413 -156
10-44-18-194 6658 -9660 -5316 -461 -444 -339
10-44-18-281 6398 -14302 -9188 -862 -615 -56
10-44-18-299 6550 -15564 -10992 -888 -583 -16
10-44-18-306 6776 -16666 -12688 -659 -612 262
10-44-18-317 7498 -18526 -14272 -856 -448 343
10-44-18-334 8130 -26884 -20426 -466 -527 67
10-44-18-346 9806 -28538 -20380 -475 -129 -320
10-44-18-351 10908 -30382 -21076 -495 -283 -189
10-44-18-423 15212 -32768 -27152 -851 184 -433
10-44-18-440 14368 -32768 -26842 -495 803 -639
10-44-18-447 14796 -32768 -26014 -578 884 -567
10-44-18-460 15490 -32768 -23668 -364 581 -209
10-44-18-501 9358 -26078 -19548 -380 -891 -383
10-44-18-515 9314 -23916 -18578 -367 -803 -220
10-44-18-527 7880 -21932 -18562 -359 -396 -525
10-44-18-543 7124 -19920 -19990 -361 52 -562
10-44-18-572 7006 -19102 -20232 -301 -6 -515
10-44-18-587 6742 -18224 -19808 55 364 -220
10-44-18-594 7120 -16184 -17706 -17 273 -199
10-44-18-617 8080 -11494 -11066 -25 -616 106
10-44-18-623 7752 -11104 -10724 -64 -560 -39
10-44-18-630 6480 -10546 -10700 -84 -199 322
10-44-18-666 3210 -7828 -8900 326 10 194
10-44-18-686 1492 -7078 -7406 132 -258 140
10-44-18-696 310 -6338 -6636 197 36 305
10-44-18-716 -492 -5106 -4442 493 76 -100
10-44-18-721 -1126 -4280 -3742 841 -118 92
10-44-18-732 -1144 -3978 -2540 666 -60 4
10-44-18-772 -1108 -2294 -992 750 286 -225
10-44-18-786 -634 -1956 -516 749 267 -537
10-44-18-808 -322 -1724 262 728 -40 -575
10-44-18-831 304 -1144 1536 850 85 -411
10-44-18-843 888 -934 1856 787 82 -428
10-44-18-856 770 -670 1692 450 100 -421
10-44-18-873 726 -418 2644 136 -97 -437
10-44-18-886 1230 -782 2402 268 124 -428
10-44-18-896 1588 -834 1744 -113 113 -401
10-44-18-956 1640 -888 1214 -303 114 -593
10-44-18-976 2156 -718 1370 -135 88 -553
10-44-18-989 2442 -924 1356 -214 56 -235
10-44-19-001 3094 -2026 1226 -400 76 -298
10-44-19-021 1818 -2798 -1242 -694 -248 319
10-44-19-031 1350 -3042 -1784 -704 -578 285
10-44-19-041 752 -3688 -2372 -704 -587 -14
10-44-19-059 862 -4318 -3602 -650 -323 122
10-44-19-082 808 -4900 -3636 -859 54 91
10-44-19-090 1134 -5304 -3476 -818 -116 65
10-44-19-111 2466 -6852 -4222 -397 -72 26
10-44-19-122 3152 -8002 -3790 -607 -67 18
10-44-19-131 3888 -8412 -3772 -586 -40 22
10-44-19-199 4342 -9782 -4016 -602 99 10
10-44-19-223 4820 -10310 -4416 -618 12 -280
10-44-19-234 5700 -10756 -4608 -386 -355 -324
10-44-19-253 5982 -11730 -7172 -438 -364 -332
10-44-19-293 7794 -15822 -13114 -409 -634 -269
10-44-19-315 7264 -16668 -14202 -391 -449 57
10-44-19-416 6972 -17054 -15130 -386 -459 113
10-44-19-458 7416 -18722 -18204 -451 -585 -107
10-44-19-476 11258 -24114 -19978 -557 3 -129
10-44-19-491 14962 -32204 -26138 -515 -34 38
10-44-19-508 16930 -32768 -30616 -375 -590 -32
10-44-19-517 15256 -32768 -31162 -369 -630 309
10-44-19-526 13622 -32400 -30440 -375 -567 358
10-44-19-542 9294 -25614 -24270 -299 -292 -127
10-44-19-548 7598 -23442 -22296 80 -268 29
10-44-19-558 4166 -17478 -17938 168 -81 -210
10-44-19-563 4488 -16166 -15806 197 -84 -246
10-44-19-568 5492 -14574 -13818 224 -117 -251
10-44-19-604 7106 -12768 -9110 200 -268 -373
10-44-19-625 7566 -12176 -9386 133 -271 -285
10-44-19-645 7946 -11996 -9426 326 -278 101
10-44-19-670 5818 -11094 -8552 -53 13 151
10-44-19-685 4760 -10392 -7618 -119 49 514
10-44-19-697 3892 -9874 -6848 67 56 598
10-44-19-732 968 -8384 -7190 -311 -221 393
10-44-19-763 -70 -7664 -6628 -317 -525 602
10-44-19-772 -176 -7178 -6752 -320 -240 513
10-44-19-789 -736 -5328 -5600 -280 -280 285
10-44-19-797 164 -2714 -1734 -126 519 -430
10-44-19-810 820 -2304 -1402 -96 246 -468
10-44-19-815 650 -1764 -844 -68 217 -488
10-44-19-841 820 -1084 588 259 374 -781
10-44-19-850 556 -870 948 274 320 -793
10-44-19-863 234 -784 1256 287 -6 -794
10-44-19-889 588 102 500 325 62 -502
10-44-19-910 222 334 236 333 67 -489
10-44-19-927 -524 500 -116 355 118 -471
10-44-20-042 734 1160 -4 133 110 -477
10-44-20-056 1738 1056 224 145 22 -440
10-44-20-063 2810 366 228 135 -323 -621
10-44-20-070 2884 -1894 984 257 -302 -314
10-44-20-084 1012 -6092 -4998 -482 -383 323
10-44-20-089 902 -6446 -5612 -482 -305 284
10-44-20-094 970 -6664 -5964 -458 4 -49
10-44-20-136 1938 -8530 -5002 -575 109 -295
10-44-20-148 2500 -9076 -5200 -548 -94 -324
10-44-20-169 3058 -9754 -5086 -553 -60 -321
10-44-20-233 4658 -10526 -4780 -609 112 14
10-44-20-273 5024 -10860 -4968 -625 -268 22
10-44-20-285 5470 -11308 -5070 -386 -152 36
10-44-20-291 5556 -12044 -6800 -396 -387 47
10-44-20-296 6618 -15706 -13030 -801 -707 -49
10-44-20-331 7618 -24584 -19350 -581 -1089 61
10-44-20-338 7136 -26402 -23480 -586 -757 -258
10-44-20-347 7502 -28272 -28236 -493 -777 -223
10-44-20-470 11628 -31320 -32768 -636 57 -467
10-44-20-547 13054 -31674 -32768 -536 116 -816
10-44-20-558 14980 -32126 -32768 -378 -336 -646
10-44-20-565 16104 -30692 -32768 274 -598 -773
10-44-20-576 9802 -21564 -17420 -52 62 -379
10-44-20-614 5230 -15106 -14058 40 121 -310
10-44-20-631 5198 -14090 -13426 65 41 -352
10-44-20-640 4826 -12936 -13064 72 -299 -146
10-44-20-658 5860 -12300 -13828 41 -373 -381
10-44-20-770 5994 -8926 -10910 -329 53 321
10-44-20-778 5384 -8560 -10394 -327 73 354
10-44-20-785 4616 -7938 -10268 -337 106 381
10-44-20-797 3158 -6608 -9126 -365 257 184
10-44-20-905 454 -2938 -1774 253 410 -20
10-44-20-925 190 -2666 -1018 559 395 -24
10-44-20-935 -70 -1940 -698 615 404 -42
10-44-20-950 -1502 462 2500 500 244 -536
10-44-21-002 1728 -186 3774 -85 -90 -191
10-44-21-079 1696 -672 3930 0 117 -346
10-44-21-125 2076 -1254 3398 -177 62 15
10-44-21-135 1492 -1882 1870 -798 -377 -68
10-44-21-150 2652 -5688 -7596 -390 10 15
10-44-21-158 3410 -6468 -7324 -581 41 63
10-44-21-167 4414 -7202 -6616 -516 45 90
10-44-21-182 6714 -8550 -7000 -178 -263 104
10-44-21-199 7060 -9366 -7248 -166 -261 116
10-44-21-210 7268 -10156 -7150 -151 41 119
10-44-21-226 6796 -11792 -8004 -201 108 -119
10-44-21-253 7202 -12606 -8022 -247 55 -93
10-44-21-263 6664 -12988 -8534 -568 3 -48
10-44-21-273 5020 -13308 -8994 -407 -329 264
10-44-21-285 5394 -13834 -9072 -393 -153 269
10-44-21-306 5468 -17470 -13552 -244 -1040 -119
10-44-21-325 5424 -18682 -16116 -517 -1060 67
10-44-21-338 5528 -19954 -19234 -549 -742 1
10-44-21-402 8534 -24662 -27310 -426 -585 -155
10-44-21-415 9604 -26044 -30130 -398 -342 -191
10-44-21-422 11168 -27768 -32768 -572 -65 -228
10-44-21-427 14522 -30554 -32768 -124 591 -611
10-44-21-443 14738 -32768 -31144 254 -59 -382
10-44-21-448 13982 -32768 -30210 161 68 -279
10-44-21-454 13510 -32376 -28108 355 -289 -337
10-44-21-498 10168 -26642 -21574 -27 277 -603
10-44-21-513 9936 -24612 -19426 -54 559 -442
10-44-21-524 10102 -22378 -17750 -71 483 -507
10-44-21-559 9678 -18750 -14012 -51 637 -859
10-44-21-569 9820 -16612 -12484 -50 214 -886
10-44-21-590 9444 -15296 -11394 -41 329 -826
10-44-21-606 9742 -11972 -10818 -91 269 -557
10-44-21-616 9238 -11358 -9868 -66 286 -165
10-44-21-627 8618 -10538 -9346 -50 267 -298
10-44-21-681 7720 -9864 -8718 -67 1 -46
10-44-21-746 6856 -9928 -8590 -95 -318 292
10-44-21-753 6578 -9896 -8786 116 -348 357
10-44-21-761 5860 -10094 -8424 -257 -321 169
10-44-21-779 1002 -4172 -1540 -47 -367 -342
10-44-21-798 692 -3858 -576 -76 -302 -356
10-44-21-809 984 -3224 22 -113 38 -382
10-44-21-842 1724 -2940 156 -292 80 -343
10-44-21-854 2056 -2440 -334 -337 29 -331
10-44-21-877 1778 -2688 -830 -359 -280 -321
10-44-21-895 944 -2592 -1300 -319 -346 -316
10-44-21-901 832 -2308 -1480 -273 -355 -334
10-44-21-907 454 -1972 -2064 38 -352 -355
10-44-21-932 784 -1776 -2056 -42 -280 -134
10-44-21-954 964 -1784 -1774 257 -259 -139
10-44-21-964 1366 -2162 -1656 294 24 -380
10-44-21-982 1474 -2436 78 -37 90 -287
10-44-21-988 1800 -2834 236 -107 55 20
10-44-22-027 2164 -3172 760 50 7 59
10-44-22-037 2062 -3424 868 -237 -274 -111
10-44-22-054 1376 -2950 476 -560 22 -119
10-44-22-068 450 -3092 376 -624 6 96
10-44-22-083 -622 -2812 -1078 -498 -235 -350
10-44-22-095 -682 -2694 -1700 -772 -580 -152
10-44-22-110 -928 -2490 -3076 -779 -388 -203
10-44-22-134 1136 -2284 -5030 -437 -504 -560
10-44-22-147 1424 -2890 -5916 -388 -431 -542
10-44-22-155 2224 -3072 -6126 -598 -591 -250
10-44-22-183 4660 -5304 -7064 -241 -380 -280
10-44-22-191 5124 -6134 -7490 -217 -364 52
10-44-22-197 5266 -6908 -7494 -194 -143 118
10-44-22-220 6572 -9398 -7734 -246 -437 -94
10-44-22-248 6738 -10408 -8000 -558 -477 -108
10-44-22-262 6568 -11824 -8568 -397 -456 105
10-44-22-287 8234 -14234 -11466 -686 -558 12
10-44-22-297 7894 -14918 -13272 -1099 -202 8
10-44-22-307 7940 -14566 -15068 -954 -337 -275
10-44-22-330 8558 -14676 -17702 -762 -296 -153
10-44-22-347 8736 -14562 -18228 -847 -136 -187
10-44-22-363 7642 -14818 -18164 -395 -203 -185
10-44-22-385 9058 -17490 -21038 9 -542 -185
10-44-22-393 9580 -18744 -21724 71 -572 -152
10-44-22-402 10636 -19946 -22828 73 -540 -156
10-44-22-420 16734 -25964 -27758 -269 -78 -239
10-44-22-431 17478 -27870 -29516 36 197 -219
10-44-22-446 18218 -29546 -30694 30 441 -192
10-44-22-468 20012 -32768 -32804 56 1047 -326
10-44-22-484 20070 -32768 -32372 15 470 19
10-44-22-494 19548 -32768 -31568 -318 261 74
10-44-22-526 15264 -28650 -27272 -570 -633 -368
10-44-22-536 14210 -26442 -25024 -602 -556 -235
10-44-22-544 13016 -24090 -22932 -628 -155 -612
10-44-22-567 10320 -17634 -18250 -477 127 -854
10-44-22-573 10038 -16194 -17792 -795 119 -884
10-44-22-583 9426 -14272 -17738 -818 66 -848
10-44-22-621 9156 -9634 -16424 -464 44 -407
10-44-22-626 9476 -8764 -15520 -611 79 -600
10-44-22-633 9552 -7974 -14868 -229 78 -538
10-44-22-671 8750 -7154 -14218 3 -295 -380
10-44-22-677 8126 -7024 -14410 86 -342 -269
10-44-22-685 7832 -6774 -13940 -104 -383 112
10-44-22-720 6260 -6246 -11366 -11 -296 165
10-44-22-725 5934 -5782 -10144 -12 22 229
10-44-22-732 5722 -5606 -9462 -25 55 525
10-44-22-771 3886 -5474 -9342 -71 -73 554
10-44-22-812 3686 -5400 -8356 -83 264 527
10-44-22-823 3368 -5160 -7720 -79 350 248
10-44-22-830 1734 -4360 -4770 -28 196 361
10-44-22-842 1344 -3964 -4366 -3 219 309
10-44-22-856 1060 -3394 -4206 287 251 -16
10-44-22-868 -412 -2586 -1598 350 201 38
10-44-22-874 -874 -2320 -894 357 190 -291
10-44-22-879 -514 -2108 -632 346 144 -362
10-44-22-918 -308 -1522 -40 334 265 -249
10-44-22-926 100 -1628 38 357 -23 -537
10-44-22-934 140 -1224 -322 132 -59 -552
10-44-22-966 424 -646 -588 202 103 -564
10-44-22-977 1236 -770 -524 229 69 -555
10-44-22-987 1764 -694 -170 239 28 -525
10-44-23-016 3264 -1824 -168 353 -306 -300
10-44-23-025 4130 -2344 -460 -3 -314 62
10-44-23-032 4150 -2274 -810 -113 -331 -70
10-44-23-068 3510 -2446 -528 -325 -157 355
10-44-23-079 3070 -2484 -252 -181 -196 128
10-44-23-087 2498 -2548 -196 -549 -222 377
10-44-23-106 1398 -2496 -3170 -712 -254 -57
10-44-23-111 594 -2126 -3732 -1106 -245 123
10-44-23-116 380 -1192 -4630 -961 -220 25
10-44-23-148 994 -1476 -6512 -1354 3 -154
10-44-23-160 2630 -2678 -6812 -1317 113 -162
10-44-23-167 3108 -3678 -7352 -960 -66 -351
10-44-23-198 3060 -5890 -9286 -804 259 -94
10-44-23-212 3392 -5624 -8834 -393 -76 -46
10-44-23-218 3612 -5622 -8618 -255 75 -52
10-44-23-247 5078 -7668 -8448 7 -159 98
10-44-23-264 6260 -9054 -8834 36 -352 85
10-44-23-277 7194 -10360 -9090 48 -284 103
10-44-23-305 8494 -11756 -10448 109 -166 -74
10-44-23-314 8716 -12220 -11598 126 -553 -80
10-44-23-329 8810 -12814 -12834 -126 -437 -95
10-44-23-352 8742 -12964 -15886 -81 -789 85
10-44-23-367 8786 -13910 -16566 -71 -419 44
10-44-23-382 8980 -14700 -17746 -45 -247 9
10-44-23-399 9936 -16658 -19100 333 8 -294
10-44-23-415 11068 -17948 -20092 142 16 -308
10-44-23-422 12074 -19334 -20518 182 -314 -308
10-44-23-443 15544 -26178 -26214 311 -219 -322
10-44-23-457 16176 -27468 -28284 -96 -146 -131
10-44-23-465 17284 -29282 -29076 -85 -336 -145
10-44-23-489 19220 -30346 -29448 51 17 -228
10-44-23-506 19626 -30936 -28890 -281 -314 -221
10-44-23-515 20322 -31402 -29346 -381 -150 -166
10-44-23-549 17462 -28122 -29918 -467 -536 45
10-44-23-558 16272 -26068 -28620 -801 -159 0
10-44-23-564 15782 -23924 -26992 -809 -305 -372
10-44-23-588 11932 -18054 -21940 -535 -13 -481
10-44-23-612 10690 -16616 -21586 -212 315 -772
10-44-23-632 9808 -15892 -21094 -152 347 -475
10-44-23-647 7542 -11404 -19064 -264 -36 -170
10-44-23-654 7456 -10026 -17582 40 -102 -365
10-44-23-662 7382 -8662 -16442 70 84 -330
10-44-23-684 8368 -8252 -13446 96 -335 54
10-44-23-700 8718 -8162 -12974 58 -342 -91
10-44-23-710 8480 -8284 -13042 -274 -313 293
10-44-23-736 7906 -7768 -13158 -562 -123 247
10-44-23-754 7238 -7514 -12788 -577 264 552
10-44-23-764 6478 -6868 -12338 -581 169 560
10-44-23-784 4492 -5906 -10644 -158 631 255
10-44-23-935 2980 -5430 -9772 0 415 231
10-44-23-968 2356 -4892 -8714 -119 468 183
10-44-23-982 1056 -3886 -6448 146 455 139
10-44-23-992 236 -3354 -4518 252 422 356
10-44-24-008 768 2228 2478 838 -159 -231
10-44-24-019 1288 1942 2392 778 -196 -169
10-44-24-028 1856 1886 2070 450 -209 -339
10-44-24-046 1490 328 700 140 -178 -47
10-44-24-054 1418 -342 -46 277 -211 284
10-44-24-063 1180 -620 -848 -94 -254 343
10-44-24-139 1878 -1458 -2098 -348 -183 301
10-44-24-152 2058 -2182 -1724 -143 -376 267
10-44-24-164 2048 -3010 -2004 -208 -310 -36
10-44-24-184 3668 -6234 -4030 -797 -4 -147
10-44-24-191 3982 -7226 -4876 -779 353 -143
10-44-24-196 4660 -7686 -5394 -467 157 -371
10-44-24-224 6182 -8798 -5996 -245 28 -305
10-44-24-237 6706 -9248 -6796 -184 -143 -318
10-44-24-242 6960 -9324 -7808 -368 -245 -335
10-44-24-273 7940 -10306 -7852 24 -598 -189
10-44-24-281 8564 -10832 -8370 10 -613 -202
10-44-24-293 8676 -11528 -9372 -266 -634 -175
10-44-24-320 9348 -12950 -12776 -350 -427 -267
10-44-24-336 9548 -13486 -14056 -358 -421 25
10-44-24-341 9820 -14378 -15410 -355 -451 20
10-44-24-368 11204 -18060 -18548 -285 -421 -341
10-44-24-378 12034 -19952 -19890 11 -528 -373
10-44-24-384 12882 -23098 -21192 50 -292 -148
10-44-24-415 14976 -30374 -27860 51 438 -150
10-44-24-432 17678 -32768 -30470 24 792 -565
10-44-24-443 18952 -32768 -30012 -88 409 -246
10-44-24-479 23870 -32768 -26470 605 -611 -819
10-44-24-486 24484 -32768 -26482 573 -508 -883
10-44-24-493 25390 -32768 -27748 183 -482 -851
10-44-24-520 23808 -31164 -28956 102 -331 -548
10-44-24-526 22698 -28868 -27000 -283 -126 -248
10-44-24-531 21560 -26340 -24360 -365 -37 -231
10-44-24-568 17694 -21026 -18328 -312 35 -622
10-44-24-587 15234 -19578 -18344 40 -382 -554
10-44-24-603 13432 -17334 -18748 95 -212 -186
10-44-24-626 10524 -11910 -17162 106 -333 14
10-44-24-637 9660 -10614 -15626 122 25 37
10-44-24-652 10364 -9216 -14668 124 -105 18
10-44-24-674 10942 -8966 -10836 272 -122 -102
10-44-24-681 10656 -9370 -9694 300 41 274
10-44-24-688 10254 -9318 -9318 275 -302 171
10-44-24-792 7920 -8024 -7174 33 -235 490
10-44-24-804 7190 -7388 -6508 -305 -213 770
10-44-24-814 5964 -6992 -6126 -376 -140 498
10-44-24-830 -794 -2506 -3814 49 102 309
10-44-24-845 -808 -2108 -3244 -110 93 -14
10-44-24-854 -888 -1576 -2498 -8 114 -80
10-44-24-872 -482 -432 -1468 542 -39 0
10-44-24-884 -234 -640 -1180 635 -52 -275
10-44-24-896 -432 -572 -848 457 -77 -282
10-44-24-962 -792 -198 -96 814 105 -288
10-44-24-980 -1080 -254 204 833 69 -285
10-44-24-994 -1316 36 376 825 47 -291
10-44-25-012 1598 -1374 670 319 -127 -303
10-44-25-022 2322 -1548 696 -68 92 1
10-44-25-035 2658 -1824 1280 73 55 68
10-44-25-069 2220 -3532 -128 -241 112 -60
10-44-25-080 2160 -3744 -494 -546 125 -53
10-44-25-098 2154 -3800 -886 -571 61 -81
10-44-25-106 420 -3642 -1516 -628 -548 -302
10-44-25-114 446 -3252 -2618 -418 -579 -152
10-44-25-147 978 -3764 -3642 -481 -557 -246
10-44-25-169 3124 -4948 -6630 -687 24 -581
10-44-25-186 3700 -4794 -6876 -674 122 -560
10-44-25-202 4176 -5484 -6614 -870 -33 -562
10-44-25-213 6238 -6628 -7938 -197 360 -242
10-44-25-222 6784 -7202 -8044 -310 318 -182
10-44-25-240 7420 -8014 -7600 75 271 -363
10-44-25-253 8584 -10542 -6864 325 117 -263
10-44-25-260 8828 -11602 -6406 362 21 -269
10-44-25-289 8322 -12386 -5752 359 -323 -302
10-44-25-357 8468 -12952 -6304 259 -171 -356
10-44-25-375 8234 -13652 -7432 -84 -210 -324
10-44-25-388 8452 -14104 -8350 39 -246 -326
10-44-25-403 9202 -14940 -11382 -179 -597 -277
10-44-25-412 16002 -23062 -20256 -610 -248 -316
10-44-25-420 17222 -26020 -22838 -397 -309 -300
10-44-25-435 17902 -28350 -26024 -510 -85 -169
10-44-25-451 20782 -31970 -27532 -307 537 -191
10-44-25-458 21538 -32444 -26692 112 233 -174
10-44-25-487 22726 -32768 -26182 -24 373 -154
10-44-25-494 22874 -32768 -22552 201 -415 96
10-44-25-507 22038 -32768 -20860 155 -656 -90
10-44-25-532 21560 -32768 -20078 -12 -693 -57
10-44-25-547 19706 -29734 -17300 -592 -573 52
10-44-25-553 19074 -27220 -18288 -490 -165 -290
10-44-25-581 17774 -24412 -19284 -793 -293 -313
10-44-25-600 12546 -15806 -18476 -518 114 -315
10-44-25-605 10944 -14716 -17034 -371 95 -318
10-44-25-634 9654 -14116 -16904 -276 46 -281
10-44-25-640 7986 -11742 -15708 -63 -533 280
10-44-25-645 7410 -10678 -14036 -15 -600 372
10-44-25-685 8280 -9876 -12014 271 -593 144
10-44-25-694 9450 -9822 -8942 351 -216 150
10-44-25-702 9548 -10298 -8478 133 -170 195
10-44-25-762 8874 -10674 -7836 149 -189 528
10-44-25-780 5374 -10306 -8810 330 -595 868
10-44-25-790 4522 -9304 -9340 317 -583 656
10-44-25-804 2630 -5826 -7358 586 98 507
10-44-25-813 2276 -5358 -6770 443 -48 452
10-44-25-822 2166 -5234 -5576 806 272 393
10-44-25-847 228 -4192 -2694 712 -7 530
10-44-25-861 274 -3856 -2394 708 -49 228
10-44-25-879 -76 -3230 -2058 689 -81 162
10-44-25-896 -1204 -2650 14 646 299 -58
10-44-25-904 -1200 -2430 82 877 291 108
10-44-25-911 -1400 -2340 -308 848 -31 29
10-44-25-931 -508 -2136 -232 836 -282 -164
10-44-25-945 52 -1758 -1136 846 -325 -227
10-44-25-950 240 -1842 -1536 869 -332 -532
10-44-26-045 2358 -2106 -1008 763 82 -614
10-44-26-058 2772 -2888 -718 1085 98 -401
10-44-26-087 3208 -3796 -958 1115 106 -407
10-44-26-100 4100 -6324 -1798 1078 50 -637
10-44-26-107 11902 -15932 398 209 -471 -94
10-44-26-114 12174 -17566 -752 -28 -462 205
10-44-26-121 11394 -18710 -2406 -292 -441 774
10-44-26-194 9448 -17684 -4916 -674 -810 1123
10-44-26-207 8074 -16666 -4634 -712 -445 1053
10-44-26-224 6800 -16476 -4176 -718 -403 652
10-44-26-239 2620 -15578 -4510 -673 -597 409
10-44-26-247 2068 -12084 -244 -799 -1376 48
10-44-26-254 3114 -12342 256 -890 -1560 2
10-44-26-266 3668 -11506 654 -740 -1468 83
10-44-26-332 4012 -10048 3890 -1614 -2399 343
10-44-26-350 4572 -9216 4000 -1909 -2637 182
10-44-26-360 5110 -8806 4354 -1936 -2868 581
10-44-26-379 4798 -3220 4628 -4478 -4451 2204
10-44-26-389 4142 -2396 3724 -4501 -4230 2867
10-44-26-398 2852 -800 3470 -4986 -4414 3050
10-44-26-434 1208 1340 3400 -4834 -3892 3928
10-44-26-447 1498 2138 4468 -5394 -3269 4044
10-44-26-468 804 2816 5754 -5928 -2970 4703
10-44-26-494 -11310 15856 2036 -7346 -2371 3946
10-44-26-517 -11384 21408 1224 -7737 -1682 4094
10-44-26-524 -7546 24458 2580 -7768 -1767 5019
10-44-26-546 -14056 32511 3982 -7894 -1254 4631
10-44-26-555 -17774 32511 2826 -7722 -1565 4358
10-44-26-583 -19590 32511 -6 -7114 -1417 4001
10-44-26-607 -18930 32511 -4206 -7047 -981 4257
10-44-26-624 -20290 32511 -5666 -6842 -823 4438
10-44-26-630 -20556 32511 -5910 -6953 -263 4023
10-44-26-650 -15738 32511 -142 -5797 983 2723
10-44-26-749 -14160 32511 518 -5057 1073 2588
10-44-26-763 -12910 32511 -236 -4668 419 2119
10-44-26-770 -9142 32511 -518 -3078 -996 1085
10-44-26-781 -11146 26996 -8202 -2361 -3739 -647
10-44-26-860 -13010 11268 -6542 -976 1374 527
10-44-26-874 -12924 9114 -6234 -943 2613 510
10-44-26-900 -16668 9154 -4534 -1339 3651 1135
10-44-26-914 -19032 12844 -1634 -1520 4747 1291
10-44-26-927 -10076 19186 -2526 -73 5409 1646
10-44-26-934 -11022 20420 -3192 520 5194 1609
10-44-26-941 -11272 21246 -2688 851 4954 1269
10-44-26-957 -10504 22692 1282 1428 4197 965
10-44-26-963 -10238 23638 1978 1681 3859 1068
10-44-26-971 -9220 23550 3098 1964 3044 709
10-44-27-000 -9564 22076 5234 2897 1564 -16
10-44-27-025 -8908 21154 6590 2721 1051 -315
10-44-27-036 -9504 21370 7670 2735 420 -547
10-44-27-055 -12106 19910 8414 2468 458 -765
10-44-27-066 -12870 19620 8252 2278 898 -1099
10-44-27-087 -12488 18838 7940 2022 1648 -1115
10-44-27-116 -9416 18186 8886 1230 2631 -1126
10-44-27-127 -8368 17542 9748 1314 2674 -1129
10-44-27-138 -7792 17528 9982 897 2301 -1129
10-44-27-159 -6374 16744 9490 846 1760 -1108
10-44-27-171 -6558 15282 7962 419 1468 -1098
10-44-27-190 -7256 14172 6118 214 1230 -1098
10-44-27-212 -7368 11852 4410 -180 928 -932
10-44-27-226 -7242 11142 4468 -588 900 -986
10-44-27-248 -7020 10626 4004 -445 1139 -1297
10-44-27-270 -6164 9778 3188 -646 1123 -1241
10-44-27-277 -5898 9552 2536 -690 1107 -1550
10-44-27-284 -5750 8948 2656 -731 1069 -1589
10-44-27-304 -5334 9322 1098 -1076 646 -1423
10-44-27-317 -5918 10252 -346 -1105 849 -1483
10-44-27-327 -5696 11108 -860 -1128 782 -1816
10-44-27-432 -4458 12126 464 -905 223 -1766
10-44-27-449 -4376 13344 626 -906 336 -2064
10-44-27-460 -4732 15100 -182 -905 -25 -2061
10-44-27-469 -3540 18614 -2822 -1581 1407 -1102
10-44-27-492 -1662 16398 -5716 -1107 1368 -1308
10-44-27-503 -1028 16374 -5086 -1149 1005 -1289
10-44-27-509 -192 16568 -4596 -910 1141 -985
