10-40-06-986 -7920 13758 3414 1 -278 5
10-40-07-008 -7908 13932 3330 -258 -263 6
10-40-07-022 -7818 13912 3408 -258 -263 3
10-40-07-046 -7954 13728 3358 -258 -267 -257
10-40-07-062 -8292 13728 3148 -270 1 7
10-40-07-072 -7934 13752 3100 -272 3 4
10-40-07-087 -8268 13714 3108 -273 2 2
10-40-07-094 -7892 13732 3078 -260 -271 -261
10-40-07-098 -7898 13706 2754 2 -271 -260
10-40-07-129 -7922 13804 3154 6 -266 -260
10-40-07-138 -7932 13820 3110 14 1 -261
10-40-07-143 -8044 13696 3120 15 4 -263
10-40-07-162 -8042 13732 3054 16 5 -264
10-40-07-178 -8038 14148 3354 12 -257 -262
10-40-07-188 -7986 13814 3356 14 -259 -261
10-40-07-211 -8042 13774 3064 15 -260 -261
10-40-07-305 -7572 13806 3204 15 -258 -262
10-40-07-330 -7950 13698 3418 15 -263 -259
10-40-07-350 -7662 13934 3214 16 -267 -257
10-40-07-360 -8016 13758 3240 14 -264 7
10-40-07-372 -8064 13756 3388 -268 -258 0
10-40-07-379 -7814 13750 3366 -267 -259 -257
10-40-07-392 -7874 14110 3372 -266 -263 -258
10-40-07-457 -7840 13712 3402 -272 -268 -262
10-40-07-493 -7872 13712 3032 -275 -264 -266
10-40-07-508 -7858 13772 3008 -277 -260 -267
10-40-07-517 -8024 13786 3032 -278 -260 -269
10-40-07-530 -7996 13746 3156 -266 -271 -267
10-40-07-549 -8002 13942 3020 -263 -273 -266
10-40-07-559 -7998 13750 3016 -260 -270 -263
10-40-07-594 -7952 13806 2960 0 0 -258
10-40-07-611 -8020 13816 3018 2 -266 -259
10-40-07-618 -7972 13796 3026 4 -274 -261
10-40-07-628 -7878 13776 3020 8 -270 -257
10-40-07-633 -7874 13696 2998 8 -264 -257
10-40-07-638 -7846 13770 3048 8 -261 -257
10-40-07-649 -8202 13748 3406 9 -271 -262
10-40-07-664 -7882 13950 3346 9 -269 -263
10-40-07-669 -7886 13770 3342 7 -267 -264
10-40-07-712 -7858 13934 3446 3 0 -266
10-40-07-725 -7876 13940 3380 1 -257 -267
10-40-07-736 -7850 13928 3270 -257 -258 -266
10-40-07-758 -7852 13734 3216 -259 3 -266
10-40-07-764 -7874 13734 3426 -260 7 -268
10-40-07-775 -7834 13766 3232 -261 5 -267
10-40-07-793 -7820 13708 3432 -262 -260 -269
10-40-07-802 -7930 13922 3050 -264 2 -267
10-40-07-807 -8038 13702 3388 -263 10 -266
10-40-07-851 -7970 13808 3422 -263 0 -263
10-40-07-862 -7836 13798 3334 -264 -262 -261
10-40-07-870 -7866 13926 3066 -263 3 -258
10-40-07-915 -7994 13818 3328 -263 18 5
10-40-07-931 -7824 13746 3368 -263 20 6
10-40-07-937 -7960 13932 3410 -263 22 6
10-40-07-989 -8006 14124 3332 1 -257 5
10-40-08-010 -7984 14174 3058 3 -265 7
10-40-08-019 -8060 14090 2982 4 -265 14
10-40-08-030 -7862 13724 3358 5 7 18
10-40-08-051 -7844 13748 2968 6 1 10
10-40-08-062 -7876 13806 2954 10 -261 9
10-40-08-072 -7874 13780 3054 14 -264 9
10-40-08-088 -8196 13776 3070 17 0 7
10-40-08-103 -8222 13744 3070 15 8 7
10-40-08-112 -7846 13950 3054 12 14 5
10-40-08-143 -7884 14096 3384 8 -258 -257
10-40-08-157 -7862 13942 3216 11 -266 0
10-40-08-166 -8234 13904 3390 13 -266 -258
10-40-08-186 -7850 13880 3048 14 -259 -265
10-40-08-204 -7864 13902 3384 14 -258 -266
10-40-08-220 -7890 13902 3206 14 -257 -264
10-40-08-256 -8202 13906 3416 12 19 -258
10-40-08-266 -8054 13722 3372 11 24 -258
10-40-08-275 -7812 13696 3398 10 24 -258
10-40-08-296 -7864 13920 3406 5 10 -268
10-40-08-312 -7810 13888 3234 2 9 -268
10-40-08-320 -7814 13908 3424 0 10 -270
10-40-08-340 -7984 13712 3246 -268 -262 -276
10-40-08-357 -7854 13712 3214 -269 -263 -277
10-40-08-364 -7994 13914 3418 -270 -261 -276
10-40-08-385 -7668 13746 3036 -272 -258 -267
10-40-08-389 -8038 13730 3338 -274 -261 -266
10-40-08-393 -8020 13750 3370 -272 -263 -265
10-40-08-437 -7876 13762 3144 -269 -259 -261
10-40-08-448 -7882 13736 3006 -267 -257 -260
10-40-08-465 -8224 13950 2988 -264 1 -260
10-40-08-487 -8276 13754 2944 -260 -260 -262
10-40-08-494 -8278 13698 2946 -260 -261 -267
10-40-08-503 -8210 13742 3000 -259 -258 -266
10-40-08-537 -7886 13800 3138 1 14 -263
10-40-08-544 -7914 14092 3060 3 14 -264
10-40-08-553 -7904 13748 3000 6 11 -264
10-40-08-577 -8062 13752 3014 14 16 -267
10-40-08-588 -8222 13732 3070 16 17 -264
10-40-08-592 -7898 13750 3334 17 14 -267
10-40-08-629 -8050 13738 3046 19 9 -268
10-40-08-641 -7848 13704 3432 20 7 -267
10-40-08-647 -7854 13704 3368 19 9 -267
10-40-08-686 -7994 13744 3384 19 9 -258
10-40-08-691 -8010 13936 3356 18 15 2
10-40-08-696 -7980 13898 3438 17 20 6
10-40-08-738 -8014 13940 3392 13 21 15
10-40-08-743 -8048 13940 3448 9 17 16
10-40-08-748 -8000 13894 3200 9 16 15
10-40-08-774 -7844 13740 3374 0 3 11
10-40-08-788 -7860 13918 3208 -258 -259 12
10-40-08-792 -7892 13710 3344 -261 -260 11
10-40-08-824 -7908 13744 3014 -257 5 8
10-40-08-831 -7898 13740 2948 -257 3 6
10-40-08-840 -7898 13876 3172 -259 -257 4
10-40-08-877 -7914 13890 2964 0 5 1
10-40-08-882 -7896 13778 3160 0 9 3
10-40-08-887 -7916 13730 2986 0 10 5
10-40-08-915 -8272 13720 2960 6 4 3
10-40-08-924 -8194 13738 3172 7 3 0
10-40-08-928 -8214 13758 3000 7 2 -259
10-40-08-968 -7884 13898 3022 5 15 -257
10-40-08-972 -8054 13770 2980 5 20 2
10-40-08-980 -7858 13894 3146 8 21 2
10-40-09-024 -7600 13730 2972 15 12 -262
10-40-09-037 -7974 13792 3374 16 -258 -259
10-40-09-043 -8020 14148 3382 19 -268 -257
10-40-09-070 -7894 13796 2988 19 -271 12
10-40-09-086 -7908 13750 3338 15 -267 11
10-40-09-095 -7924 13896 3018 11 -263 8
10-40-09-112 -7918 13850 3176 0 2 9
10-40-09-124 -7826 13876 3010 1 8 10
10-40-09-129 -7830 13720 3002 3 12 11
10-40-09-164 -7854 13774 3184 19 9 9
10-40-09-171 -7904 13780 3052 20 1 9
10-40-09-182 -7872 13706 3008 19 -266 7
10-40-09-215 -8232 13734 3362 4 3 -257
10-40-09-228 -7896 13756 3340 1 6 -260
10-40-09-237 -7872 13944 3336 -257 5 -264
10-40-09-266 -7878 13866 3168 1 -268 -268
10-40-09-285 -8194 13864 3174 1 -266 -269
10-40-09-316 -8252 13844 3142 3 -259 -271
10-40-09-328 -7854 13724 2990 9 10 -262
10-40-09-335 -7838 13762 3058 10 11 -260
10-40-09-343 -8064 13728 3342 12 8 -259
10-40-09-362 -8062 13892 3026 8 0 -262
10-40-09-367 -8044 13904 3038 8 3 -264
10-40-09-375 -8046 13910 3040 3 2 -263
10-40-09-406 -7812 13722 2992 0 6 -263
10-40-09-414 -8012 13948 3052 1 8 -262
10-40-09-419 -8002 13772 2994 2 8 -262
10-40-09-465 -7978 13942 3352 2 12 2
10-40-09-473 -7988 13742 3026 0 14 2
10-40-09-482 -7586 13752 3328 0 14 2
10-40-09-505 -7948 13806 3334 -262 -257 0
10-40-09-512 -7676 13800 2982 -263 -260 2
10-40-09-518 -7986 13818 3352 -263 -261 1
10-40-09-562 -7958 14092 3168 -262 -266 3
10-40-09-575 -7944 14100 3054 -260 -272 5
10-40-09-585 -8018 14084 3150 -259 -273 7
10-40-09-608 -8008 13922 3178 0 -273 13
10-40-09-619 -7992 13782 2954 3 -275 14
10-40-09-635 -7834 13744 3104 7 -276 17
10-40-09-658 -7910 13718 3118 17 -262 23
10-40-09-685 -7936 13740 3194 19 -257 23
10-40-09-693 -8060 13752 3128 21 1 24
10-40-09-705 -8214 13800 3066 21 -257 21
10-40-09-710 -8232 13794 3028 21 -258 19
10-40-09-719 -8244 13698 3060 19 -257 15
10-40-09-747 -7878 13714 3054 14 -262 10
10-40-09-751 -7934 13728 3358 12 -261 7
10-40-09-755 -8218 13742 3048 10 -258 5
10-40-09-843 -7882 13928 3344 7 7 2
10-40-09-902 -8050 13702 3056 5 4 1
10-40-09-928 -7844 13746 3028 4 0 -259
10-40-09-939 -7818 13936 3378 -259 -262 -261
10-40-09-951 -7966 13816 2990 -266 8 -258
10-40-09-956 -7948 14104 2982 4 -290 -262
10-40-09-961 -7668 13810 2992 8 -290 0
10-40-09-984 -7990 13822 3024 8 -284 4
10-40-10-008 -8054 13874 3146 -257 -257 10
10-40-10-024 -7948 13872 3126 -259 2 9
10-40-10-058 -7674 13726 2944 -260 3 9
10-40-10-068 -7956 14110 2994 1 -266 6
10-40-10-078 -7656 14100 3034 4 -276 7
10-40-10-096 -7962 14102 3070 6 -284 8
10-40-10-105 -8030 13804 3328 2 -269 11
10-40-10-114 -8048 13732 3042 0 -262 10
10-40-10-131 -8016 13810 2944 -258 -260 10
10-40-10-153 -7950 13790 3044 1 -271 7
10-40-10-161 -7974 13734 2994 5 -280 7
10-40-10-184 -7938 13914 3006 6 -288 4
10-40-10-203 -7972 13794 2956 14 -301 -261
10-40-10-212 -7966 13782 2980 20 -312 -265
10-40-10-287 -7824 13810 3026 30 -330 -268
10-40-10-309 -7674 13722 2988 68 -145 -286
10-40-10-318 -8026 13862 3174 81 -160 -289
10-40-10-328 -8280 13548 3342 90 -168 -288
10-40-10-391 -11842 13436 6224 29 -854 -593
10-40-10-400 -13302 13338 7792 -313 -1038 -459
10-40-10-415 -15870 13296 8638 -143 -945 -858
10-40-10-438 -20446 14828 9986 -576 -1416 -1403
10-40-10-446 -28628 20366 20094 -1527 -4187 -3799
10-40-10-458 -29346 20762 18612 -2255 -3882 -4362
10-40-10-475 -28084 20494 19302 -3358 -3395 -4260
10-40-10-481 -23656 17954 18390 -4836 -1276 -4521
10-40-10-491 -22372 17884 18596 -5022 -752 -4875
10-40-10-523 -20368 18024 20294 -5024 -440 -4750
10-40-10-540 -16870 17584 17980 -5176 -454 -4835
10-40-10-546 -16252 16408 16146 -5209 -632 -5134
10-40-10-584 -15084 15666 14552 -5069 -241 -5165
10-40-10-608 -11812 15068 13662 -5524 -6 -5044
10-40-10-624 -10082 14610 14180 -5951 -29 -5222
10-40-10-640 -7606 13990 13194 -5836 67 -4824
10-40-10-650 -4786 11468 6774 -5787 1100 -3999
10-40-10-657 -3396 10772 2224 -5565 1702 -3956
10-40-10-679 -594 9522 -1500 -5263 2552 -3483
10-40-10-692 13468 5106 -11026 -4196 3350 -2909
10-40-10-703 18206 4310 -11948 -3314 2185 -2242
10-40-10-737 19990 4018 -13636 -2869 960 -1801
10-40-10-755 11254 2612 -17076 -518 -762 545
10-40-10-775 10086 2666 -16978 219 -692 1031
10-40-10-795 8930 2832 -15678 925 -874 1263
10-40-10-819 5578 3310 -9680 2694 -873 2490
10-40-10-834 4834 3950 -7984 3420 -674 2801
10-40-10-854 4400 4544 -6240 3842 -1032 3328
10-40-10-866 -262 7724 436 4874 -1538 4117
10-40-10-875 -2422 8838 3498 5146 -1518 4092
10-40-10-900 -4198 10310 6064 5417 -1762 4305
10-40-10-918 -5418 12474 9032 5954 -2153 4884
10-40-10-927 -7750 13428 10656 5795 -1862 4762
10-40-10-939 -9806 15538 12374 5862 -1249 4817
10-40-10-946 -17080 24764 22576 6369 -871 5178
10-40-10-952 -17446 26658 24934 6588 -1150 5080
10-40-10-970 -17776 25822 23348 6966 -1351 5469
10-40-10-976 -19486 25430 18170 5307 554 4624
10-40-10-982 -19546 27196 18894 4913 1376 4203
10-40-11-012 -21208 26668 18222 4051 2093 3729
10-40-11-026 -24538 25104 15572 2524 2225 3057
10-40-11-031 -24210 24842 17820 2378 1820 2931
10-40-11-059 -23848 23416 19160 2049 828 2273
10-40-11-081 -28820 16558 17908 656 -1503 744
10-40-11-095 -30278 14690 16558 274 -1911 251
10-40-11-112 -30762 13446 15870 -459 -1515 -265
10-40-11-131 -29016 15766 19404 -2358 -758 -1484
10-40-11-139 -28258 17068 21080 -2639 -879 -2172
10-40-11-161 -27228 18410 21432 -2866 -815 -2570
10-40-11-169 -23228 21898 21228 -3700 -1058 -3528
10-40-11-176 -22632 22670 21068 -4129 -958 -3822
10-40-11-206 -21056 23588 20730 -4610 -1292 -4062
10-40-11-217 -17614 22236 18224 -5521 -230 -4705
10-40-11-224 -16062 19670 14170 -5925 152 -4683
10-40-11-254 -14296 18228 13102 -6005 1029 -4519
10-40-11-265 -11148 18246 12404 -5554 1544 -4965
10-40-11-270 -10732 16064 11936 -5305 1592 -4903
10-40-11-306 -9122 15068 11058 -5394 1557 -4608
10-40-11-317 -4788 11796 5490 -4918 1221 -4641
10-40-11-323 -4322 10042 5276 -4554 1568 -4325
10-40-11-366 -2940 4340 6886 -3777 1066 -4159
10-40-11-377 22 3732 4568 -3579 413 -3854
10-40-11-388 900 3180 2838 -3681 191 -3438
10-40-11-414 344 -1462 -3468 -2765 778 -2606
10-40-11-422 -4 -2814 -4934 -2514 1073 -2395
10-40-11-435 1352 -3282 -7546 -2210 1308 -2129
10-40-11-468 7640 -4286 -10506 -908 638 -1053
10-40-11-479 7006 -4802 -10656 -386 -40 -631
10-40-11-489 3036 -5540 -10356 115 8 73
10-40-11-505 42 -6014 -6912 1392 -317 1030
10-40-11-514 -792 -5760 -6168 1521 -516 1018
10-40-11-525 -228 -4748 -5818 2133 -489 1233
10-40-11-567 -1170 -3042 -4930 2707 -649 2131
10-40-11-580 -2232 -2616 -4204 3132 -609 2346
10-40-11-592 -2950 -1522 -2968 3018 -284 2295
10-40-11-610 -1234 1802 1794 3646 -307 2962
10-40-11-618 -1030 2752 4274 3515 -419 3424
10-40-11-625 -1802 4392 5046 3906 -1150 3669
10-40-11-657 -5738 8020 6584 4013 -1449 3810
10-40-11-671 -7074 9590 7138 4227 -1625 4213
10-40-11-683 -8184 11248 7626 4644 -1392 4081
10-40-11-708 -12002 17768 14442 4534 -456 4322
10-40-11-722 -11480 21022 17848 4509 -706 4612
10-40-11-737 -13218 22438 18830 4570 -938 4516
10-40-11-761 -20606 22090 13884 4060 632 4271
10-40-11-774 -21310 22548 12384 4117 1375 4084
10-40-11-787 -22362 22596 11336 3949 2096 4221
10-40-11-807 -20308 25712 16362 3305 1986 3612
10-40-11-816 -19770 25704 18038 3311 1472 3402
10-40-11-830 -20036 24578 19276 3216 1056 3088
10-40-11-852 -23182 16238 14060 2224 -836 1666
10-40-11-862 -24670 14110 13392 1880 -1066 1252
10-40-11-873 -26196 12524 14142 970 -1096 1063
10-40-11-895 -28088 10456 16454 -627 -849 -347
10-40-11-905 -27416 11800 15512 -1083 -835 -510
10-40-11-923 -25794 12464 14588 -1224 -892 -897
10-40-11-952 -25592 13748 16502 -2203 -1141 -1929
10-40-11-964 -25418 14864 17356 -2467 -906 -2258
10-40-11-974 -25342 15906 19580 -2710 -941 -2848
10-40-11-997 -24518 19128 19376 -3212 -1008 -3235
10-40-12-007 -24310 20304 19086 -3505 -971 -3509
10-40-12-039 -23652 20462 19506 -3838 -910 -3777
10-40-12-054 -20548 21568 18666 -4981 -715 -4296
10-40-12-064 -18460 20652 17058 -5210 -654 -4633
10-40-12-069 -17220 18588 16156 -5092 -505 -4674
10-40-12-087 -13888 14908 12124 -5109 -37 -4622
10-40-12-102 -12312 14338 10864 -5239 225 -4634
10-40-12-108 -11780 13384 10082 -5165 633 -4340
10-40-12-140 -7800 10344 7246 -4735 453 -4269
10-40-12-146 -6152 9774 5796 -4295 595 -4363
10-40-12-152 -6240 8218 6656 -4390 236 -4213
10-40-12-262 -5686 5956 9990 -3794 -362 -3855
10-40-12-296 -6796 4900 8990 -3891 -256 -3623
10-40-12-305 -7012 4054 7442 -3547 -581 -3439
10-40-12-315 7790 -4088 -13862 -2077 787 -1757
10-40-12-335 8970 -3974 -15248 -1195 359 -1279
10-40-12-346 9298 -3744 -16954 -810 92 -1047
10-40-12-381 6672 -3038 -12992 901 -110 415
10-40-12-391 6378 -2438 -11638 1652 -120 1129
10-40-12-401 6310 -2146 -9470 2092 45 1562
10-40-12-417 4910 -466 -6614 2821 -384 2377
10-40-12-443 3984 326 -5536 3144 -157 2499
10-40-12-451 3544 914 -4460 3425 -193 3108
10-40-12-469 310 4484 -1650 4119 -238 3735
10-40-12-479 -648 5526 -222 4037 -546 3971
10-40-12-486 -1718 6986 1164 4433 -435 4438
10-40-12-497 -7102 11604 9070 4555 -972 4788
10-40-12-508 -9572 13926 11144 4738 -1178 5168
10-40-12-522 -11944 16240 12356 5200 -1250 5391
10-40-12-538 -14272 21150 14858 5342 -639 5492
10-40-12-545 -15522 23592 18302 5320 -527 5412
10-40-12-553 -18166 26192 18516 5331 -559 5409
10-40-12-577 -25084 25476 16966 5172 248 4925
10-40-12-598 -23672 24342 14008 4545 1068 4257
10-40-12-633 -20540 24566 12520 4444 1598 3802
10-40-12-655 -21516 26218 12238 3680 2012 3176
10-40-12-665 -21036 26290 14514 3252 2173 2805
10-40-12-675 -21164 25656 16222 3427 1867 2786
10-40-12-693 -23390 17788 17744 2895 -307 2194
10-40-12-702 -23224 14600 17616 2401 -881 1875
10-40-12-713 -23870 11228 16752 1516 -988 985
10-40-12-734 -28024 9980 15122 -827 -1061 -389
10-40-12-743 -26680 11622 15568 -1197 -661 -1040
10-40-12-753 -25452 12816 16288 -1684 -874 -1395
10-40-12-783 -25170 15870 17274 -2625 -1133 -2165
10-40-12-793 -24480 17936 16820 -2862 -1153 -2592
10-40-12-800 -24008 19070 16694 -3087 -1491 -2749
10-40-12-817 -25088 21124 18030 -3723 -2067 -3724
10-40-12-830 -25624 22750 18916 -4023 -1862 -4190
10-40-12-837 -24712 24616 19294 -4273 -1594 -4377
10-40-12-875 -20610 22394 16878 -5142 -784 -4729
10-40-12-880 -18176 20424 16622 -5073 -430 -4520
10-40-12-889 -16466 19218 16430 -5456 -494 -4494
10-40-12-919 -14172 14760 14510 -5342 -863 -4227
10-40-12-939 -14260 14240 13818 -5340 -523 -4368
10-40-12-950 -13866 14104 12170 -5253 263 -4059
10-40-12-975 -10256 10870 8712 -4996 1506 -3982
10-40-12-987 -7488 10284 7570 -5140 1867 -4058
10-40-13-018 -4452 9138 8810 -4969 1423 -4073
10-40-13-031 -3704 6454 8812 -4054 19 -3715
10-40-13-042 -3644 5886 5612 -4167 -543 -3503
10-40-13-064 -2714 5462 2728 -3817 -625 -3430
10-40-13-070 892 722 -3304 -3528 604 -2541
10-40-13-076 3250 -196 -7082 -3597 714 -2645
10-40-13-082 5564 -1174 -10392 -3039 903 -2183
10-40-13-110 8432 -1692 -14332 -2392 694 -1442
10-40-13-120 8174 -2346 -16538 -1514 863 -973
10-40-13-127 7934 -2458 -17656 -1068 868 -771
10-40-13-162 11358 -1142 -14700 1196 -339 647
10-40-13-183 9838 -1330 -13890 2079 -812 1379
10-40-13-195 8038 -616 -12856 2643 -759 1531
10-40-13-223 3808 2628 -8992 3841 -586 2764
10-40-13-237 2822 3928 -6920 3796 -185 3394
10-40-13-250 414 4900 -3382 4188 -151 3464
10-40-13-269 -2762 7990 6656 4230 -1319 4447
10-40-13-283 -4956 9670 8512 4724 -1410 4261
10-40-13-305 -7548 10920 8628 4975 -1512 4655
10-40-13-327 -12762 15764 9430 5021 -1034 4605
10-40-13-339 -15786 17930 13456 5056 -771 4866
10-40-13-359 -18046 19644 19904 5031 -811 4594
10-40-13-370 -23898 20742 20024 5638 -514 5496
10-40-13-378 -22340 21752 14832 5381 575 5074
10-40-13-387 -19132 22706 11768 4834 1239 4838
10-40-13-408 -26440 28722 19424 3728 2519 3982
10-40-13-425 -25772 28752 20454 3941 2339 4167
10-40-13-436 -24256 27392 20688 3954 1421 4132
10-40-13-455 -25548 17916 15416 2996 -6 2621
10-40-13-463 -24896 15902 15232 2487 -65 2059
10-40-13-469 -26016 13380 16052 2141 107 1557
10-40-13-500 -27812 9102 16610 877 -351 605
10-40-13-522 -27174 8532 16274 -26 -520 115
10-40-13-535 -25986 9532 15554 -611 -441 -607
10-40-13-561 -26408 13104 16858 -1696 -761 -1841
10-40-13-575 -25570 14234 17876 -2024 -1060 -1986
10-40-13-593 -25458 16002 18522 -2290 -910 -2644
10-40-13-618 -24186 19778 17968 -3390 -1640 -3461
10-40-13-631 -23762 20684 18382 -3479 -1662 -3769
10-40-13-650 -23986 22292 19640 -3800 -1595 -4037
10-40-13-669 -21964 24670 19414 -4526 -1140 -4566
10-40-13-689 -19914 23328 18300 -4984 -1025 -4912
10-40-13-706 -18320 21278 16970 -5209 -866 -4929
10-40-13-720 -13626 15394 14694 -5120 -627 -4918
10-40-13-729 -13564 13488 18012 -5045 -510 -4605
10-40-13-736 -13896 13600 16442 -5244 -723 -4581
10-40-13-790 -10142 10480 8746 -5091 -615 -4380
10-40-13-813 -8834 9150 9222 -5416 -129 -4353
10-40-13-824 -7274 8564 8560 -5419 -357 -4094
10-40-13-835 -3248 7010 8504 -5077 -678 -3834
10-40-13-852 2702 2052 -13126 -4178 876 -2313
10-40-13-862 7034 806 -16556 -3480 1060 -2085
10-40-13-882 8146 -1090 -18534 -3159 678 -1811
10-40-13-904 10086 -2988 -19734 -1449 271 -1119
10-40-13-910 9338 -3080 -20432 -662 29 -640
10-40-13-917 7734 -2330 -18336 109 11 41
10-40-13-939 6170 -396 -11352 2130 369 1307
10-40-13-956 5670 -188 -8762 2656 264 1412
10-40-13-961 4778 240 -7174 3105 77 1778
10-40-13-989 1478 2588 -2728 4121 -869 2775
10-40-14-009 186 2804 -852 4071 -715 2996
10-40-14-020 -766 4120 1638 4466 -1091 3378
10-40-14-041 -4608 7440 5300 4874 -1099 3514
10-40-14-053 -6438 8666 8710 4775 -887 3558
10-40-14-067 -9036 8930 10036 5225 -229 3921
10-40-14-086 -12396 13012 11694 5566 622 4144
10-40-14-104 -11408 16056 12414 5967 -82 4363
10-40-14-115 -12688 16390 13814 5822 -558 4261
10-40-14-147 -19772 20622 16802 5514 74 3760
10-40-14-159 -21456 21668 16294 5723 826 3915
10-40-14-176 -21976 21416 15150 5705 1418 3889
10-40-14-192 -16502 23888 9620 4757 2629 3540
10-40-14-198 -17672 25740 8658 4524 2261 3665
10-40-14-204 -18968 27346 10442 4309 2010 3219
10-40-14-232 -22482 27036 16244 3961 887 3128
10-40-14-242 -22864 23710 16412 3637 277 2870
10-40-14-248 -23650 20122 15896 3075 -237 2408
10-40-14-283 -25124 15164 16560 1598 -641 1140
10-40-14-303 -26928 13716 18314 861 -819 606
10-40-14-315 -27592 13828 19126 -83 -452 -76
10-40-14-344 -26188 16956 18254 -1768 -1075 -945
10-40-14-355 -25982 18530 17662 -2628 -1022 -1618
10-40-14-371 -26028 19850 17986 -3159 -1231 -1777
10-40-14-389 -24046 22302 16674 -3984 -1462 -2799
10-40-14-395 -23472 22140 15890 -4263 -1540 -3335
10-40-14-401 -22424 22090 15016 -4728 -984 -3621
10-40-14-428 -20234 21814 14228 -4746 -359 -4397
10-40-14-434 -19106 22282 15066 -4739 -341 -4611
10-40-14-444 -17396 21684 15678 -4737 -516 -4504
10-40-14-476 -14400 16908 13152 -5192 -903 -4893
10-40-14-481 -13522 16170 13512 -5010 -1307 -4560
10-40-14-487 -12618 15616 13708 -5104 -1374 -4716
10-40-14-527 -8860 12352 9836 -5641 -841 -4076
10-40-14-546 -8098 10772 7286 -5743 -312 -4186
10-40-14-560 -6560 9122 5570 -5583 512 -4126
10-40-14-581 -5282 7072 5088 -5340 1502 -3778
10-40-14-604 -2924 7210 4202 -5391 1532 -3584
10-40-14-617 -842 6244 3054 -4787 1271 -3634
10-40-14-635 1442 3636 576 -4355 206 -2777
10-40-14-649 2438 2024 -2578 -3770 20 -2517
10-40-14-663 1480 728 -5110 -3691 -192 -2221
10-40-14-684 3168 -3130 -14190 -2284 189 -1428
10-40-14-705 4132 -4062 -14678 -1949 851 -1156
10-40-14-718 5212 -4938 -13868 -1455 1101 -1107
10-40-14-738 10574 -2412 -11342 561 -68 377
10-40-14-750 8030 -3496 -11524 1296 -409 1072
10-40-14-764 5468 -3794 -10516 1799 -692 1224
10-40-14-785 1890 -1630 -6624 2725 -831 2239
10-40-14-797 1092 -822 -5562 3003 -443 2550
10-40-14-816 -142 96 -4418 3236 -591 3093
10-40-14-829 -4392 2792 4552 3746 -1079 3674
10-40-14-848 -3494 4494 5932 4057 -1659 3570
10-40-14-860 -5600 5174 8436 4697 -1977 3933
10-40-14-881 -13216 6962 8020 5061 -1879 3907
10-40-14-893 -13162 9146 7606 5413 -1565 3857
10-40-14-915 -13528 10152 9188 5478 -1330 3893
10-40-14-934 -15972 13030 14672 5411 -1064 3544
10-40-14-943 -17126 13906 14644 5247 -634 3480
10-40-14-949 -17862 15470 13472 4754 322 3609
10-40-14-967 -18878 18960 13980 4239 1888 3028
10-40-14-974 -18504 19080 14098 4365 2151 2999
10-40-14-980 -17894 20672 14718 4214 1959 2963
10-40-15-014 -17034 22520 12382 3867 1753 3015
10-40-15-038 -18128 23384 12616 3598 1861 2956
10-40-15-059 -19310 24136 13050 3037 1659 3108
10-40-15-078 -21072 21156 16612 2613 908 2372
10-40-15-087 -22554 18726 16796 2424 655 2052
10-40-15-094 -22180 16006 16274 2102 404 1427
10-40-15-184 -21988 11296 16220 605 -206 186
10-40-15-225 -22536 10458 14978 81 -439 83
10-40-15-233 -23134 10466 14570 -417 -837 -520
10-40-15-242 -24652 17062 18104 -2772 -1289 -2863
10-40-15-301 -22168 20298 19002 -4675 -951 -3811
10-40-15-328 -21278 19296 17600 -4575 -720 -4169
10-40-15-336 -19698 17350 16070 -4949 -803 -3974
10-40-15-344 -17262 14790 14060 -4828 -241 -4066
10-40-15-417 -10688 10070 8780 -4547 304 -4186
10-40-15-452 -10064 8314 8734 -4491 139 -3802
10-40-15-458 -9592 7454 9446 -4539 128 -3840
10-40-15-468 -7674 7398 8218 -4692 -8 -3897
10-40-15-475 -3796 3134 2956 -4131 67 -2959
10-40-15-482 -2570 2202 1376 -3940 -347 -2744
10-40-15-495 -1724 1334 -870 -3474 -234 -2491
10-40-15-517 110 -2078 -8102 -2894 -180 -2083
10-40-15-532 670 -3346 -10430 -2283 99 -1882
10-40-15-548 2826 -3730 -12884 -2128 343 -1662
10-40-15-656 5332 -4474 -14256 -547 531 -432
10-40-15-674 5622 -4302 -13758 293 230 -308
10-40-15-690 4832 -3986 -12708 877 171 353
10-40-15-699 5228 -3862 -10586 1916 -100 1130
10-40-15-716 -7260 5600 5448 4522 -967 3835
10-40-15-725 -8792 6926 4218 4897 -573 4184
10-40-15-737 -10572 7978 3018 4738 512 4011
10-40-15-754 -11674 10592 7862 4765 1312 4061
10-40-15-762 -11388 14164 13612 4767 825 4423
10-40-15-768 -9036 17550 16606 4998 -203 4681
10-40-15-802 -15888 18060 12502 4522 -447 4307
10-40-15-808 -18214 19258 10922 4269 343 4443
10-40-15-816 -20676 18928 10270 4080 1008 4018
10-40-15-843 -20500 23910 11722 3808 3141 3727
10-40-15-848 -21116 27382 15282 3753 3110 3942
10-40-15-858 -21048 30270 16186 3715 2448 3736
10-40-15-905 -22614 23966 12388 3607 614 3023
10-40-15-917 -21906 22154 12286 3008 294 2486
10-40-15-930 -23424 19924 13776 2877 -72 2025
10-40-15-987 -27476 12194 15460 1227 158 1396
10-40-16-004 -26690 11638 14796 891 291 759
10-40-16-013 -25950 10872 13884 301 30 580
10-40-16-024 -27680 11030 13328 -1034 -834 -593
10-40-16-039 -28020 18418 16992 -3155 -1181 -2706
10-40-16-047 -28188 20336 16986 -3396 -1249 -3338
10-40-16-138 -27728 21792 16938 -3639 -1570 -3682
10-40-16-187 -25950 23762 16296 -4042 -1426 -3971
10-40-16-207 -25180 24412 16008 -4678 -1613 -4454
10-40-16-215 -21320 22214 15572 -5340 -544 -5162
10-40-16-227 -14732 16024 14664 -5286 -127 -5052
10-40-16-243 -5510 8600 4358 -4755 596 -4641
10-40-16-248 -2804 8482 4696 -4601 551 -4327
10-40-16-256 -1562 7968 4678 -4693 -6 -4427
10-40-16-291 1396 6470 -2102 -3731 -1452 -3020
10-40-16-296 152 2310 -3864 -3683 -1863 -2772
10-40-16-304 1064 2338 -6752 -3530 -1793 -2508
10-40-16-340 3346 -2446 -13876 -2723 -452 -1815
10-40-16-345 4406 -3980 -15302 -2569 124 -1265
10-40-16-353 5844 -4760 -16524 -1769 206 -960
10-40-16-390 5268 -5056 -14526 324 -277 -28
10-40-16-426 3526 -4926 -12918 1030 -364 564
10-40-16-445 3322 -4354 -11150 1413 -138 675
10-40-16-455 1796 -3668 -7270 2654 -604 1234
10-40-16-482 854 -2776 -5052 2738 -787 1437
10-40-16-499 -4830 20 4516 4039 -1212 2253
10-40-16-508 -6488 -370 5242 4478 -1111 2600
10-40-16-526 -7142 366 7740 4330 -830 2596
10-40-16-532 -6718 1632 10920 4699 -1138 2559
10-40-16-538 -6898 1216 11896 4648 -1177 2897
10-40-16-567 -8070 1646 10830 4469 -1218 2911
10-40-16-580 -14152 1760 5994 3873 709 2901
10-40-16-588 -14278 2628 8638 3855 1468 2844
10-40-16-620 -13290 4524 9876 3959 1842 2898
10-40-16-631 -12504 10148 14564 3997 297 3054
10-40-16-638 -14896 9330 12600 4118 -24 3070
10-40-16-675 -15454 9972 9958 3861 610 2951
10-40-16-691 -17958 12176 6404 3312 2845 2852
10-40-16-713 -16702 14432 9044 3678 3111 2504
10-40-16-729 -15720 16804 11864 3555 2528 2532
10-40-16-738 -14296 22222 14020 4108 445 3156
10-40-16-747 -16896 21714 11972 3879 270 3107
10-40-16-761 -17646 20888 10036 3629 119 2887
10-40-16-831 -20392 20318 15140 2906 294 1740
10-40-16-844 -21574 19094 18742 2440 318 1481
10-40-16-863 -21504 17864 20232 2199 -59 1557
10-40-16-877 -23992 13724 18488 1560 -405 1083
10-40-16-884 -27764 15688 20332 -2372 -1066 -1620
10-40-16-890 -27250 16608 19930 -2441 -1075 -1707
10-40-16-912 -26978 17340 19598 -2748 -1108 -2028
10-40-16-923 -26216 18774 19922 -3641 -1109 -2908
10-40-16-942 -25980 18928 20142 -3935 -1028 -3192
10-40-16-970 -24124 19434 19986 -4203 -728 -3436
10-40-17-022 -21242 19668 17292 -4581 -1036 -3962
10-40-17-042 -19992 18998 15244 -4774 -1083 -3838
10-40-17-067 -19714 17742 14812 -5135 -1037 -4204
10-40-17-089 -17602 16350 11752 -4836 -536 -4396
10-40-17-103 -9570 10580 6484 -4555 297 -4625
10-40-17-114 -9088 9902 7448 -4732 275 -4612
10-40-17-132 -7914 10012 7076 -4347 286 -4260
10-40-17-143 -8928 9434 9166 -4199 153 -4126
10-40-17-158 -9468 9830 10206 -3811 -58 -3930
10-40-17-178 -9944 7162 9412 -3738 36 -3472
10-40-17-188 -2202 3030 -1522 -4502 -520 -3567
10-40-17-204 108 972 -5756 -4537 -395 -3464
10-40-17-219 3140 -1260 -10430 -4622 -587 -3279
10-40-17-227 11470 -5616 -21400 -2469 142 -2003
10-40-17-235 12222 -6614 -24214 -1525 624 -1456
10-40-17-251 13626 -7262 -23780 -652 451 -983
10-40-17-323 8800 -5082 -16310 661 276 -74
10-40-17-334 8534 -5164 -12596 1258 24 476
10-40-17-369 7212 -4610 -8954 1747 -594 1017
10-40-17-385 1858 -4626 -4560 2503 -586 2039
10-40-17-398 -1156 -1848 -1966 3712 -97 3237
10-40-17-407 -2450 -546 -1038 4202 115 3667
10-40-17-422 -3870 950 800 4380 -314 3574
10-40-17-430 -6882 3654 3662 4299 -678 4186
10-40-17-442 -8242 4878 3396 4284 -838 4217
10-40-17-522 -8796 6052 4896 4344 -525 3977
10-40-17-532 -12194 11326 7162 4975 1065 4150
10-40-17-542 -11930 12734 7792 4819 900 3971
10-40-17-558 -13588 19644 8496 4569 503 4308
10-40-17-568 -17168 32511 12980 4339 1377 4419
10-40-17-576 -17110 32511 17112 4465 740 4154
10-40-17-603 -17370 32511 17932 4478 248 3864
10-40-17-611 -19106 25670 13450 3300 -607 2260
10-40-17-620 -17554 21874 13044 2805 -504 2133
10-40-17-640 -18816 17880 12518 2612 -777 1896
10-40-17-705 -20886 14892 12434 1810 -523 1536
10-40-17-728 -21472 13484 12300 1215 -132 1155
10-40-17-739 -21126 13110 12626 918 -323 958
10-40-17-766 -23398 12420 13480 613 -180 418
10-40-17-805 -24464 12778 16000 -1643 -637 -1365
10-40-17-811 -24284 13542 19024 -1759 -498 -1438
10-40-17-821 -24826 14804 20792 -2349 -874 -1768
10-40-17-840 -25936 18062 20448 -2766 -1124 -2647
10-40-17-846 -24986 26236 19060 -4085 -511 -4382
10-40-17-853 -22992 25624 17816 -4295 -403 -4259
10-40-17-886 -21698 24190 16084 -4594 -625 -4658
10-40-17-908 -16674 18496 10504 -5908 2 -4573
10-40-17-920 -15848 17040 11094 -5985 -76 -4898
10-40-17-943 -15640 17876 11440 -5889 268 -4935
10-40-17-954 -11916 16810 9012 -5039 299 -4339
10-40-17-964 -11722 14690 9390 -4843 168 -4283
10-40-17-980 -11272 14810 10110 -4739 335 -4689
10-40-18-047 -5304 9362 4376 -4777 -131 -4211
10-40-18-063 -5902 9310 6274 -4748 -337 -4199
10-40-18-075 -5720 9694 8542 -4889 -130 -4194
10-40-18-093 -4984 9472 9448 -4410 -503 -3474
10-40-18-104 -4686 4396 1982 -5043 -1573 -2818
10-40-18-110 -4160 1508 446 -5455 -725 -2459
10-40-18-129 -2886 454 -4966 -5471 52 -2304
10-40-18-136 7484 -7450 -24876 -4127 1465 -2172
10-40-18-147 10732 -8022 -29464 -3352 1234 -1706
10-40-18-175 13224 -7934 -31240 -2402 1096 -1235
10-40-18-180 5026 -6944 -20678 424 -145 320
10-40-18-194 3672 -5100 -15504 1382 -255 471
10-40-18-296 848 -4784 -11116 1693 -432 1047
10-40-18-314 -2096 -4064 -3882 2479 -867 1545
10-40-18-343 -2138 -4288 -3250 2898 -869 1408
10-40-18-351 -1994 -3920 -3862 2809 -813 1535
10-40-18-360 -1104 2518 -2274 4591 -40 3404
10-40-18-370 -988 3702 -366 4968 -582 3646
10-40-18-381 -1796 4030 1288 4790 -969 3846
10-40-18-388 -6452 7342 4752 5153 -1153 4189
10-40-18-394 -7078 9010 5800 5043 -830 3980
10-40-18-421 -9844 10184 7946 5434 -280 4055
10-40-18-432 -11974 13470 10924 5347 865 4650
10-40-18-438 -12426 16006 15650 5366 716 4529
10-40-18-473 -11868 21676 20616 5691 148 4878
10-40-18-486 -22208 19484 16562 5623 -480 4480
10-40-18-508 -22016 20726 13194 5493 522 4074
10-40-18-535 -24164 21362 9900 5209 1648 3763
10-40-18-547 -23374 30796 19150 4042 3065 3206
10-40-18-554 -20354 31718 21280 4003 2237 3485
10-40-18-573 -21338 28766 19778 3834 1161 3595
10-40-18-585 -22506 20106 13830 2223 -528 1703
10-40-18-593 -22710 16748 12462 1676 -190 1576
10-40-18-615 -22168 14696 12290 1171 57 989
10-40-18-678 -18430 13674 9256 302 117 421
10-40-18-698 -17242 13612 7718 98 -308 514
10-40-18-723 -15776 13008 6934 -326 -570 332
10-40-18-741 -15914 12788 5030 -587 -756 1
10-40-18-752 -12624 12490 3520 -510 -156 -583
10-40-18-776 -11866 12426 3728 -484 -264 -583
10-40-18-794 -11070 12268 3792 -442 78 -583
10-40-18-815 -9628 12488 4126 -632 63 -573
10-40-18-867 -9350 12548 3970 -590 8 -554
10-40-18-894 -9594 12202 4070 -554 -305 -520
10-40-18-918 -9522 12352 4412 -521 -319 -194
10-40-18-936 -9004 12526 4530 -520 -195 -160
10-40-18-951 -9256 12572 4338 -533 -178 -141
10-40-18-964 -9294 12386 4676 -539 -141 -379
10-40-18-979 -9204 11920 4438 -240 -295 -317
10-40-18-986 -9530 12114 4668 -216 -270 -304
10-40-18-992 -9200 12066 4522 -195 -261 -290
10-40-19-018 -9614 11796 4456 -154 -298 16
10-40-19-029 -9654 11830 4464 -138 -309 27
10-40-19-039 -9868 11838 4040 -376 -314 41
10-40-19-070 -10606 11676 4008 -305 -265 54
10-40-19-083 -10200 11692 4282 -287 24 63
10-40-19-095 -10556 11770 4048 -271 58 82
10-40-19-117 -10254 12090 4206 15 112 120
10-40-19-124 -10346 12074 4124 26 118 -123
10-40-19-130 -10154 12108 4176 37 115 -120
10-40-19-216 -10564 12048 4204 76 86 113
