10-43-51-972 -4906 15062 -2066 -269 62 2
10-43-51-998 -4756 15090 -2102 -273 64 7
10-43-52-007 -4986 15428 -1760 -279 60 10
10-43-52-043 -4954 15412 -1992 -286 42 -284
10-43-52-056 -4924 15254 -2160 -282 42 -282
10-43-52-062 -4870 15244 -1964 -281 42 -280
10-43-52-144 -4926 15318 -2044 -285 40 6
10-43-52-174 -4982 15616 -2010 -285 44 7
10-43-52-183 -4922 15334 -2030 -283 49 9
10-43-52-200 -4868 15356 -1950 -283 48 13
10-43-52-209 -4782 15308 -1792 -283 30 25
10-43-52-216 -4988 15344 -1948 -284 36 27
10-43-52-228 -4860 15238 -2140 -284 53 32
10-43-52-256 -4890 15300 -2136 -292 80 37
10-43-52-336 -4886 15344 -1744 -291 65 40
10-43-52-387 -4892 15326 -1724 -292 45 41
10-43-52-411 -4840 15636 -2148 -294 28 50
10-43-52-435 -4864 15670 -1932 -299 44 56
10-43-52-462 -5132 15406 -2170 -287 95 17
10-43-52-485 -5156 15436 -2152 -287 106 19
10-43-52-495 -5124 15466 -2132 -288 108 18
10-43-52-510 -5128 15432 -2126 -284 87 8
10-43-52-521 -5186 15246 -1722 -284 86 4
10-43-52-537 -4846 15250 -1688 -285 88 -258
10-43-52-552 -5136 15300 -1886 -295 100 -265
10-43-52-568 -5210 15308 -1714 -301 105 -264
10-43-52-604 -5200 15318 -1666 -306 110 -267
10-43-52-614 -4768 15478 -1726 -308 106 -281
10-43-52-625 -4774 15400 -1856 -307 104 -287
10-43-52-634 -4774 15420 -1734 -307 102 -292
10-43-52-643 -4970 15438 -1902 -309 101 -295
10-43-52-651 -4762 15252 -1914 -309 102 -295
10-43-52-664 -4984 15456 -1700 -314 101 -293
10-43-52-673 -4990 15280 -1724 -326 106 -290
10-43-52-680 -4738 15250 -1678 -328 107 -291
10-43-52-693 -4768 15356 -1840 -330 108 -293
10-43-52-700 -4968 15352 -1842 -333 115 -295
10-43-52-706 -4762 15358 -1886 -334 117 -297
10-43-52-722 -4930 15646 -1920 -334 117 -297
10-43-52-747 -4896 15670 -1784 -340 124 -300
10-43-52-752 -4918 15680 -1692 -342 122 -298
10-43-52-774 -4574 15710 -1672 -340 120 -298
10-43-52-819 -4572 15262 -1782 -340 -109 -294
10-43-52-828 -4562 15312 -2110 -343 -97 -293
10-43-52-844 -4714 15696 -1916 -344 -100 -291
10-43-52-879 -4684 15730 -2094 -341 -118 -275
10-43-52-909 -4604 15492 -2172 -345 -104 -265
10-43-52-920 -4600 15734 -2156 -350 -86 0
10-43-52-941 -4558 15716 -1980 -353 -72 6
10-43-52-951 -4806 15716 -2114 -304 -106 -284
10-43-52-963 -4750 15722 -2108 -302 -98 -287
10-43-52-980 -4988 15622 -1786 -303 -91 -289
10-43-52-992 -4974 15726 -1718 -302 -102 -292
10-43-53-003 -4934 15716 -1760 -300 -109 -291
10-43-53-024 -4752 15720 -1764 -298 -115 -293
10-43-53-042 -4942 15646 -1884 -292 -114 -301
10-43-53-052 -4970 15682 -1758 -293 -111 -302
10-43-53-072 -4780 15298 -1824 -294 -106 -301
10-43-53-081 -4762 15646 -1728 -311 -85 -289
10-43-53-103 -4796 15504 -1712 -314 -78 -287
10-43-53-133 -4772 15726 -1736 -315 -78 -287
10-43-53-145 -5140 15352 -1774 -300 -91 -298
10-43-53-153 -4844 15324 -1782 -294 -93 -306
10-43-53-171 -4768 15618 -1738 -289 -93 -311
10-43-53-182 -4940 15674 -1876 -286 -90 -317
10-43-53-200 -4976 15350 -1850 -287 -92 -317
10-43-53-222 -4886 15692 -1866 -288 -95 -315
10-43-53-232 -4898 15512 -1828 -289 -98 -311
10-43-53-240 -4884 15520 -1896 -288 -96 -311
10-43-53-279 -4560 15682 -1826 -287 -93 -312
10-43-53-288 -4662 15650 -1844 -284 -88 -314
10-43-53-297 -4664 15628 -1804 -281 -95 -314
10-43-53-314 -4348 15650 -1834 -277 -106 -313
10-43-53-322 -4226 15632 -1800 -269 119 -304
10-43-53-340 -4316 15648 -1912 -266 105 -298
10-43-53-357 -4292 15646 -1796 -261 95 -291
10-43-53-373 -4226 16058 -2662 30 42 -279
10-43-53-390 -4184 16548 -3268 94 5 -292
10-43-53-411 -3490 17272 -3868 -42 -314 -323
10-43-53-431 -2504 19948 -6092 761 -610 -199
10-43-53-443 -4780 22430 -8178 1661 -588 -636
10-43-53-465 -6448 22662 -9730 2357 -640 -674
10-43-53-512 -5222 23614 -19516 3894 -2303 -1254
10-43-53-563 -5934 25962 -22692 4036 -3905 -1876
10-43-53-583 -8042 28920 -23640 4287 -5491 -1992
10-43-53-598 -18764 31714 -22322 5256 -7507 -3346
10-43-53-619 -20120 17270 -16506 6717 1473 -4720
10-43-53-632 -21624 16040 -15136 6537 1428 -4533
10-43-53-657 -21134 14934 -12536 6689 1806 -4608
10-43-53-684 -17150 11962 -6732 5252 3352 -4597
10-43-53-693 -16958 12852 -3874 5195 3239 -4489
10-43-53-710 -15370 11678 -992 4944 3297 -4639
10-43-53-734 -12578 8958 1066 4271 3600 -4358
10-43-53-803 -11666 7356 1304 4032 3623 -4171
10-43-53-868 -11070 6372 1674 3765 3309 -3722
10-43-53-886 -8160 4402 2770 3278 3343 -3586
10-43-53-921 -5516 1040 4642 2147 2662 -2433
10-43-53-928 -2220 -460 5054 1311 2143 -2096
10-43-53-937 -708 -1182 3086 794 1199 -1160
10-43-53-955 -672 -1244 2296 479 1006 -1321
10-43-53-980 -226 -876 1746 416 1047 -1281
10-43-53-995 1704 -208 3454 427 639 -1009
10-43-54-004 1380 -852 3416 419 457 -1316
10-43-54-020 1600 -1658 2542 389 813 -1301
10-43-54-029 4834 -4874 -2 220 641 -1052
10-43-54-047 4650 -5394 -356 194 774 -720
10-43-54-065 3982 -5604 170 171 601 -887
10-43-54-076 6130 -6948 1392 253 51 -564
10-43-54-090 6340 -7742 1326 522 41 -248
10-43-54-107 6634 -8752 798 242 93 -238
10-43-54-115 7178 -11144 -546 370 -42 -245
10-43-54-123 7798 -12394 -934 267 -91 -250
10-43-54-144 8638 -12782 -1492 -74 31 -215
10-43-54-154 9250 -14562 -3558 -259 -247 -293
10-43-54-161 9836 -15222 -3574 -290 -215 -299
10-43-54-189 9848 -15296 -4178 -264 -140 -324
10-43-54-212 8562 -16286 -4750 37 70 -311
10-43-54-220 8752 -16588 -4982 25 -355 -259
10-43-54-235 8836 -17242 -5130 9 -388 62
10-43-54-247 9690 -19380 -6638 -147 -1101 -51
10-43-54-252 9872 -20212 -7578 -209 -877 -37
10-43-54-287 11072 -21758 -8656 -554 -582 -38
10-43-54-306 13232 -26510 -12134 -639 -26 -67
10-43-54-315 13784 -28408 -12328 -638 281 -71
10-43-54-336 14518 -31440 -12282 -394 -22 -48
10-43-54-351 16008 -32768 -12862 -455 -199 187
10-43-54-357 16042 -32768 -11580 -483 -603 562
10-43-54-384 16176 -32768 -12066 -877 -448 540
10-43-54-394 14794 -32768 -12530 -1286 -201 113
10-43-54-407 14760 -32768 -13320 -1369 -246 -370
10-43-54-432 16038 -32768 -14258 -1019 -138 -495
10-43-54-445 15846 -32578 -14802 -715 -109 -546
10-43-54-476 14054 -29122 -14682 -708 116 -233
10-43-54-495 13266 -28030 -13406 -647 67 -251
10-43-54-505 10738 -23624 -14418 -527 -320 -136
10-43-54-514 9954 -22088 -14918 -161 -384 -349
10-43-54-534 8892 -20478 -14918 -331 -142 -343
10-43-54-545 9522 -17226 -13858 44 -135 -327
10-43-54-554 9562 -16128 -13040 58 -364 -321
10-43-54-577 9780 -15304 -12466 50 -332 -292
10-43-54-603 7316 -12832 -8810 -112 256 -125
10-43-54-615 6962 -11664 -8074 -92 363 -81
10-43-54-674 6030 -10904 -7556 -84 176 -24
10-43-54-741 3546 -8050 -5510 -99 349 179
10-43-54-749 3186 -6852 -4040 -105 277 213
10-43-54-756 2298 -5806 -3258 -97 -68 227
10-43-54-798 -406 -1972 -542 144 -3 194
10-43-54-809 -1230 -144 382 291 -362 -70
10-43-54-820 -1136 -104 636 305 -357 97
10-43-54-836 -960 322 708 332 -278 7
10-43-54-847 -1204 472 948 375 -112 -177
10-43-54-856 -810 354 1278 131 -90 -237
10-43-54-877 66 -28 1136 132 -81 -248
10-43-54-893 1140 -698 922 347 -60 -148
10-43-54-902 1650 -1024 1296 315 -70 -350
10-43-54-918 2174 -1560 1450 288 -87 -276
10-43-55-051 1524 -2040 1478 123 -58 -61
10-43-55-066 2360 -2560 1078 27 -29 -3
10-43-55-076 2508 -3922 598 -329 -16 327
10-43-55-095 1474 -4848 -1256 -580 -64 156
10-43-55-110 4210 -11906 -3858 91 891 -545
10-43-55-120 4350 -12528 -3398 88 499 -240
10-43-55-134 5174 -12774 -2714 52 551 -231
10-43-55-141 7234 -13264 -1154 -302 285 -614
10-43-55-149 7520 -13692 -506 -305 154 -415
10-43-55-169 7536 -13922 -526 -301 572 -447
10-43-55-175 7558 -15178 -1170 -301 436 -583
10-43-55-182 7640 -15390 -2106 -342 205 -232
10-43-55-213 8414 -15572 -2622 -372 76 -146
10-43-55-279 8968 -17006 -3670 -209 -866 39
10-43-55-293 8950 -17736 -4236 -246 -738 91
10-43-55-310 9706 -19194 -5634 -525 -764 111
10-43-55-333 14150 -32768 -15744 -212 -211 -327
10-43-55-348 14448 -32768 -15878 -319 -201 -295
10-43-55-361 14472 -32768 -15752 36 -235 -320
10-43-55-416 16386 -32768 -17674 -323 -189 -545
10-43-55-424 17160 -32768 -17718 -343 -348 -565
10-43-55-436 17148 -32768 -16496 -324 -369 -527
10-43-55-471 11914 -27178 -16054 -292 -370 -139
10-43-55-487 10466 -25434 -16104 24 -336 -378
10-43-55-498 9372 -23496 -16310 69 -301 -349
10-43-55-516 8628 -17984 -12596 294 62 11
10-43-55-527 9236 -16056 -10324 383 48 18
10-43-55-538 8958 -15118 -8734 188 36 26
10-43-55-557 8674 -13486 -7646 245 95 103
10-43-55-578 8174 -13292 -8050 229 -67 -79
10-43-55-586 7646 -13142 -7880 211 333 276
10-43-55-652 4262 -10336 -5714 136 453 241
10-43-55-688 3598 -9192 -4460 141 482 522
10-43-55-700 2616 -8720 -3006 156 454 529
10-43-55-710 996 -6798 -1914 133 529 173
10-43-55-766 50 -3608 -892 193 150 -284
10-43-55-777 270 -2934 -444 204 364 -345
10-43-55-797 214 -2596 -600 223 301 -130
10-43-55-813 662 -1296 -170 220 232 -170
10-43-55-822 1280 -1570 332 222 242 -172
10-43-55-830 1590 -1950 450 204 239 -157
10-43-55-863 3168 -4198 518 361 573 -324
10-43-55-882 3476 -4988 884 338 638 -262
10-43-55-904 3800 -5616 1368 317 444 44
10-43-55-913 6506 -9022 4466 126 475 -35
10-43-55-922 6386 -10478 5422 18 492 354
10-43-55-941 5780 -12118 5246 -365 808 241
10-43-55-964 5064 -13472 3484 -475 479 779
10-43-55-973 4064 -13158 2496 -693 190 829
10-43-55-990 3100 -12168 2480 -1146 103 790
10-43-56-021 1218 -9536 1968 -1174 -782 -27
10-43-56-043 982 -8808 1328 -1158 -799 3
10-43-56-060 690 -8038 -574 -1386 -477 -199
10-43-56-075 544 -6486 -4432 -995 -570 -851
10-43-56-088 660 -5884 -4346 -919 -564 -660
10-43-56-105 916 -5462 -4746 -1096 -537 -684
10-43-56-116 2300 -4504 -4424 -465 -201 -874
10-43-56-126 2414 -4420 -4540 -575 -141 -823
10-43-56-157 2602 -4468 -4872 -184 -336 -512
10-43-56-164 3618 -5068 -2808 16 -347 -618
10-43-56-171 3766 -5522 -2888 15 -374 -576
10-43-56-184 4320 -6282 -2458 -257 -144 -529
10-43-56-203 4464 -9552 -2606 -183 -322 -370
10-43-56-252 5486 -10228 -4398 -543 -304 -359
10-43-56-264 6430 -11350 -5330 -388 -307 -352
10-43-56-274 7858 -13248 -7692 -403 -111 -143
10-43-56-293 8426 -13836 -7416 -585 -72 -156
10-43-56-301 9184 -14888 -6990 29 -136 -306
10-43-56-308 9846 -15494 -6734 29 -535 -258
10-43-56-337 10308 -16354 -7018 4 -632 68
10-43-56-344 11024 -18716 -7892 -152 -488 -38
10-43-56-366 11240 -20070 -9028 -520 -490 298
10-43-56-390 11218 -21296 -10078 -624 -493 359
10-43-56-396 11444 -26760 -12612 -829 -478 322
10-43-56-408 12324 -28896 -13610 -850 -771 275
10-43-56-435 13124 -31158 -14920 -879 -845 -48
10-43-56-447 14698 -32768 -19308 -830 -807 -257
10-43-56-486 14872 -32768 -20064 -815 -450 -325
10-43-56-500 15686 -32768 -20102 -424 -444 -183
10-43-56-509 16388 -32768 -21318 -286 -701 -393
10-43-56-515 15610 -32768 -20728 50 -741 -449
10-43-56-532 14332 -26872 -15944 18 -153 -863
10-43-56-548 13862 -24924 -14944 -286 33 -859
10-43-56-555 13074 -22974 -14604 -342 -70 -832
10-43-56-582 10124 -18950 -12226 -153 -25 -409
10-43-56-602 9650 -17702 -11662 -152 -67 -616
10-43-56-610 9364 -16476 -11808 -142 -88 -565
10-43-56-629 9140 -14130 -10006 -299 -69 -203
10-43-56-643 9444 -13466 -9450 0 -30 -144
10-43-56-649 9166 -13108 -9230 37 262 -315
10-43-56-682 7852 -10950 -8172 104 -7 -80
10-43-56-687 7050 -10354 -8050 -121 -46 -9
10-43-56-693 6168 -9588 -7772 -84 -76 308
10-43-56-743 4430 -7684 -6960 -23 -95 373
10-43-56-762 3516 -7256 -6426 -3 -81 128
10-43-56-775 2776 -6764 -6240 296 -54 143
10-43-56-801 2022 -5008 -4044 168 -77 193
10-43-56-814 2048 -4538 -3698 198 124 210
10-43-56-836 1902 -4394 -2768 234 66 218
10-43-56-879 892 -3206 -1980 562 32 191
10-43-56-897 876 -3342 -2042 559 68 151
10-43-56-905 510 -3020 -2184 558 117 372
10-43-56-933 1834 -3330 -532 535 -48 63
10-43-56-944 1720 -3700 262 523 -47 36
10-43-56-968 1760 -4184 416 236 -45 26
10-43-56-983 3174 -5060 546 290 -104 70
10-43-56-990 3274 -5704 524 -48 -124 113
10-43-56-996 3568 -5800 470 -127 -116 -89
10-43-57-081 3970 -7228 204 -132 116 334
10-43-57-107 4152 -7324 -98 -210 81 136
10-43-57-121 3648 -7640 -372 -555 33 179
10-43-57-135 1136 -6122 -4356 -1113 -306 -342
10-43-57-143 1082 -6050 -3754 -1078 80 -223
10-43-57-164 1352 -6232 -4134 -1057 -22 -611
10-43-57-177 2816 -6604 -4130 -688 238 -786
10-43-57-183 3428 -7040 -3514 -896 221 -781
10-43-57-188 3886 -7244 -3514 -862 175 -771
10-43-57-219 4874 -7124 -3256 -468 374 -487
10-43-57-224 5150 -7088 -3232 -418 131 -492
10-43-57-229 5068 -7374 -3546 -640 173 -487
10-43-57-274 6454 -9224 -3806 -528 234 -385
10-43-57-286 6638 -9788 -4016 -245 140 -570
10-43-57-293 7208 -10106 -4632 -233 257 -243
10-43-57-317 8942 -11462 -5420 -183 -365 -333
10-43-57-325 9368 -12348 -5560 -136 -199 9
10-43-57-338 9478 -12976 -6174 -352 -538 99
10-43-57-363 8566 -16008 -8802 -136 -408 141
10-43-57-408 8534 -17010 -9610 -192 -458 217
10-43-57-456 8488 -18146 -10584 -520 -777 522
10-43-57-478 8558 -20146 -12512 -613 -510 513
10-43-57-487 8872 -21698 -13430 -594 -482 214
10-43-57-504 10768 -29134 -19302 -243 -589 -7
10-43-57-540 16072 -32768 -21254 60 -201 -226
10-43-57-554 17502 -32768 -20932 107 -231 -540
10-43-57-569 17668 -32768 -20536 -109 -247 -560
10-43-57-576 17370 -31912 -17056 -127 -165 -589
10-43-57-584 16756 -31036 -17256 60 -330 -239
10-43-57-607 15634 -29284 -16984 -260 -257 -375
10-43-57-613 11260 -23722 -14940 -363 21 107
10-43-57-620 10224 -22084 -14060 -357 -275 113
10-43-57-646 9140 -20538 -13884 -307 -330 107
10-43-57-697 7910 -17906 -12890 -265 -347 -266
10-43-57-713 7778 -17162 -13102 -265 -276 -261
10-43-57-723 7688 -15826 -12644 11 66 -265
10-43-57-748 7812 -14032 -10740 -258 51 -292
10-43-57-777 6406 -10318 -7744 -157 -86 267
10-43-57-801 5670 -9384 -6874 -135 -69 337
10-43-57-826 4648 -9000 -6920 -372 -63 152
10-43-57-848 2490 -7162 -5866 -305 118 522
10-43-57-855 2418 -6602 -5612 21 96 534
10-43-57-867 2164 -6482 -5318 97 96 521
10-43-57-874 1502 -5684 -4674 259 106 169
10-43-57-882 1390 -5114 -4068 343 120 369
10-43-57-898 1180 -4694 -2270 519 48 -38
10-43-57-906 1630 -4264 -1788 251 2 -73
10-43-57-911 1640 -3976 -1676 232 -268 -107
10-43-58-009 748 -3402 -980 217 -128 -272
10-43-58-036 844 -3032 -820 210 -74 -339
10-43-58-044 514 -3118 -878 205 -38 -140
10-43-58-098 1666 -2692 -262 265 -116 -184
10-43-58-104 2056 -3088 -196 -43 123 -141
10-43-58-110 1846 -3072 -464 -92 109 -363
10-43-58-141 1770 -3282 -718 55 109 -338
10-43-58-150 2682 -3774 -2662 -540 -328 -163
10-43-58-164 2648 -4208 -3166 -567 19 -204
10-43-58-189 2606 -4470 -3286 -571 127 -514
10-43-58-201 2614 -5446 -3802 -521 146 -583
10-43-58-209 2560 -5966 -4264 -244 245 -594
10-43-58-232 2472 -6450 -4966 -218 246 -584
10-43-58-246 4054 -7938 -4054 -165 85 -384
10-43-58-252 4532 -8390 -3914 -143 29 -317
10-43-58-287 5478 -8914 -3736 -378 3 -278
10-43-58-300 6332 -11052 -3762 -324 26 28
10-43-58-310 6586 -11884 -4160 -344 8 38
10-43-58-333 6790 -12658 -4070 -370 -296 60
10-43-58-343 8122 -15018 -6002 -562 -417 -32
10-43-58-368 8076 -15934 -7372 -626 -829 302
10-43-58-386 8306 -16288 -8770 -628 -668 136
10-43-58-511 7782 -17602 -11336 -528 -702 135
10-43-58-522 7356 -19022 -12040 -217 -873 349
10-43-58-535 7346 -19880 -12716 -188 -792 308
10-43-58-550 7598 -22840 -14600 -255 -427 -26
10-43-58-559 16106 -32768 -26120 -171 214 -255
10-43-58-568 16290 -32768 -26242 -369 552 -546
10-43-58-628 16486 -32768 -25886 10 553 -547
10-43-58-645 14500 -32714 -23370 277 138 -243
10-43-58-653 12784 -30734 -20886 132 265 -226
10-43-58-659 9426 -21074 -11752 204 -54 -222
10-43-58-683 8582 -15392 -8630 125 705 -521
10-43-58-689 9144 -14046 -8254 83 872 -208
10-43-58-695 9178 -13580 -7418 61 401 -378
10-43-58-738 9122 -12030 -6544 112 60 -57
10-43-58-753 9312 -12238 -7160 -123 19 331
10-43-58-775 8680 -12286 -7856 -91 77 217
10-43-58-798 6308 -11580 -8148 313 174 785
10-43-58-812 5236 -10984 -7796 354 181 802
10-43-58-825 3544 -10428 -6884 144 149 778
10-43-58-879 2222 -8866 -3828 533 335 624
10-43-58-888 2120 -8318 -3160 565 300 560
10-43-58-895 1154 -7042 -2338 585 295 230
10-43-58-935 56 -2594 1988 175 92 -187
10-43-58-943 -372 -1928 2358 148 26 -210
10-43-59-028 -128 -2122 2422 130 -292 -224
10-43-59-054 626 -1816 1906 370 -176 -179
10-43-59-069 56 -1620 1174 352 -208 -152
10-43-59-084 3540 -6780 -1942 -29 -136 256
10-43-59-092 3494 -7142 -2540 -51 -264 335
10-43-59-099 2990 -7362 -2898 -83 85 375
10-43-59-114 2010 -7306 -1850 60 -181 -66
10-43-59-125 1442 -7092 -1748 22 -551 92
10-43-59-225 1376 -6806 -1730 -273 -608 -270
10-43-59-242 1464 -5912 -1482 -224 -570 -523
10-43-59-255 1794 -5316 -1734 -568 -231 -571
10-43-59-264 1496 -3796 -1412 -449 42 -421
10-43-59-279 4122 -6058 -1998 -442 -285 -152
10-43-59-287 4706 -6932 -2704 -434 -137 -312
10-43-59-295 5150 -7734 -3386 -435 -516 44
10-43-59-325 5702 -9758 -4580 -437 -435 -20
10-43-59-339 5060 -10664 -5380 -430 -427 313
10-43-59-346 5434 -11420 -6058 -443 -409 348
10-43-59-426 6484 -15336 -7866 -509 -480 368
10-43-59-434 6552 -16792 -8458 -474 -503 333
10-43-59-447 6934 -18018 -9008 -422 -780 302
10-43-59-472 6516 -21840 -13106 -328 -156 -157
10-43-59-477 6988 -22904 -12858 -293 -170 -227
10-43-59-483 7766 -23960 -13356 -280 -180 -526
10-43-59-509 9050 -27400 -15280 -287 -321 -588
10-43-59-515 9350 -28266 -15968 -291 12 -406
10-43-59-526 10844 -28986 -16954 -305 68 -507
10-43-59-565 15428 -32744 -17026 122 -82 -812
10-43-59-572 15868 -32768 -17074 -79 103 -497
10-43-59-587 16730 -32768 -17690 -83 16 -449
10-43-59-612 16774 -32768 -17670 -267 -227 -215
10-43-59-621 16262 -32412 -17198 -342 -154 -158
10-43-59-627 16218 -31162 -16762 -166 -309 -135
10-43-59-652 13134 -26528 -14910 -205 -103 -349
10-43-59-663 12054 -24960 -14464 -192 -116 -332
10-43-59-669 10646 -23016 -14106 -178 -124 -313
10-43-59-718 8646 -20282 -13054 -362 -90 -259
10-43-59-725 8242 -18952 -12450 -322 -64 21
10-43-59-735 7772 -17696 -11754 -271 -60 46
10-43-59-857 7050 -14498 -8434 -124 29 -121
10-43-59-877 7734 -14426 -7658 117 -320 -107
10-43-59-888 7996 -14176 -7542 80 -364 -61
10-43-59-896 4392 -10688 -8340 93 66 246
10-43-59-908 1980 -7054 -3952 156 41 333
10-43-59-952 2308 -6678 -2770 169 41 332
10-43-59-960 2402 -5948 -2372 176 60 323
10-43-59-969 1948 -4500 -1398 182 53 293
10-44-00-014 1732 -4050 -736 199 44 262
10-44-00-025 854 -3482 -556 205 -289 -84
10-44-00-043 800 -3266 -708 198 -314 -95
10-44-00-058 1028 -3278 -764 199 -346 -116
10-44-00-064 694 -3288 -902 216 -314 17
10-44-00-070 1074 -3966 -1394 215 -315 -292
10-44-00-082 1302 -4376 -1276 211 -307 -331
10-44-00-102 1488 -5142 -1094 178 29 -372
10-44-00-195 1730 -5402 -896 133 58 -380
10-44-00-213 2316 -5650 -142 330 79 -375
10-44-00-220 2602 -6498 436 -109 100 -334
10-44-00-251 1860 -5790 -4360 -510 -415 -249
10-44-00-257 1704 -5898 -4816 -512 -592 -522
10-44-00-269 2358 -5748 -5480 -487 -241 -545
10-44-00-283 2516 -6450 -4784 -586 70 -561
10-44-00-349 2890 -6628 -4478 -533 -93 -539
10-44-00-360 3082 -7408 -4220 -243 -37 -251
10-44-00-373 2824 -8776 -4078 -198 -95 -161
10-44-00-413 4874 -12240 -4796 -212 -81 -579
10-44-00-423 4604 -12914 -5270 -204 -65 -603
10-44-00-433 5236 -13338 -5616 -190 -77 -390
10-44-00-449 5884 -13718 -5364 -141 21 -436
10-44-00-459 6350 -14380 -5756 -164 -326 -432
10-44-00-468 6950 -14530 -6424 -194 -175 -409
10-44-00-525 6882 -15394 -8296 -537 -592 -574
10-44-00-543 7060 -15510 -8922 -575 -638 -530
10-44-00-552 7396 -16000 -9770 -594 -398 -230
10-44-00-568 8554 -17264 -11462 -563 -633 -195
10-44-00-595 10992 -24342 -15162 15 -316 -130
10-44-00-609 12298 -25566 -15692 -271 -299 -199
10-44-00-629 13554 -26870 -16920 -311 -307 -520
10-44-00-770 15246 -29432 -17882 35 301 -539
10-44-00-790 16114 -30108 -17710 49 158 -555
10-44-00-797 16798 -31506 -17422 34 233 -557
10-44-00-816 10576 -22452 -15042 -325 119 -163
10-44-00-843 9418 -15906 -11134 286 -333 -183
10-44-00-850 9712 -14852 -10574 309 -321 -141
10-44-00-855 10258 -14190 -9370 327 -320 -350
10-44-00-937 9536 -12860 -8772 312 -314 27
10-44-01-012 9064 -12240 -8306 300 -314 104
10-44-01-073 8384 -12066 -7826 283 -298 -68
10-44-01-110 2212 -6582 -5138 795 -269 581
10-44-01-119 1614 -5850 -3926 861 -310 513
10-44-01-161 1036 -1992 -540 339 7 37
10-44-01-168 946 -2218 -852 346 -313 34
10-44-01-180 1196 -2598 -732 355 -374 27
10-44-01-192 1690 -3656 -272 132 -137 48
10-44-01-383 2466 -4498 290 115 -106 -68
10-44-01-413 2206 -4818 558 27 -101 -35
10-44-01-420 1860 -4848 514 -324 -119 -11
10-44-01-431 3862 -7602 -3858 -401 -320 -350
10-44-01-437 4478 -8328 -4404 -636 -378 -328
10-44-01-442 5140 -9370 -4660 -612 -189 -326
10-44-01-512 5944 -12024 -6380 -593 -158 -274
10-44-01-519 6044 -13106 -6584 -629 -379 -272
10-44-01-532 6922 -13940 -7018 -409 -370 3
10-44-01-539 7990 -15092 -7056 -488 -185 71
10-44-01-625 8754 -18700 -10648 -475 -205 107
10-44-01-656 8070 -18964 -10946 -436 -168 113
10-44-01-667 7626 -19562 -11374 -393 -381 110
10-44-01-701 12698 -30152 -18618 -502 -185 -153
10-44-01-716 14702 -32536 -20448 -438 80 -149
10-44-01-725 15390 -32768 -21282 -573 -32 -159
10-44-01-749 15232 -32768 -19006 -610 -331 -284
10-44-01-769 13968 -31724 -18164 -638 -265 12
10-44-01-786 12870 -28924 -16788 -630 108 -275
10-44-01-853 10272 -23404 -13858 -537 375 -584
10-44-01-862 8874 -22580 -13510 -242 368 -626
10-44-01-869 7860 -20982 -13530 -197 348 -620
10-44-01-898 6362 -17760 -12478 -371 288 -600
10-44-01-951 8746 -10714 -7714 98 -110 -401
10-44-01-966 8390 -10874 -7338 121 122 -555
10-44-01-975 8294 -10382 -7300 126 86 -174
10-44-01-989 7904 -9656 -8210 98 -263 59
10-44-02-050 6932 -9426 -9288 -54 -359 363
10-44-02-102 6068 -9346 -9506 270 -288 166
10-44-02-111 5296 -9298 -9112 341 46 216
10-44-02-118 4226 -8706 -8552 200 -124 534
10-44-02-148 2120 -5856 -4354 419 -11 146
10-44-02-155 184 -2758 836 528 323 -310
10-44-02-162 830 -2518 964 222 283 -347
10-44-02-289 754 -2524 646 167 265 -358
10-44-02-319 1318 -2566 334 370 -71 -376
10-44-02-330 1492 -2274 -122 367 103 -370
10-44-02-337 2390 -2774 0 373 5 -359
10-44-02-437 3520 -9812 -1884 -569 -126 122
10-44-02-455 3378 -9368 -1422 -386 76 43
10-44-02-462 2722 -9268 -1884 -464 -269 -290
10-44-02-469 2120 -5758 -2408 -468 -209 -441
10-44-02-530 2224 -3024 -2320 -203 -784 -610
10-44-02-631 2722 -3276 -1780 -165 -815 -542
10-44-02-729 3088 -3844 -2312 -149 -830 -225
10-44-02-786 3948 -4940 -2942 -134 -500 -349
10-44-02-793 5802 -13050 -6410 -389 -729 -53
10-44-02-802 7232 -18062 -11740 -483 -932 -17
10-44-02-819 7526 -23104 -17040 -149 -419 -361
10-44-02-848 13384 -30764 -24376 106 34 -364
10-44-02-866 14426 -32132 -24174 106 -258 -193
10-44-02-872 15324 -32768 -24222 83 -299 -231
10-44-02-918 15076 -32768 -25512 -161 -174 -272
10-44-02-927 14662 -32768 -25202 -245 -166 40
10-44-02-934 13266 -31874 -23948 -547 -341 40
10-44-02-959 12346 -28830 -20834 -528 -87 -337
10-44-03-025 6316 -20314 -15300 38 -109 -325
10-44-03-044 5704 -18438 -14272 113 -56 -354
10-44-03-052 5282 -16752 -13370 -71 267 -152
10-44-03-109 6414 -14646 -11260 261 271 -517
10-44-03-125 6288 -11910 -8244 -100 -274 -98
10-44-03-130 5940 -11590 -7996 -127 -376 -18
10-44-03-156 5192 -10730 -7890 101 -193 300
10-44-03-172 1246 -6588 -7762 309 -305 -58
10-44-03-182 1256 -6660 -7504 375 -294 -115
10-44-03-206 1548 -6438 -7148 192 10 99
10-44-03-224 1270 -5392 -5142 393 -69 -276
10-44-03-237 1490 -4276 -4386 439 -18 -348
10-44-03-259 1662 -4060 -3688 474 268 -146
10-44-03-270 724 -3380 -2116 507 276 -552
10-44-03-284 724 -3098 -1572 497 262 -592
10-44-03-305 952 -3104 -1124 472 -24 -618
10-44-03-312 1014 -3848 -494 618 -8 -572
10-44-03-334 1368 -3962 -572 577 -3 -538
10-44-03-355 1614 -4176 -346 524 -12 -247
10-44-03-364 2238 -5158 -200 381 31 -180
10-44-03-383 2452 -5348 -554 336 -265 -177
10-44-03-405 2792 -5760 -506 292 -280 -180
10-44-03-413 3826 -6524 146 -121 -339 -370
10-44-03-434 3768 -6600 432 41 -356 -308
10-44-03-455 4150 -7170 428 -322 -133 18
10-44-03-464 3460 -7532 -614 -598 -514 -90
10-44-03-476 3108 -7036 -860 -466 -549 -48
10-44-03-499 2622 -6302 -1382 -823 -580 -62
10-44-03-516 186 -4940 -3014 -680 -430 -320
10-44-03-521 -618 -4438 -3948 -659 -456 -198
10-44-03-546 -730 -3958 -4254 -877 -432 -570
10-44-03-563 370 -3236 -7524 -431 -224 -885
10-44-03-568 1124 -3238 -7690 -543 -377 -672
10-44-03-596 1800 -3252 -7532 -378 -277 -681
10-44-03-610 2598 -3272 -5038 320 122 -871
10-44-03-615 3434 -3764 -4976 136 115 -802
10-44-03-651 3546 -4938 -4682 187 97 -445
10-44-03-657 4080 -6048 -2524 183 -88 -184
10-44-03-661 4076 -7018 -2574 371 -87 -152
10-44-03-699 4620 -7584 -2638 288 -100 -132
10-44-03-708 5480 -9398 -2700 49 -128 -357
10-44-03-723 5800 -10524 -2874 -268 100 -354
10-44-03-745 6652 -10992 -2752 -328 38 -347
10-44-03-756 8790 -14946 -6398 -229 -599 61
10-44-03-776 8908 -16146 -8626 -227 -407 -115
10-44-03-799 9154 -17020 -10872 -212 -435 -8
10-44-03-807 8436 -18792 -14078 -346 -780 316
10-44-03-814 8670 -19578 -15262 -331 -483 -20
10-44-03-839 9294 -20308 -16752 -319 -410 -99
10-44-03-850 9450 -23240 -17166 16 -371 47
10-44-03-855 10510 -25064 -17804 94 37 12
10-44-03-889 11062 -26922 -18710 -70 -111 10
10-44-03-903 13428 -30472 -16878 -58 104 -147
10-44-03-914 15824 -31992 -16878 75 59 -232
10-44-03-934 17160 -32768 -17138 -270 34 -247
10-44-03-947 19828 -32768 -16674 -177 56 -290
10-44-03-956 19818 -32768 -16232 -230 -305 74
10-44-03-986 18872 -32768 -15898 -545 -170 -81
10-44-04-003 14772 -32768 -19324 -853 -567 313
10-44-04-014 12894 -32488 -19974 -885 -540 259
10-44-04-039 11006 -30298 -19600 -864 -210 -116
10-44-04-051 9072 -23652 -16288 -579 -154 -246
10-44-04-066 8664 -21714 -15714 -249 -233 -563
10-44-04-093 8584 -20530 -15790 -197 -545 -577
10-44-04-100 8672 -15732 -15730 83 -171 -544
10-44-04-113 9352 -15130 -13990 -61 -170 -521
10-44-04-133 9750 -14700 -12276 308 -181 -199
10-44-04-151 9512 -14026 -8944 373 -631 94
10-44-04-156 9172 -13482 -9134 296 -439 -17
10-44-04-183 8346 -13048 -9210 -49 -446 139
10-44-04-198 6406 -10478 -7510 39 -607 575
10-44-04-203 5582 -9792 -6070 4 -595 580
10-44-04-229 4762 -9078 -5138 -290 -631 574
10-44-04-248 3264 -7716 -3750 -148 -784 528
10-44-04-254 3106 -7432 -4688 -237 -836 234
10-44-04-280 2234 -7232 -5158 -541 -809 193
10-44-04-285 708 -5328 -4858 -369 -210 369
10-44-04-295 536 -4642 -4028 -331 -139 317
10-44-04-330 96 -4194 -3174 -279 -139 -12
10-44-04-381 -370 -3342 -854 112 -417 61
10-44-04-398 -260 -3084 -1624 126 -773 16
10-44-04-406 272 -2888 -1968 -121 -821 -263
10-44-04-426 -282 -2204 -2748 -28 -409 -281
10-44-04-440 812 -3382 -2308 590 21 -160
10-44-04-446 738 -3682 -2804 636 55 -159
10-44-04-472 1316 -4404 -3140 421 84 -163
10-44-04-487 3738 -7724 -2000 397 -110 -172
10-44-04-493 4866 -8664 -2270 608 -96 -133
10-44-04-586 5636 -10124 -2214 573 -108 -311
10-44-04-632 7346 -13776 -2708 370 -350 265
10-44-04-648 7312 -15232 -3132 273 -199 137
10-44-04-664 7056 -16154 -3042 -108 -551 519
10-44-04-674 1186 -14492 -7762 -788 -756 599
10-44-04-681 898 -14142 -7168 -813 -768 240
10-44-04-694 1476 -13286 -6718 -825 -1034 148
10-44-04-703 2746 -11504 -4046 -837 -953 137
10-44-04-708 2924 -11074 -3242 -853 -1290 196
10-44-04-724 2528 -10294 -2240 -645 -1387 524
10-44-04-729 3982 -8432 572 -978 -1533 876
10-44-04-735 4872 -7854 1360 -1154 -1715 1090
10-44-04-767 5130 -7390 2200 -1617 -1923 1358
10-44-04-772 4590 -6282 4672 -2179 -2844 1982
10-44-04-777 4638 -5278 4254 -2492 -2716 2565
10-44-04-815 4002 -4468 4096 -2791 -2788 2914
10-44-04-820 2478 -2336 2992 -3552 -3128 3842
10-44-04-830 2238 -1246 3288 -3742 -3138 3815
10-44-04-863 1412 -648 3582 -4043 -3181 4025
10-44-04-875 792 1724 4884 -5184 -3066 4771
10-44-04-881 574 3844 4326 -5278 -2973 5063
10-44-04-918 -984 7128 3824 -5622 -2743 5261
10-44-04-930 -18930 20336 -2402 -6158 -1415 4345
10-44-04-968 -22022 20402 -4334 -6204 -1413 4662
10-44-04-990 -17488 24126 -1124 -6932 -1547 5503
10-44-04-997 -16736 30758 684 -7512 -426 5481
10-44-05-010 -18212 32511 936 -7454 -347 5021
10-44-05-025 -19494 32511 186 -7285 35 5151
10-44-05-030 -23808 32511 -2410 -6891 618 4497
10-44-05-036 -22294 32511 -2442 -7239 631 4303
10-44-05-056 -22220 32511 -3948 -7173 641 4052
10-44-05-077 -24622 32511 -2956 -6347 2498 3098
10-44-05-088 -23282 32511 -1748 -5887 3422 2296
10-44-05-113 -20734 32534 -1092 -5301 3888 1832
10-44-05-125 -9252 28146 -4172 -3627 3116 -317
10-44-05-141 -8388 27396 -6128 -3177 2205 -818
10-44-05-205 -8280 25412 -8482 -2911 1510 -990
10-44-05-230 -17942 29646 -18410 -2513 1596 -2871
10-44-05-240 -13346 32511 -32768 -3259 5162 -2779
10-44-05-277 30428 32511 -32768 -2523 4872 -1392
10-44-05-299 -12600 22708 -5746 629 145 -25
10-44-05-313 -13214 21108 -3624 427 879 355
