10-39-44-371 -19360 10418 12064 1543 -2853 189
10-39-44-380 -19646 9904 11284 1013 -2113 546
10-39-44-408 -19308 10076 10578 742 -1184 575
10-39-44-422 -16646 13798 8190 -816 -160 -1054
10-39-44-446 -16040 13990 7622 -849 -581 -1296
10-39-44-455 -15594 14364 7938 -883 -775 -1575
10-39-44-490 -16466 14262 7870 -777 -956 -2328
10-39-44-500 -16990 14072 8014 -488 -1016 -2212
10-39-44-522 -17500 14070 6618 -460 -992 -2572
10-39-44-552 -15052 15436 6854 -477 -957 -2844
10-39-44-572 -15408 15554 7042 -448 -954 -2897
10-39-44-579 -15538 15550 6970 -621 -1281 -2726
10-39-44-591 -14878 15600 7768 -603 -1334 -2926
10-39-44-686 -15098 15994 7430 -592 -990 -2878
10-39-44-715 -15298 15882 6570 -590 -1036 -2828
10-39-44-728 -14698 14822 5414 -609 -569 -2495
10-39-44-749 -13408 14416 5532 -407 175 -2664
10-39-44-804 -13610 11052 2164 793 2896 -909
10-39-44-814 -13354 10274 2360 868 3633 -845
10-39-44-823 -13552 9572 2284 894 4455 -233
10-39-44-835 -17674 9980 1020 825 6084 189
10-39-44-852 -5506 13094 4346 1434 10708 2114
10-39-44-860 -2294 13116 1998 1408 10781 2133
10-39-44-870 602 12082 -560 1410 10249 2061
10-39-44-885 5400 10034 -7052 1191 5643 643
10-39-44-899 3226 11264 -8780 977 3372 523
10-39-44-906 1502 12560 -8418 896 1282 280
10-39-44-951 1708 12304 -2580 640 -4045 -469
10-39-44-963 8 12410 38 664 -5920 -861
10-39-44-983 -3990 10880 456 678 -7017 -685
10-39-44-997 -10272 8454 254 791 -6984 -932
10-39-45-004 -10938 7772 -132 519 -5862 -1125
10-39-45-009 -11396 7704 -732 -66 -4777 -655
10-39-45-093 -9640 7770 -5330 -1106 -1486 -295
10-39-45-112 -8952 7996 -6024 -1395 -714 98
10-39-45-123 -7782 7228 -5482 -1604 -176 -78
10-39-45-131 -6630 5712 -4334 -1798 380 159
10-39-45-142 -6844 5876 -11710 -1854 -819 830
10-39-45-147 -6788 5322 -9940 -1536 -1086 837
10-39-45-155 -7148 5492 -8130 -1448 -1165 834
10-39-45-177 -9910 7562 -8186 -1336 -2281 750
10-39-45-194 -11304 7406 -8938 -962 -2646 915
10-39-45-199 -12336 6902 -9424 -926 -2234 1369
10-39-45-245 -11990 8128 -8042 -1335 -1448 1617
10-39-45-256 -12232 9150 -7770 -1306 -1558 1448
10-39-45-268 -13276 10044 -7784 -1013 -1386 1799
10-39-45-299 -15644 10462 -9214 -1119 -442 1845
10-39-45-310 -15284 11090 -9574 -1107 -153 1844
10-39-45-340 -15250 11250 -8594 -741 69 1817
10-39-45-386 -14726 12074 -7304 -786 -77 1418
10-39-45-395 -14054 11928 -7148 -432 24 1422
10-39-45-403 -14366 13018 -7706 -611 -231 1641
10-39-45-416 -13838 12814 -8322 -228 -675 1306
10-39-45-423 -13732 12872 -8198 -226 -760 1141
10-39-45-428 -13984 13484 -7990 -228 -1029 725
10-39-45-493 -13804 15928 -7676 -189 -1020 597
10-39-45-516 -13664 16136 -7484 -207 -1174 219
10-39-45-544 -13264 17104 -6288 -220 -1581 132
10-39-45-557 -14512 16378 -5028 -148 -1842 -99
10-39-45-569 -14194 12306 -4794 -129 -1587 -687
10-39-45-580 -14072 11786 -4218 -163 -1558 -1131
10-39-45-591 -13716 11082 -3408 -184 -1237 -1297
10-39-45-625 -12850 10702 -2108 -515 -969 -1620
10-39-45-638 -11738 10832 -954 -556 -1148 -1654
10-39-45-649 -11900 10768 -848 -597 -1050 -1638
10-39-45-665 -11682 10742 -520 -425 -495 -1602
10-39-45-683 -8604 12508 228 -491 -846 -1607
10-39-45-694 -8392 12584 972 -428 -968 -1655
10-39-45-706 -9150 12300 1916 -616 -1588 -1444
10-39-45-722 -10994 11108 2610 -255 -1769 -1498
10-39-45-732 -11234 10432 2596 -233 -2132 -1465
10-39-45-739 -11250 10224 2620 -515 -2169 -1428
10-39-45-765 -9836 9876 2076 -626 -2200 -1649
10-39-45-774 -9378 9634 3072 -620 -2649 -1663
10-39-45-793 -10864 9234 3528 -639 -2548 -1622
10-39-45-818 -11306 10034 3244 -431 -2548 -1553
10-39-45-835 -10982 9564 3228 -417 -2849 -1208
10-39-45-848 -10798 9210 3228 -411 -2875 -1169
10-39-45-864 -10314 8960 4910 -256 -2629 -1283
10-39-45-881 -10606 8376 5232 -197 -2420 -941
10-39-45-887 -10750 7832 5722 -133 -2161 -1099
10-39-45-917 -9182 7792 5412 -368 -987 -618
10-39-45-923 -8828 8364 5096 -349 -1070 -256
10-39-45-934 -7348 9290 5066 -307 -692 -154
10-39-45-963 -7056 10400 6808 279 -490 -29
10-39-45-981 -7676 10690 7774 179 -450 359
10-39-45-988 -8272 11302 7804 585 -430 198
10-39-46-010 -6764 11456 7280 1046 -792 466
10-39-46-017 -7354 11634 7006 921 -805 791
10-39-46-023 -8264 10938 7246 1285 -486 877
10-39-46-057 -7834 11516 8546 1197 -606 735
10-39-46-073 -7652 11746 8394 1237 -608 762
10-39-46-085 -8774 12298 8542 1235 -435 750
10-39-46-120 -9842 13100 8382 1388 -816 707
10-39-46-131 -9330 13676 9084 1310 -847 881
10-39-46-138 -10932 13704 9502 990 -855 786
10-39-46-161 -12660 14202 12800 1103 -459 198
10-39-46-173 -13432 13524 14440 1057 -408 355
10-39-46-184 -14934 13064 15068 717 -434 -30
10-39-46-270 -16888 12878 15242 307 -838 -388
10-39-46-283 -17782 13104 15826 -271 -705 -674
10-39-46-304 -18000 12922 17002 -608 -1031 -916
10-39-46-324 -24896 8878 18286 -2812 -536 -3073
10-39-46-341 -24222 10058 18404 -3065 -252 -3063
10-39-46-363 -24622 10730 18734 -3299 -226 -3297
10-39-46-392 -23202 12888 17654 -4168 99 -4158
10-39-46-404 -23122 12584 17536 -4080 313 -4032
10-39-46-414 -22096 12264 17164 -4233 576 -4371
10-39-46-431 -17480 11394 17800 -4525 1024 -4290
10-39-46-444 -16084 11398 18124 -4553 674 -4339
10-39-46-456 -15398 11130 16560 -4576 808 -4335
10-39-46-473 -13836 9340 14296 -4800 1107 -4036
10-39-46-485 -11942 9070 13518 -4776 960 -4210
10-39-46-494 -11392 8810 13548 -4918 1296 -4137
10-39-46-507 -9526 6738 9608 -4637 962 -3731
10-39-46-517 -7048 5404 7674 -4289 899 -3895
10-39-46-526 -5558 3910 7046 -4445 726 -3567
10-39-46-554 -4306 696 2804 -3815 -286 -3394
10-39-46-563 -4570 -542 1178 -3965 -347 -2960
10-39-46-577 -5150 -1526 -728 -3901 87 -2796
10-39-46-595 -1564 -3548 -7070 -3311 792 -2565
10-39-46-607 158 -3532 -9742 -3414 851 -2416
10-39-46-617 2314 -3268 -12874 -2961 874 -2018
10-39-46-641 4712 -4108 -15394 -2047 500 -1471
10-39-46-658 4164 -3392 -15514 -1671 837 -1191
10-39-46-667 5330 -3326 -15506 -1170 644 -1133
10-39-46-687 4306 -4472 -12370 298 81 -321
10-39-46-708 3320 -5042 -11152 453 -168 -51
10-39-46-717 2438 -5608 -9784 1093 -387 199
10-39-46-741 744 -6632 -6852 1791 -910 1017
10-39-46-746 798 -6186 -6620 2025 -989 1267
10-39-46-757 548 -5406 -6940 2252 -985 1525
10-39-46-792 676 -3128 -4376 3185 -1120 2572
10-39-46-797 122 -2338 -3702 3390 -1148 2818
10-39-46-803 -830 -1320 -3368 3315 -918 2813
10-39-46-891 -1210 814 -1732 3876 -1022 3203
10-39-46-909 -2756 1512 -1662 3731 -1321 3630
10-39-46-918 -4710 2612 -1092 3823 -968 3538
10-39-46-934 -7494 5896 3630 4427 -168 4038
10-39-46-940 -15126 14312 11922 5486 -737 4724
10-39-46-946 -16292 16614 15436 5255 -470 4525
10-39-46-978 -16828 19118 17672 5328 -630 4579
10-39-46-995 -21512 23108 20502 5524 -690 4619
10-39-47-006 -22762 22564 18682 5370 -578 4468
10-39-47-032 -23582 22764 17802 5035 -3 4362
10-39-47-048 -24284 22764 23034 3971 1339 3515
10-39-47-076 -22710 20236 22432 3726 972 3320
10-39-47-093 -22128 17712 20946 3619 717 3028
10-39-47-103 -20332 12974 16020 1979 309 2038
10-39-47-111 -21394 12154 16388 1851 -87 1735
10-39-47-128 -23396 10018 16946 1262 67 1413
10-39-47-151 -25012 6468 15672 250 -520 455
10-39-47-158 -25292 6354 14870 -120 -618 368
10-39-47-177 -25588 6558 14378 -182 -403 21
10-39-47-183 -26292 6970 16206 -1018 -509 -951
10-39-47-196 -27100 7072 17734 -1276 -806 -1270
10-39-47-231 -26906 7954 18420 -1812 -651 -1875
10-39-47-242 -25790 9774 18166 -2372 -1026 -2207
10-39-47-249 -25908 10548 18408 -2442 -726 -2485
10-39-47-279 -25352 11368 18970 -2790 -896 -2751
10-39-47-288 -23452 13550 20094 -3726 -402 -3642
10-39-47-295 -23378 13966 20928 -3970 -451 -3567
10-39-47-319 -22646 14516 21144 -4440 -877 -3718
10-39-47-332 -21644 14138 17864 -4989 -854 -4207
10-39-47-344 -20200 13082 17156 -4862 -391 -3987
10-39-47-366 -19194 12224 15684 -5202 -379 -3998
10-39-47-392 -15514 10102 12716 -5142 444 -4182
10-39-47-407 -13822 9314 11212 -4791 884 -4116
10-39-47-427 -13206 8380 11630 -4927 1075 -3815
10-39-47-435 -9346 7136 9326 -4241 1360 -3888
10-39-47-444 -7648 6618 8018 -4088 1389 -3535
10-39-47-466 -6884 5532 6850 -4200 1348 -3459
10-39-47-472 -5000 2884 10232 -3478 190 -3257
10-39-47-477 -4804 1906 11058 -3316 -335 -3385
10-39-47-520 -4848 234 8954 -3227 -484 -3181
10-39-47-529 -6632 -2810 7050 -3271 -941 -2494
10-39-47-538 -6756 -3462 4670 -3613 -1106 -2603
10-39-47-572 -6060 -4070 1586 -3696 -828 -2343
10-39-47-581 -4838 -6982 -6756 -3926 399 -1848
10-39-47-587 -1858 -7780 -9750 -3927 931 -1642
10-39-47-617 422 -8092 -10284 -3574 1234 -1574
10-39-47-623 4568 -9034 -12276 -3057 917 -996
10-39-47-634 4302 -8438 -12066 -2938 779 -1029
10-39-47-665 3572 -8334 -11844 -2257 128 -507
10-39-47-686 1814 -6494 -13026 -1354 -70 -109
10-39-47-695 420 -5592 -13178 -750 -20 330
10-39-47-726 -640 -6240 -11652 -422 293 512
10-39-47-734 -178 -5882 -6796 216 294 798
10-39-47-743 12 -6008 -6188 779 71 866
10-39-47-775 318 -5374 -5928 1056 -162 679
10-39-47-787 450 -4304 -5616 1818 -707 933
10-39-47-799 -78 -3802 -6420 2052 -708 1294
10-39-47-817 62 -3664 -5260 2311 -886 1159
10-39-47-828 890 -2544 -3416 3123 -768 1822
10-39-47-839 1102 -1888 -2946 3384 -932 1699
10-39-47-863 910 -880 -2160 3648 -1408 2092
10-39-47-872 -1064 1678 906 4391 -1783 2583
10-39-47-879 -2266 2190 3330 4344 -2061 2491
10-39-47-905 -2948 2696 4786 4545 -2105 2934
10-39-47-920 -5226 4720 11466 5253 -2518 3203
10-39-47-930 -8954 4992 12420 5639 -2544 3660
10-39-47-950 -11176 6250 11756 5657 -2232 3910
10-39-47-981 -16084 11254 18470 5603 -1697 4069
10-39-47-990 -19650 11126 17542 5561 -1213 4443
10-39-48-015 -21692 11238 21850 5309 -775 4398
10-39-48-028 -22548 15838 20396 5133 287 4094
10-39-48-039 -20632 15420 18422 4876 802 3972
10-39-48-063 -20838 15342 16192 4229 1327 3783
10-39-48-071 -19512 16074 15648 3273 1855 3392
10-39-48-079 -18184 16462 17428 3398 1615 3015
10-39-48-101 -16774 16790 17988 3342 998 2957
10-39-48-121 -19242 16562 16204 2979 -51 2691
10-39-48-130 -20552 15232 16030 3115 -305 2525
10-39-48-152 -21908 14118 16384 2924 -224 2295
10-39-48-168 -23600 11000 13258 1703 -180 1489
10-39-48-174 -24116 10226 12974 1268 -290 1269
10-39-48-195 -24678 9810 14348 1138 78 989
10-39-48-201 -25208 8584 17362 -5 -201 356
10-39-48-213 -25894 8342 18058 -306 -478 -334
10-39-48-243 -25406 9082 18514 -407 -733 -478
10-39-48-264 -24784 9982 19580 -1772 -936 -1800
10-39-48-275 -24794 10724 20728 -2210 -1151 -2073
10-39-48-300 -25348 11680 21784 -2850 -1111 -2347
10-39-48-309 -23690 15152 21690 -3486 -721 -2950
10-39-48-323 -22706 15574 20950 -3772 -706 -3222
10-39-48-344 -21930 16164 20868 -4060 -700 -3483
10-39-48-363 -21220 15886 19944 -4547 -671 -3836
10-39-48-368 -20124 15172 19252 -4958 -846 -4185
10-39-48-391 -19296 14400 18228 -4831 -410 -3977
10-39-48-406 -16818 9408 13170 -5244 642 -4194
10-39-48-416 -15304 9322 12742 -4993 994 -4183
10-39-48-443 -13576 9548 13480 -5188 1216 -4203
10-39-48-453 -9642 8216 11374 -4533 1184 -3795
10-39-48-464 -8138 6874 9984 -4702 1194 -3717
10-39-48-489 -7542 5874 7360 -4325 1210 -3857
10-39-48-506 -5486 3496 6850 -3974 1303 -3307
10-39-48-518 -4834 3060 6992 -3965 1036 -3455
10-39-48-542 -4446 1868 6528 -3695 401 -3069
10-39-48-552 -4966 -2524 5444 -3193 -331 -2907
10-39-48-560 -5168 -3764 5800 -2812 -230 -2817
10-39-48-587 -5906 -4218 5910 -2739 -398 -2460
10-39-48-597 -8634 -5928 4712 -2769 -233 -2196
10-39-48-618 -7616 -6168 2160 -3115 -116 -2177
10-39-48-640 -6718 -6282 -1052 -3178 630 -2365
10-39-48-653 558 -7242 -6798 -2535 1190 -2151
10-39-48-671 3468 -6518 -8960 -2235 996 -1903
10-39-48-698 6604 -6194 -10724 -2062 729 -1557
10-39-48-710 6400 -5826 -11218 -425 520 -530
10-39-48-730 5848 -5512 -9912 -261 182 105
10-39-48-759 3782 -6208 -8214 378 292 230
10-39-48-768 672 -6684 -5742 716 -267 1070
10-39-48-782 -588 -6386 -4588 915 -158 1007
10-39-48-799 -908 -6268 -4660 1352 -565 1170
10-39-48-806 -1716 -5696 -5732 1892 -565 1665
10-39-48-811 -1646 -4764 -5822 2083 -373 2121
10-39-48-828 -628 -4190 -5734 2029 54 2352
10-39-48-842 126 -1554 -2482 2791 -158 2774
10-39-48-897 514 -150 -2088 3328 -695 2974
10-39-48-910 -230 1326 -1222 3633 -1585 3380
10-39-48-924 -5414 3630 -896 3988 -1968 3641
10-39-48-943 -10796 10166 7068 5381 -831 4063
10-39-48-950 -12436 11892 10776 5305 -1096 4387
10-39-48-956 -15164 13038 11474 5703 -1293 4074
10-39-49-039 -18660 17466 18044 5918 -1590 3950
10-39-49-070 -21104 16830 18314 5594 -1364 3577
10-39-49-081 -21942 17172 19922 5354 -868 3612
10-39-49-096 -22834 16888 20352 2765 1367 2610
10-39-49-103 -21992 15564 19544 2519 764 2319
10-39-49-109 -21822 14062 18476 2266 392 1737
10-39-49-129 -22350 10868 17624 1899 123 1355
10-39-49-135 -22740 9270 18114 1542 10 1073
10-39-49-145 -23430 8034 18150 1146 -333 791
10-39-49-175 -24702 7212 17246 -170 -246 -182
10-39-49-181 -24830 7530 17480 -833 -553 -790
10-39-49-191 -24208 8048 17148 -945 -620 -1128
10-39-49-227 -24876 9650 18352 -2101 -713 -2105
10-39-49-238 -25460 10132 18906 -2369 -1028 -2404
10-39-49-244 -25182 10758 18794 -2640 -1097 -2452
10-39-49-285 -24320 12322 18082 -3275 -736 -3432
10-39-49-292 -23926 12506 18418 -3536 -861 -3609
10-39-49-298 -23176 13330 18594 -3772 -488 -3490
10-39-49-331 -19842 12886 16300 -4319 -327 -3956
10-39-49-337 -18776 12588 15056 -4706 58 -3967
10-39-49-343 -17054 12002 14322 -4565 -83 -3966
10-39-49-368 -13910 12950 12324 -4570 403 -3931
10-39-49-399 -12016 12318 11348 -4646 412 -3895
10-39-49-419 -10624 10924 9392 -4242 538 -3566
10-39-49-434 -9538 6664 6204 -4026 799 -3264
10-39-49-443 -9074 5278 7328 -4216 890 -3591
10-39-49-448 -6766 5392 6064 -3805 617 -3277
10-39-49-478 -6828 2932 4670 -3324 -327 -3420
10-39-49-484 -7880 940 4218 -3420 -230 -3022
10-39-49-492 -8556 -854 2880 -3050 -225 -3190
10-39-49-529 -9820 -4718 4832 -3143 -55 -2812
10-39-49-535 -9478 -4820 6104 -3120 -30 -2781
10-39-49-542 -8692 -5036 5290 -2803 -127 -2725
10-39-49-565 -7122 -6220 -2830 -3183 134 -2594
10-39-49-584 -5990 -6630 -5982 -3193 822 -2180
10-39-49-596 -2856 -7176 -9734 -2949 1393 -1986
10-39-49-617 6226 -4934 -11030 -2398 1857 -1268
10-39-49-625 7520 -4296 -10198 -1815 1538 -1142
10-39-49-635 8874 -4482 -11638 -938 1130 -456
10-39-49-670 7018 -3874 -10562 623 -29 856
10-39-49-677 5294 -3296 -8872 1035 14 944
10-39-49-684 4008 -2538 -8218 1172 -168 1261
10-39-49-711 2682 -1194 -5678 2204 -799 2212
10-39-49-719 1528 -730 -4412 2472 -891 2466
10-39-49-737 636 -582 -3352 2724 -718 2704
10-39-49-764 -4744 1284 3690 3676 -1157 3444
10-39-49-782 -7126 1276 6984 3934 -1445 3422
10-39-49-795 -7702 1858 7290 4177 -2080 3426
10-39-49-821 -11006 2324 5918 4360 -1698 3243
10-39-49-832 -11640 2490 6930 4056 -1567 3276
10-39-49-863 -14340 3166 9884 4032 -1139 3588
10-39-49-887 -13832 4950 14354 4072 -680 3657
10-39-49-902 -14130 6544 16976 4247 -1297 3629
10-39-49-913 -15402 7256 15766 4718 -1473 3280
10-39-49-931 -19784 6870 10144 4127 -538 3365
10-39-49-940 -20456 8098 10628 3914 540 3023
10-39-49-951 -20800 8714 13606 3551 901 3019
10-39-49-970 -17290 12588 20722 3471 543 2965
10-39-49-979 -18724 13456 20972 3929 -140 3095
10-39-49-998 -21672 12640 20004 3755 -864 2924
10-39-50-021 -17320 13018 16916 3342 -180 2329
10-39-50-034 -21006 11946 18108 3073 63 1686
10-39-50-042 -22356 11408 18640 2455 114 1641
10-39-50-062 -20904 10112 19692 1602 -358 977
10-39-50-070 -22398 9014 18584 1134 -344 726
10-39-50-081 -22404 8748 17970 620 -324 446
10-39-50-110 -24444 7720 17356 -729 -343 -539
10-39-50-117 -24508 7708 18504 -1322 -345 -845
10-39-50-123 -25188 7786 19324 -1614 -365 -1116
10-39-50-160 -24872 8706 19820 -2346 -225 -1665
10-39-50-172 -24558 8794 18858 -2599 -199 -1921
10-39-50-197 -24424 8806 18516 -2887 -141 -2420
10-39-50-211 -22876 8948 18650 -3698 -355 -2799
10-39-50-220 -22434 9526 18780 -3903 -312 -2953
10-39-50-227 -21738 9738 18226 -4098 89 -3330
10-39-50-247 -20024 9010 16980 -4406 380 -3277
10-39-50-258 -18878 8906 15912 -4239 215 -3609
10-39-50-272 -17572 9090 15680 -4301 246 -3694
10-39-50-307 -14792 7674 12680 -4671 692 -3487
10-39-50-316 -14814 7458 12716 -4709 977 -3512
10-39-50-329 -12730 7534 11240 -4664 1174 -3559
10-39-50-352 -7518 5754 6970 -4004 1549 -3564
10-39-50-362 -8260 4258 6858 -4107 1243 -3561
10-39-50-372 -8424 3614 6694 -3584 1158 -3536
10-39-50-408 -5232 1922 6114 -3165 230 -3275
10-39-50-419 -4858 814 5150 -2940 -191 -3392
10-39-50-427 -6644 -390 5202 -2871 -893 -3006
10-39-50-444 -9930 -2980 2154 -2893 -327 -2909
10-39-50-454 -8800 -4510 238 -2843 296 -2527
10-39-50-464 -5104 -5296 -2116 -2529 230 -2674
10-39-50-492 1590 -5272 -8328 -2327 -384 -1765
10-39-50-506 132 -6246 -10110 -1764 -200 -1438
10-39-50-511 -984 -6684 -10228 -1475 25 -1364
10-39-50-601 3438 -5090 -11266 -435 463 -345
10-39-50-621 3380 -4908 -10132 -274 412 -8
10-39-50-630 2148 -5306 -8354 158 604 614
10-39-50-639 1920 -6020 -5376 1053 159 980
10-39-50-656 512 -4356 -2576 2129 -622 2582
10-39-50-663 -378 -3658 -1350 2012 -442 2820
10-39-50-669 -1244 -2780 -766 2401 -495 2806
10-39-50-692 -5432 -186 -188 2501 -210 3485
10-39-50-697 -5986 456 522 2849 -348 3901
10-39-50-711 -5882 1266 498 2913 -335 3785
10-39-50-742 -11714 3654 9138 2957 -878 3971
10-39-50-748 -12428 4546 11912 3358 -1248 4204
10-39-50-755 -13154 6074 12400 3635 -2149 4222
10-39-50-789 -17314 7144 6500 4153 -1769 3719
10-39-50-802 -19062 7960 6230 3809 -1322 3867
10-39-50-829 -19652 8878 8954 3739 -419 3687
10-39-50-849 -17794 14416 24706 4049 -1895 3019
10-39-50-858 -21806 13522 23504 4643 -2210 3006
10-39-50-868 -25722 10928 19802 4278 -2024 3110
10-39-50-890 -21664 9702 9178 3140 400 2635
10-39-50-899 -21892 9194 10302 2668 1472 2274
10-39-50-914 -22520 9230 16634 2010 2000 2430
10-39-50-938 -20928 13970 22000 1532 230 2122
10-39-50-948 -22794 12702 18860 1431 -385 1822
10-39-50-956 -25090 9350 15842 1316 -1103 1326
10-39-50-999 -26234 7692 15010 -9 -1043 377
10-39-51-012 -26524 5764 16324 -148 -486 84
10-39-51-031 -25758 5442 17164 -499 -164 -201
10-39-51-050 -23688 5958 16182 -1221 -90 -899
10-39-51-061 -23662 6124 15468 -1664 105 -1388
10-39-51-073 -23312 6332 15114 -1822 14 -1632
10-39-51-090 -22654 6822 15380 -2042 -151 -2359
10-39-51-100 -21944 7232 15660 -2200 -163 -2295
10-39-51-121 -22086 7234 15500 -2615 -194 -2470
10-39-51-140 -19948 7728 15670 -2810 -208 -3112
10-39-51-150 -19476 7648 15288 -2956 -176 -2959
10-39-51-162 -18556 7570 14232 -3349 -354 -2998
10-39-51-187 -17088 7202 13512 -3655 -30 -3348
10-39-51-198 -17158 7082 13786 -3700 328 -3366
10-39-51-207 -16056 7074 13362 -3476 365 -3386
10-39-51-232 -13232 5656 10732 -3681 470 -3221
10-39-51-241 -13424 4708 11452 -3655 790 -3262
10-39-51-250 -13536 4154 12368 -3310 486 -3303
10-39-51-271 -9778 3450 8640 -3373 45 -3205
10-39-51-280 -8648 2612 7586 -3364 -586 -3402
10-39-51-292 -9162 1602 7640 -3370 -771 -3331
10-39-51-323 -11026 -1078 6906 -3436 -615 -3177
10-39-51-342 -10472 -1300 6930 -3432 -153 -2808
10-39-51-354 -10438 -2304 6382 -3369 -322 -2753
10-39-51-376 -8404 -3308 3598 -3354 27 -2853
10-39-51-389 -8308 -4046 2350 -3357 18 -2529
10-39-51-411 -7940 -4762 40 -3057 14 -2453
10-39-51-430 -1680 -6114 -8758 -3166 223 -2379
10-39-51-442 332 -6258 -10928 -2749 463 -2172
10-39-51-452 1972 -5660 -12504 -2684 657 -1670
10-39-51-475 6396 -4736 -13614 -1308 728 -448
10-39-51-483 6550 -3552 -12430 -770 663 18
10-39-51-489 4936 -3222 -10920 25 835 222
10-39-51-519 1744 -3514 -6476 1316 -43 1279
10-39-51-530 1332 -2804 -6012 1642 -297 1794
10-39-51-542 214 -2572 -5628 1682 -165 2068
10-39-51-570 -138 -1444 -4462 2642 -112 2845
10-39-51-578 66 -854 -3710 2842 -56 3110
10-39-51-585 140 138 -2526 2790 -103 3378
10-39-51-614 -2884 3394 -8 3477 -888 3799
10-39-51-633 -3926 4332 1616 3964 -938 4205
10-39-51-645 -5324 5362 3900 4205 -1248 4033
10-39-51-679 -10404 8976 5830 4866 -1712 4338
10-39-51-690 -13904 9238 10112 4927 -1808 4254
10-39-51-704 -15222 10230 13746 4924 -1860 4369
10-39-51-721 -22054 13398 22426 5431 -2098 4144
10-39-51-730 -22984 13234 19090 5395 -1920 4211
10-39-51-743 -21852 11842 16694 4782 -1185 3749
10-39-51-767 -22052 11406 17366 3948 -148 3418
10-39-51-776 -23046 11808 18696 3312 270 2968
10-39-51-784 -23236 11176 19690 3036 409 3183
10-39-51-809 -23028 11980 20050 2500 450 2839
10-39-51-823 -23624 12288 18664 2647 215 2605
10-39-51-833 -24256 11498 18202 2244 -20 2311
10-39-51-872 -25694 9478 19918 1592 -552 910
10-39-51-884 -25926 8110 20468 937 -633 857
10-39-51-901 -26074 7534 21068 501 -409 571
10-39-51-922 -25078 6360 18464 -871 -161 -524
10-39-51-928 -25184 6314 17790 -991 -317 -798
10-39-51-935 -25004 6120 17524 -1560 33 -1072
10-39-51-953 -24472 7714 17436 -1970 278 -1893
10-39-51-977 -23504 8076 17722 -2376 -21 -2160
10-39-51-988 -22828 8346 17054 -2284 -108 -2404
10-39-52-009 -21008 9040 16354 -3130 -282 -2737
10-39-52-019 -20708 8840 16264 -3335 -261 -3140
10-39-52-025 -20302 9106 16052 -3271 14 -3007
10-39-52-055 -17690 9014 13936 -3914 326 -3435
10-39-52-074 -16382 8760 13450 -3964 316 -3246
10-39-52-084 -15270 8626 12666 -3759 314 -3241
10-39-52-111 -15606 8322 12252 -4124 165 -3239
10-39-52-125 -16118 8406 12556 -4143 584 -3277
10-39-52-136 -15650 8812 11254 -4132 469 -3585
10-39-52-157 -11570 6762 9694 -3906 221 -3624
10-39-52-169 -10632 5290 9728 -3855 -42 -3609
10-39-52-186 -10432 4408 9514 -3562 -298 -3613
10-39-52-212 -10598 1620 10094 -3629 -242 -3271
10-39-52-223 -11000 612 9696 -3273 -232 -3221
10-39-52-240 -10112 -578 6298 -3217 -156 -3363
10-39-52-259 -5732 -1248 -2006 -3605 516 -2798
10-39-52-269 -3944 -2688 -3224 -3604 868 -2711
10-39-52-277 -3180 -3634 -5648 -3228 974 -2539
10-39-52-301 5700 -3886 -11920 -2665 1559 -2072
10-39-52-312 8412 -3060 -13274 -1922 1004 -1481
10-39-52-323 9330 -2804 -13952 -1616 785 -1355
10-39-52-361 5784 -3824 -11640 -16 142 344
10-39-52-374 5606 -3874 -10070 422 381 804
10-39-52-406 5356 -3598 -8352 1116 -55 957
10-39-52-437 2660 -1930 -5160 2037 -738 2170
10-39-52-458 774 -1856 -3770 2603 -1124 2185
10-39-52-463 -664 -1190 -3258 2834 -1086 2445
10-39-52-473 -3600 1626 -1266 3390 -226 3377
10-39-52-479 -4336 1980 1056 3309 -164 3277
10-39-52-486 -4870 2792 2040 3477 -625 3657
10-39-52-496 -5686 5056 5174 4171 -1222 3902
10-39-52-503 -7086 5860 6054 4354 -1863 3961
10-39-52-514 -10544 6490 9400 4249 -2088 3938
10-39-52-553 -15314 8832 13506 4968 -1847 3565
10-39-52-574 -17386 9642 14334 5129 -1566 3670
10-39-52-583 -17986 10836 15246 5209 -1195 3586
10-39-52-596 -18428 11010 15968 4933 -687 3433
10-39-52-603 -19566 12108 17028 4658 -215 3034
10-39-52-609 -19660 13416 17572 4429 -44 3187
10-39-52-643 -19512 13786 18936 3489 555 2756
10-39-52-650 -19758 13182 17916 3233 213 2914
10-39-52-658 -20084 13120 17588 3184 178 2488
10-39-52-683 -21700 12176 19622 2321 140 1947
10-39-52-695 -22564 12564 21104 2064 -37 1776
10-39-52-701 -22442 11770 20994 1831 -307 1853
10-39-52-741 -24588 9076 20072 392 -626 835
10-39-52-755 -24042 8470 19798 -80 -559 215
10-39-52-763 -24140 7650 18888 -527 -215 -91
10-39-52-782 -23616 7062 17830 -1538 20 -853
10-39-52-796 -23136 7440 17918 -1516 55 -1095
10-39-52-801 -23142 7712 17864 -1718 68 -1329
10-39-52-840 -21834 8984 16620 -2267 -270 -2053
10-39-52-855 -21614 8862 16574 -2478 -282 -1998
10-39-52-863 -21180 9188 16820 -2717 -271 -2198
10-39-52-880 -20740 10086 17340 -3202 104 -2526
10-39-52-898 -20154 10158 17326 -3671 -47 -2904
10-39-52-908 -19984 10422 17502 -3860 371 -2765
10-39-52-932 -18288 9952 14760 -4215 859 -3042
10-39-52-948 -17054 9706 14768 -4008 868 -3396
10-39-52-957 -15782 10014 13884 -4048 501 -3448
10-39-52-980 -14918 8568 13328 -4092 157 -3294
10-39-52-997 -15280 7764 13168 -4093 174 -3327
10-39-53-011 -15154 7282 11820 -4081 520 -3324
10-39-53-047 -13132 5198 8870 -4467 1183 -3691
10-39-53-054 -10532 4892 9602 -4372 1357 -3512
10-39-53-061 -9056 4356 8956 -4212 656 -3539
10-39-53-078 -9070 1212 6186 -4162 -114 -3230
10-39-53-084 -8774 614 3594 -4176 261 -3365
10-39-53-096 -8384 -566 2106 -4126 616 -3194
10-39-53-133 -2300 -1926 -5542 -3916 2115 -2840
10-39-53-141 910 -1874 -6404 -3634 1990 -2498
10-39-53-148 4162 -2246 -6200 -3196 1874 -2296
10-39-53-175 3958 -4390 -6422 -2140 448 -1369
10-39-53-193 4382 -4912 -7292 -1469 635 -739
10-39-53-202 4298 -5182 -7366 -1303 479 -584
10-39-53-227 5528 -4070 -7804 -629 417 187
10-39-53-249 4828 -4122 -7298 9 517 824
10-39-53-270 4358 -4136 -6904 128 355 959
10-39-53-289 1516 -4172 -5598 1223 -503 1754
10-39-53-297 1144 -3604 -5584 1832 -1036 1993
10-39-53-304 494 -2758 -6724 2161 -979 2253
10-39-53-327 -3592 -1404 -2314 2894 -1299 3360
10-39-53-339 -6058 -950 -68 3138 -946 3625
10-39-53-382 -8008 -864 1840 3370 -1120 3904
10-39-53-389 -4072 2260 2506 3817 -1647 4188
10-39-53-396 -2180 4936 4074 4083 -2043 3985
10-39-53-404 -4732 6444 5970 4714 -3067 4042
10-39-53-423 -14538 7462 7296 4749 -4259 4134
10-39-53-435 -15870 7768 9192 4883 -3532 3959
10-39-53-446 -16570 10218 11016 4503 -2941 3549
10-39-53-475 -18300 14172 18142 4586 -1301 3223
10-39-53-484 -19088 13444 17804 4883 -647 3422
10-39-53-502 -18866 13236 16870 4494 -196 3359
10-39-53-526 -19790 15374 17880 3736 1054 2903
10-39-53-534 -20466 17286 20264 3945 1095 2442
10-39-53-540 -20076 16842 20178 3737 876 2432
10-39-53-571 -20078 13326 15340 3137 -608 2373
10-39-53-577 -20262 11954 15142 2606 -396 1775
10-39-53-583 -21190 13218 16334 2147 -612 1633
10-39-53-611 -24366 13296 19134 1222 -618 1068
10-39-53-622 -24198 13274 19778 921 -398 835
10-39-53-627 -23970 12886 19540 822 -428 558
10-39-53-667 -23580 10956 17216 -846 -435 -438
10-39-53-677 -23550 11086 16820 -1305 -415 -743
10-39-53-684 -23936 10950 16942 -1414 -625 -1005
10-39-53-711 -23614 12598 17658 -2374 -199 -1787
10-39-53-726 -22888 12848 17718 -2297 -237 -2306
10-39-53-734 -22204 12796 17844 -2503 -605 -2561
10-39-53-761 -20512 13606 19066 -3597 -918 -3126
10-39-53-782 -19506 13690 18492 -3928 -1286 -2994
10-39-53-797 -18604 13340 18110 -4021 -987 -3359
10-39-53-824 -17776 10996 16052 -5165 -181 -3627
10-39-53-835 -17176 11614 15780 -5082 58 -3477
10-39-53-849 -16110 11534 15738 -5436 270 -3529
10-39-53-866 -14368 10240 13542 -5439 774 -3737
10-39-53-877 -12466 8884 12294 -5405 844 -3737
10-39-53-887 -10038 8294 8492 -5395 786 -3967
10-39-53-916 -7766 4804 7314 -5379 823 -3957
10-39-53-928 -6842 3808 7706 -5201 813 -3938
10-39-53-938 -7040 3858 7348 -4948 875 -3566
10-39-53-961 -2568 1028 5488 -3715 57 -3020
10-39-53-974 -346 -52 3656 -3560 -810 -3110
10-39-53-985 -2212 -896 1958 -3465 -950 -2881
10-39-54-015 -4224 -2630 -2574 -3232 -804 -2216
10-39-54-026 -3996 -4086 -5290 -3356 -71 -1984
10-39-54-036 -2476 -5248 -7684 -2974 766 -2057
10-39-54-061 6524 -3124 -12078 -1690 1574 -940
10-39-54-094 8302 -3468 -12462 -1023 753 -828
10-39-54-109 7518 -3854 -13054 -604 337 -229
10-39-54-125 1172 -4266 -9202 1364 -790 466
10-39-54-138 -614 -4708 -7020 1829 -651 698
10-39-54-149 -2392 -5468 -4288 2021 -741 939
10-39-54-167 -3240 -5702 -2326 2719 -656 1427
10-39-54-178 -3172 -5038 -1502 3084 -790 1817
10-39-54-191 -2776 -4562 -1440 3182 -430 1730
10-39-54-209 -6598 -3122 3798 3642 -299 2397
10-39-54-223 -5860 -2272 3694 3923 -348 2288
10-39-54-245 -5104 -1650 4160 3836 -562 2467
10-39-54-261 -7402 782 3464 4078 -874 2801
10-39-54-270 -7964 1824 3764 4053 -434 3098
10-39-54-276 -9096 2902 5750 4051 -164 3151
10-39-54-296 -12070 7214 11604 4663 97 3382
10-39-54-311 -14058 7426 11780 4550 -59 3209
10-39-54-316 -14496 8138 11020 4533 326 3240
10-39-54-341 -13308 9898 10190 4291 449 3222
10-39-54-359 -15258 11074 12362 4378 811 3358
10-39-54-369 -15536 12506 14806 4011 507 3069
10-39-54-398 -18682 16298 21690 3970 -216 3392
10-39-54-418 -20242 16106 20148 4104 -533 3054
10-39-54-433 -19834 15626 17656 3577 -348 3112
10-39-54-455 -23376 14338 19070 2528 1024 2136
10-39-54-468 -23024 14108 20980 2236 1146 1869
10-39-54-492 -21476 13808 21708 1952 692 1448
10-39-54-509 -23810 11614 21690 985 -241 1030
10-39-54-516 -24106 10776 21372 504 -497 412
10-39-54-523 -24400 9360 20016 -18 -879 315
10-39-54-542 -24748 8352 18590 -1184 -416 -890
10-39-54-548 -24718 8404 18974 -1507 -560 -921
10-39-54-558 -25356 8822 19232 -1766 -207 -1218
10-39-54-588 -24610 9882 18296 -2610 -336 -2355
10-39-54-599 -23580 9884 17618 -2841 -192 -2619
10-39-54-605 -22866 9892 17664 -3112 -583 -2843
10-39-54-640 -22448 11132 17886 -3849 -884 -3403
10-39-54-653 -22194 11362 17996 -3758 -662 -3311
10-39-54-675 -21858 10994 17508 -4176 -685 -3479
10-39-54-696 -20432 10668 16498 -4279 -383 -4156
10-39-54-707 -19572 10688 15978 -4616 100 -4222
10-39-54-731 -17334 10210 14258 -4692 -31 -4038
10-39-54-750 -13488 8436 12260 -4545 347 -4381
10-39-54-757 -12194 7332 11606 -4535 346 -4380
10-39-54-763 -10562 6978 9484 -4569 135 -4070
10-39-54-778 -8170 4774 11564 -4335 474 -4157
10-39-54-799 -5226 4590 9944 -3999 313 -3787
10-39-54-810 -2692 4066 9028 -3787 -559 -3486
10-39-54-838 -4558 2028 6570 -3958 -1046 -2518
10-39-54-848 -6278 1466 5876 -3771 -623 -2278
10-39-54-858 -7818 846 4046 -3817 129 -2305
10-39-54-881 -2206 -3314 688 -3714 2141 -2098
10-39-54-899 158 -4390 -1746 -3534 1884 -1760
10-39-54-909 2858 -4484 -6662 -3278 994 -1716
10-39-54-935 3782 -8452 -14252 -2235 805 -1338
10-39-54-943 4000 -7958 -13308 -2155 1115 -1098
10-39-54-950 4872 -7518 -12092 -1431 984 -817
10-39-54-978 1572 -5854 -7686 -116 -110 297
10-39-54-995 -1820 -7712 -6124 222 -263 552
10-39-55-002 -2982 -7110 -5222 471 126 451
10-39-55-026 -3000 -7374 -2638 997 171 903
10-39-55-040 -2686 -7480 -2712 1155 314 1004
10-39-55-046 -1112 -6914 -3378 1593 36 1364
10-39-55-071 26 -4638 -4458 2316 -659 1674
10-39-55-093 314 -3534 -4556 2612 -790 1928
10-39-55-106 924 -3272 -2036 2688 -797 2192
10-39-55-129 2776 -1624 -494 3273 -1903 2728
10-39-55-139 2332 198 232 3869 -2635 2964
10-39-55-157 -174 1376 -60 4153 -3122 3263
10-39-55-187 -5242 4358 -914 4475 -1717 4167
10-39-55-196 -6628 5570 -1178 4231 -934 4385
10-39-55-204 -7374 6808 -326 4235 -218 4295
10-39-55-222 -12224 7654 15622 4569 561 4566
10-39-55-232 -9384 11956 17136 5138 -458 4881
10-39-55-239 -13360 12214 19526 5797 -1629 5148
10-39-55-269 -23444 20240 25782 6600 -2338 4930
10-39-55-288 -24888 23190 28720 6647 -2185 4903
10-39-55-296 -29136 20036 30320 6414 -2076 4334
10-39-55-332 -26098 15842 24918 2269 1363 1485
10-39-55-344 -25552 16268 24168 1195 2053 972
10-39-55-360 -23468 15164 22608 461 2027 746
10-39-55-368 -16530 10238 17140 -191 889 496
10-39-55-373 -16688 8964 14838 -197 303 497
10-39-55-377 -16996 7834 12874 -197 -333 770
10-39-55-416 -16762 5032 7808 -160 0 428
10-39-55-422 -15588 4876 6984 -164 277 615
10-39-55-430 -14908 4734 6030 -175 603 576
10-39-55-510 -13414 5438 6126 -212 1130 579
10-39-55-519 -12392 6190 6306 -201 998 391
10-39-55-526 -11220 6816 6354 -163 1322 502
10-39-55-540 -10546 8980 6104 -370 1606 990
10-39-55-561 -7306 12020 5738 107 2313 1525
10-39-55-570 -8740 13112 5126 -65 2365 1843
10-39-55-576 -9588 13750 4636 285 2376 1834
10-39-55-609 -10156 15426 5738 631 2414 1792
10-39-55-622 -10208 15738 5976 490 2376 1803
10-39-55-632 -10648 15776 5874 787 2426 1815
10-39-55-655 -10116 17158 5772 856 2223 1473
10-39-55-670 -8982 16950 5830 644 2329 1466
10-39-55-674 -9144 17220 6016 858 1965 1413
10-39-55-713 -8906 17148 5046 440 1496 1244
10-39-55-733 -9108 17108 4838 600 1625 1153
10-39-55-756 -9336 17028 4868 220 1557 1303
10-39-55-774 -7992 15854 3848 83 1147 851
10-39-55-784 -8176 15678 3054 -282 840 393
10-39-55-791 -8884 14732 2924 -382 588 216
10-39-55-807 -9478 12918 3664 -634 52 106
10-39-55-813 -9898 12630 3438 -449 -273 9
10-39-55-825 -10190 12308 3344 -510 11 -334
10-39-55-855 -9894 11436 2780 -888 -88 -231
10-39-55-865 -10112 11212 2558 -688 274 -548
10-39-55-871 -9688 11326 2574 -739 378 -614
10-39-55-905 -9208 11076 2252 -1111 402 -465
10-39-55-927 -8848 11048 2238 -1148 508 -486
10-39-55-939 -9058 10970 2582 -925 876 -485
10-39-55-957 -8670 12250 2786 -1310 949 -464
10-39-55-963 -8968 13016 3120 -1366 1316 -430
10-39-55-969 -8854 13988 3060 -1168 1162 -637
10-39-56-066 -8728 17254 3286 -1590 1452 -208
10-39-56-099 -9484 17768 3860 -1606 1497 -129
10-39-56-108 -9868 17984 3864 -1612 1816 -309
10-39-56-121 -8550 12836 2800 -2138 1471 -242
10-39-56-126 -8150 12322 2944 -1973 1625 -560
10-39-56-132 -8244 12134 3152 -2316 1279 -597
10-39-56-147 -8160 11694 2958 -2212 1176 -567
10-39-56-162 -7862 11792 3016 -2213 1231 -530
10-39-56-168 -7630 11470 3138 -2209 1572 -232
10-39-56-212 -7200 11408 2964 -2402 1844 -320
10-39-56-222 -6738 11666 3238 -2374 1889 -276
10-39-56-229 -6254 12116 3876 -2043 1902 66
10-39-56-250 -6344 11980 3890 -2143 1865 268
10-39-56-257 -6370 11954 3764 -2062 1842 362
10-39-56-262 -6324 12134 3782 -1735 1822 197
10-39-56-348 -5988 11518 4166 -1835 1886 470
10-39-56-364 -5930 11790 4000 -1804 1696 802
10-39-56-381 -5908 11872 4388 -1530 1769 870
10-39-56-395 -5748 13148 4082 -1513 2164 708
