10-40-50-945 -6898 14684 2104 6 -267 -259
10-40-50-956 -7208 14474 2174 6 -265 -260
10-40-50-979 -6894 14710 2174 8 -266 -259
10-40-51-099 -7188 14622 2002 10 -265 -260
10-40-51-110 -7242 14652 1992 10 -270 -261
10-40-51-130 -7214 14670 1920 9 -278 -263
10-40-51-137 -7068 14658 1972 6 -266 -262
10-40-51-142 -6894 14658 1988 5 1 -260
10-40-51-146 -7170 14466 2346 4 2 -260
10-40-51-151 -6824 14298 2024 3 0 -266
10-40-51-185 -7010 14662 2046 4 -263 -267
10-40-51-196 -6808 14682 2016 6 -269 -266
10-40-51-204 -6796 14552 2386 5 -280 -258
10-40-51-224 -6856 14648 2134 -270 -257 7
10-40-51-326 -7172 14474 2018 -263 17 23
10-40-51-399 -7202 14668 2000 -265 23 23
10-40-51-410 -7198 14484 1980 -267 26 23
10-40-51-420 -7252 14642 1934 -269 29 22
10-40-51-441 -7206 14708 2336 1 19 10
10-40-51-450 -7182 14650 2336 -264 24 7
10-40-51-459 -6872 14664 1990 -263 27 8
10-40-51-478 -7188 14638 2020 -262 29 10
10-40-51-485 -6888 14466 2020 -262 30 9
10-40-51-497 -7178 14684 2382 -263 32 8
10-40-51-533 -6896 14480 2380 -265 33 7
10-40-51-542 -6886 14488 2354 -269 34 4
10-40-51-550 -7210 14468 2334 -272 29 1
10-40-51-587 -6888 14654 2020 -274 27 -258
10-40-51-597 -6886 14502 1984 -275 30 -262
10-40-51-605 -6864 14698 1942 -276 27 -264
10-40-51-619 -6844 14698 1954 -274 20 -267
10-40-51-633 -6892 14714 2136 -269 13 -269
10-40-51-638 -6820 14540 2076 -266 18 -267
10-40-51-667 -6822 14508 2146 -264 18 -266
10-40-51-689 -6842 14674 2096 -257 16 -265
10-40-51-700 -6894 14678 1750 1 17 -265
10-40-51-719 -6828 14698 2082 4 19 -266
10-40-51-740 -6986 14654 2090 9 12 -265
10-40-51-761 -6980 14486 1944 11 9 -264
10-40-51-777 -6794 14690 1942 13 10 -265
10-40-51-786 -7032 14482 1972 16 6 -263
10-40-51-794 -7008 14680 1998 16 4 -262
10-40-51-817 -6986 14464 2156 14 0 -263
10-40-51-845 -6822 14700 2356 10 -260 -263
10-40-51-854 -6806 14656 2038 9 -263 -260
10-40-51-886 -6842 14706 2322 8 -264 -261
10-40-51-894 -6824 14660 2046 6 -267 -259
10-40-51-902 -6860 14600 1982 6 -266 -258
10-40-51-917 -6848 14674 2010 6 -263 -257
10-40-51-925 -6820 14506 2306 4 -270 0
10-40-51-937 -6866 14634 2024 4 -275 0
10-40-51-957 -6860 14662 2344 4 -274 -259
10-40-51-972 -6806 14712 1940 -257 -275 0
10-40-51-978 -7216 14704 1948 -258 -274 1
10-40-52-005 -7286 14666 2010 -259 -269 3
10-40-52-018 -7190 14650 2132 -259 -258 0
10-40-52-024 -6860 14624 2124 -257 -262 -259
10-40-52-056 -7000 14718 2100 1 -267 -263
10-40-52-081 -6900 14526 1950 9 -300 -262
10-40-52-087 -7178 14526 1964 10 -290 -257
10-40-52-105 -7210 14510 2086 8 -278 4
10-40-52-133 -6900 14684 1964 4 0 2
10-40-52-139 -6888 14650 2082 0 -260 0
10-40-52-154 -7214 14638 2130 0 -265 -258
10-40-52-209 -7206 14706 2104 8 -271 -261
10-40-52-225 -6888 14700 2174 14 -271 -262
10-40-52-235 -7170 14702 2170 18 -271 -260
10-40-52-255 -7258 14670 2166 18 -270 -261
10-40-52-272 -7196 14684 1994 3 -261 -261
10-40-52-282 -7214 14648 2142 4 -260 -261
10-40-52-303 -7210 14594 1932 5 -260 -262
10-40-52-358 -7170 14300 1964 9 -265 -263
10-40-52-380 -6892 14682 1960 10 -262 -262
10-40-52-400 -6892 14618 2018 9 -261 -258
10-40-52-419 -7260 14706 2424 7 6 1
10-40-52-430 -7200 14608 2034 -265 5 -259
10-40-52-444 -7216 14606 2030 -267 6 -260
10-40-52-462 -7188 14684 1996 -267 3 -260
10-40-52-472 -7198 14708 1990 -264 2 -264
10-40-52-481 -6894 14700 2026 -263 2 -264
10-40-52-505 -7210 14716 1996 -264 1 -263
10-40-52-515 -6828 14508 1994 -268 2 -262
10-40-52-522 -6902 14472 1950 -269 2 -262
10-40-52-545 -7198 14464 2160 -269 0 -263
10-40-52-553 -7218 14684 2088 -266 0 -266
10-40-52-565 -7240 14662 2124 -264 1 -266
10-40-52-590 -7188 14666 2076 -259 0 -267
10-40-52-610 -7204 14486 2126 -257 -260 -271
10-40-52-617 -6886 14628 2078 0 -264 -273
10-40-52-641 -7186 14710 2130 4 -267 -275
10-40-52-658 -6956 14508 2096 9 -314 -282
10-40-52-670 -6570 14676 1782 10 -369 -287
10-40-52-693 -6588 14706 2142 11 -173 -291
10-40-52-709 -6598 14466 1610 30 -559 -334
10-40-52-720 -6562 14504 1546 53 -635 -356
10-40-52-740 -6564 14548 1374 95 -789 -133
10-40-52-759 -6078 14820 1908 306 -1568 -521
10-40-52-770 -6398 14942 1990 129 -1851 -555
10-40-52-790 -6630 14576 2370 208 -2085 -603
10-40-52-811 -9974 13868 3966 626 -2421 -508
10-40-52-824 -10640 13606 4228 388 -2584 -641
10-40-52-844 -11774 13682 4726 624 -2849 -1029
10-40-52-865 -17516 13096 6572 152 -3291 -1238
10-40-52-875 -19552 13044 7602 -67 -3228 -1463
10-40-52-894 -20942 13262 9876 -319 -3034 -1717
10-40-52-905 -20274 15056 15656 -1104 -2782 -2875
10-40-52-915 -20360 15588 15610 -1380 -2800 -3135
10-40-52-936 -20898 16396 15584 -1451 -2792 -3379
10-40-52-945 -20186 16728 16330 -2430 -2531 -3458
10-40-52-960 -20396 16512 16478 -2826 -2421 -3490
10-40-52-986 -20544 16804 16898 -3163 -1769 -3507
10-40-53-002 -17168 15808 16902 -3898 -1311 -3581
10-40-53-011 -15840 16212 17038 -3772 -990 -3876
10-40-53-035 -14612 16432 16966 -4143 -928 -3883
10-40-53-049 -13728 15192 17814 -4398 -654 -3526
10-40-53-061 -12580 15190 16580 -4236 -884 -3699
10-40-53-083 -11888 13958 15670 -4339 -771 -3598
10-40-53-100 -10588 11196 15086 -4920 -561 -3414
10-40-53-109 -9360 10752 14252 -4965 -577 -3040
10-40-53-130 -9424 9640 14090 -4991 -535 -3096
10-40-53-148 -7896 7314 12006 -4813 96 -2435
10-40-53-161 -7440 5978 11456 -4764 -7 -2602
10-40-53-182 -6734 4936 11952 -4741 -19 -2295
10-40-53-209 -4384 3344 10790 -4992 -816 -1981
10-40-53-224 -5190 2492 9954 -4925 -740 -2070
10-40-53-241 -6018 1790 9506 -4877 -1061 -1911
10-40-53-249 -5308 -846 4834 -4734 -196 -1552
10-40-53-256 -5450 -1164 1232 -4650 -84 -1202
10-40-53-315 -4578 -2148 -1614 -4246 581 -1400
10-40-53-325 1494 -3210 -11354 -3674 666 -1017
10-40-53-331 2608 -4060 -13622 -2950 386 -1108
10-40-53-341 1776 -4984 -14546 -2453 328 -656
10-40-53-347 88 -5328 -15260 -1578 63 -237
10-40-53-353 -66 -5688 -15410 -703 70 -302
10-40-53-376 434 -5282 -14414 -336 54 -126
10-40-53-382 476 -5272 -10680 1593 -578 477
10-40-53-393 840 -5240 -10044 2080 -483 660
10-40-53-426 402 -4592 -8656 2272 -863 1109
10-40-53-445 -1916 -3028 -3988 3637 -831 1430
10-40-53-456 -2622 -1930 -2962 3919 -442 1892
10-40-53-483 -3418 -1100 -1662 3995 -527 2102
10-40-53-494 -3572 1514 5154 4761 -391 2662
10-40-53-503 -4130 2726 6486 5004 -690 2834
10-40-53-527 -3482 3730 7586 5464 -1298 2933
10-40-53-537 -6548 5756 6728 5711 -1347 3415
10-40-53-547 -8040 6422 8080 5493 -672 3050
10-40-53-587 -9306 8832 11946 5056 -408 2955
10-40-53-599 -11492 13190 15582 5093 -248 3295
10-40-53-621 -12030 14216 14658 5050 -286 3638
10-40-53-644 -12502 14666 15152 5186 276 3689
10-40-53-654 -13534 18456 18138 4567 1021 3639
10-40-53-664 -13562 20168 20118 4724 1406 3612
10-40-53-680 -13820 21618 19602 4673 1374 3671
10-40-53-687 -14528 20332 12122 3766 1077 3405
10-40-53-695 -14692 20554 10370 3702 1066 3144
10-40-53-729 -14924 21042 11032 3447 1040 2875
10-40-53-748 -16662 22056 17970 3098 452 2040
10-40-53-761 -17980 22072 21042 2787 244 2064
10-40-53-779 -19646 21432 21964 2730 -6 1854
10-40-53-790 -22168 15576 15596 2161 -405 1397
10-40-53-801 -21700 14130 13516 1208 -769 1115
10-40-53-823 -20768 12688 12914 416 -875 465
10-40-53-835 -22420 14254 15048 -1376 -1065 -400
10-40-53-845 -22768 14958 16404 -1439 -1102 -703
10-40-53-861 -22840 15478 16776 -1673 -1098 -975
10-40-53-923 -21094 15638 15842 -2427 -883 -1671
10-40-53-949 -20120 15498 15822 -2598 -820 -2163
10-40-53-970 -19350 16172 16224 -2520 -796 -2391
10-40-53-986 -18442 17496 17156 -3159 -833 -2538
10-40-54-018 -14884 16778 16374 -4073 -536 -3638
10-40-54-028 -13798 15552 16050 -4251 -153 -3711
10-40-54-053 -13272 14308 15348 -4648 -291 -3511
10-40-54-074 -9490 9538 11246 -4872 85 -3453
10-40-54-082 -8828 8566 10214 -4580 301 -3405
10-40-54-098 -7834 7574 9112 -4538 552 -3359
10-40-54-210 -4786 4338 7166 -4632 1023 -3084
10-40-54-243 -4388 3900 6952 -4271 1335 -2775
10-40-54-258 -2726 3666 4600 -4433 1389 -2879
10-40-54-266 -214 1778 1496 -3786 1214 -2229
10-40-54-280 904 -5098 -6848 54 -219 413
10-40-54-291 136 -5154 -6600 213 -598 668
10-40-54-301 -534 -4982 -6696 852 -471 918
10-40-54-320 -1972 -4380 -4646 1715 -1073 1863
10-40-54-328 -2720 -3756 -2976 2038 -950 2048
10-40-54-336 -3500 -3654 -1650 2588 -1348 1954
10-40-54-356 -6078 -1260 2426 3336 -1652 2645
10-40-54-374 -7496 -784 3754 3303 -1452 2490
10-40-54-384 -8280 618 4888 3515 -1447 2836
10-40-54-408 -8778 4022 7310 4439 -1175 2951
10-40-54-425 -7894 5244 7668 4340 -1331 3333
10-40-54-440 -8540 6016 10622 4653 -1285 3401
10-40-54-460 -8816 11120 12760 4689 -1405 3240
10-40-54-477 -10376 11216 13318 4722 -1301 3312
10-40-54-492 -11668 12156 13616 4325 -1054 3254
10-40-54-508 -14674 14686 12804 3963 461 3037
10-40-54-517 -14458 15822 13760 3495 908 3164
10-40-54-527 -13856 16770 14914 3608 1185 3131
10-40-54-559 -13574 19016 15014 3401 1126 3117
10-40-54-567 -14000 18432 13146 3020 752 2802
10-40-54-574 -14844 17914 11028 3077 671 2926
10-40-54-597 -15688 18950 14572 2279 340 2307
10-40-54-611 -15800 18828 16230 2211 19 2117
10-40-54-617 -16944 18790 16100 2399 -546 1667
10-40-54-702 -19618 14584 13518 1520 -864 1016
10-40-54-725 -20270 13836 13612 1160 -816 1036
10-40-54-737 -20396 12990 14018 1058 -828 798
10-40-54-748 -22160 13120 15458 177 -872 356
10-40-54-765 -21376 14366 16908 -1413 -439 -1272
10-40-54-783 -20682 15198 17426 -1668 -621 -1503
10-40-54-793 -20268 15790 17920 -2162 -585 -1732
10-40-54-811 -17868 17932 18434 -2855 -434 -2627
10-40-54-818 -17744 17616 17930 -3135 -405 -2560
10-40-54-826 -17026 17890 17976 -3445 -391 -2732
10-40-54-842 -16126 17796 17066 -3758 -589 -2996
10-40-54-855 -15336 18176 16506 -3979 -544 -3348
10-40-54-865 -14492 17758 16250 -4425 -213 -3431
10-40-54-887 -13060 14344 13052 -4873 -82 -3659
10-40-54-898 -12566 14098 12930 -4956 273 -3464
10-40-54-903 -12100 14008 12932 -4978 357 -3476
10-40-54-938 -10836 12648 11372 -4530 140 -3635
10-40-54-949 -10124 10706 11388 -4718 230 -3312
10-40-54-956 -9960 9698 11780 -4682 255 -3598
10-40-54-995 -7426 7316 8018 -4341 487 -3340
10-40-55-000 -6172 5876 6352 -4332 671 -3017
10-40-55-007 -3512 4786 3476 -4294 1066 -3189
10-40-55-037 -564 838 -2672 -3799 1326 -2462
10-40-55-046 -68 -64 -3866 -3489 1022 -2575
10-40-55-062 478 -852 -4156 -3353 901 -2390
10-40-55-096 188 -4942 -6326 -1784 515 -1386
10-40-55-105 1660 -5414 -6636 -1411 300 -1131
10-40-55-113 2576 -5358 -6832 -1018 100 -813
10-40-55-184 1336 -5856 -8672 -23 -559 164
10-40-55-210 820 -5916 -8694 397 -198 427
10-40-55-224 402 -5522 -7616 1051 -357 694
10-40-55-235 -778 -5074 -5092 1457 -133 1252
10-40-55-253 -3892 -1972 2036 3100 -1340 2269
10-40-55-264 -5190 -468 3438 3063 -1559 2680
10-40-55-283 -6454 1134 3860 3326 -1425 2895
10-40-55-305 -8382 6218 9274 4366 -2127 3000
10-40-55-316 -7886 5382 8788 4661 -2095 3455
10-40-55-323 -7472 4888 7330 4350 -1911 3265
10-40-55-395 -8826 7786 9048 3857 -566 3152
10-40-55-433 -10114 9396 11938 3459 -316 3123
10-40-55-450 -11798 11910 15880 3618 16 3117
10-40-55-460 -12194 14896 15670 3707 -311 3435
10-40-55-519 -14374 17326 18642 3181 339 3198
10-40-55-542 -18104 15704 12480 1918 646 2097
10-40-55-554 -18746 15416 13570 1474 487 1474
10-40-55-574 -18808 15374 15744 1595 377 1364
10-40-55-584 -21926 11264 15778 -603 -1245 -612
10-40-55-594 -21982 11538 16326 -1087 -961 -868
10-40-55-620 -22348 11708 17008 -1187 -715 -1112
10-40-55-628 -21106 13626 18218 -2053 -223 -1881
10-40-55-641 -20742 13862 17706 -1923 -373 -2113
10-40-55-667 -20008 13544 16766 -2312 -299 -2331
10-40-55-688 -17512 13958 17160 -2526 -277 -2871
10-40-55-702 -16388 14542 17130 -2944 -356 -2726
10-40-55-721 -14914 14252 17046 -3145 -175 -2802
10-40-55-733 -13052 13136 16700 -3490 -368 -3001
10-40-55-743 -13180 13062 16650 -3894 -268 -3043
10-40-55-777 -13006 13144 17154 -3752 59 -3064
10-40-55-785 -12840 14510 19274 -4166 -211 -3069
10-40-55-792 -12122 12396 17404 -4023 -248 -2975
10-40-55-818 -10432 10190 15376 -4462 -169 -2976
10-40-55-824 -6092 6300 8346 -4911 478 -3385
10-40-55-834 -5602 5162 7676 -4740 1072 -3414
10-40-55-863 -5588 4354 7722 -4769 1305 -3439
10-40-55-881 -3630 3070 7046 -4643 1354 -2975
10-40-55-889 -2586 2228 5574 -4096 1095 -2755
10-40-55-920 -2408 650 3376 -3772 833 -2499
10-40-55-929 -938 -2042 -1928 -3069 -169 -1730
10-40-55-944 -388 -3108 -4680 -3075 -769 -1648
10-40-56-018 -364 -4008 -6844 -2537 -668 -1313
10-40-56-035 -694 -5242 -9334 -1971 -433 -415
10-40-56-058 -1440 -5988 -8516 -1829 -316 -141
10-40-56-074 -2414 -6436 -7604 -1212 244 78
10-40-56-079 -540 -4370 -2746 1924 -1225 1440
10-40-56-086 -1178 -3686 -2324 2567 -1704 1833
10-40-56-105 -1970 -3146 -1468 2887 -1932 1735
10-40-56-127 -6118 -1382 3188 3309 -1515 2021
10-40-56-139 -6048 238 4824 3501 -1413 2305
10-40-56-162 -6044 1214 7440 3767 -1487 2385
10-40-56-210 -5872 3910 5960 4330 -1458 2743
10-40-56-265 -6670 4142 5818 4338 -971 3170
10-40-56-290 -6914 4860 9088 4458 -662 3088
10-40-56-320 -7632 9178 14392 4388 -884 3170
10-40-56-328 -10742 12766 13784 3904 -120 3613
10-40-56-335 -14740 18506 18796 2701 1238 3601
10-40-56-342 -16218 17634 15752 2519 1003 3599
10-40-56-356 -18038 16114 12764 2231 922 3448
10-40-56-362 -19392 15232 12006 1815 1068 2483
10-40-56-367 -20392 15460 13694 1606 888 2384
10-40-56-402 -21432 15920 15174 1222 615 1749
10-40-56-434 -24508 16856 16656 1135 -592 641
10-40-56-447 -24766 15830 15770 683 -828 254
10-40-56-458 -24732 15030 15696 405 -740 122
10-40-56-464 -23984 14726 16540 -517 -951 -921
10-40-56-471 -23988 15034 16840 -475 -1130 -1258
10-40-56-494 -24206 15050 16178 -667 -705 -1863
10-40-56-517 -21980 14496 14996 -1422 -542 -2554
10-40-56-528 -21088 14978 15572 -1689 -581 -2728
10-40-56-567 -20808 15598 16672 -1935 -465 -3139
10-40-56-576 -17062 16356 17276 -2802 -1383 -3218
10-40-56-584 -16220 15510 16568 -3387 -1157 -3308
10-40-56-607 -14758 14800 16584 -3668 -1319 -3663
10-40-56-614 -13452 12734 14866 -4213 -140 -3722
10-40-56-621 -13370 13152 14750 -4064 -60 -3797
10-40-56-641 -12476 13350 14492 -4385 144 -3814
10-40-56-652 -8196 9660 10678 -4473 626 -3934
10-40-56-659 -7126 8162 9212 -4472 456 -3901
10-40-56-689 -6960 7372 9492 -4471 785 -3881
10-40-56-706 -6802 6934 9528 -4052 768 -3570
10-40-56-718 -6318 6086 8496 -4197 500 -3664
10-40-56-749 -5516 4774 8206 -3797 403 -3227
10-40-56-764 -3292 2012 4446 -3484 -38 -2919
10-40-56-785 -2602 1126 2240 -3631 -71 -2441
10-40-56-799 -1842 -82 674 -3268 -8 -2215
10-40-56-814 -424 -2894 -3124 -2850 540 -1526
10-40-56-822 6 -4100 -2846 -2281 392 -1559
10-40-56-887 48 -5312 -2900 -1949 780 -1338
10-40-56-902 -496 -6588 -5838 -906 493 -491
10-40-56-911 -292 -6700 -7040 -811 388 -230
10-40-56-930 512 -6740 -7996 -171 571 85
10-40-56-955 -2018 -3760 -1880 2252 -1333 2165
10-40-56-968 -2816 -3098 -1016 2526 -1196 2401
10-40-56-995 -3778 -1954 -382 2790 -1227 2597
10-40-57-005 -5380 1300 5750 3681 -2106 2483
10-40-57-027 -5516 2916 6362 3944 -2180 2839
10-40-57-050 -7134 3852 6870 4222 -2632 2702
10-40-57-062 -10080 5396 6070 4228 -983 2787
10-40-57-069 -10146 6950 7492 4400 -457 2930
10-40-57-095 -10386 8724 8354 4372 -270 2914
10-40-57-135 -11068 11156 12368 4086 302 2926
10-40-57-150 -10114 13488 12108 4372 -48 2770
10-40-57-159 -10154 13754 11830 4435 -97 3113
10-40-57-176 -12562 15934 11104 4398 325 3102
10-40-57-188 -13468 22932 12612 4438 583 2939
10-40-57-199 -14024 22928 10768 4383 624 2894
10-40-57-276 -14684 23258 9838 3977 427 2839
10-40-57-296 -15460 24562 16132 3673 550 2404
10-40-57-312 -15852 24164 17538 3605 305 2026
10-40-57-329 -17158 22294 17530 3275 24 2120
10-40-57-335 -21838 13618 16914 -552 -478 -329
10-40-57-340 -21484 13898 17432 -657 -837 -606
10-40-57-369 -21378 14014 17066 -995 -691 -877
10-40-57-442 -21308 15140 16790 -1941 -1105 -1439
10-40-57-474 -21184 15998 17546 -2227 -1127 -1699
10-40-57-484 -20932 16968 18696 -2488 -899 -1940
10-40-57-503 -20018 22024 18500 -4636 -919 -3538
10-40-57-516 -19104 21396 18494 -4889 -919 -3724
10-40-57-527 -18412 20980 18718 -4851 -909 -4154
10-40-57-544 -16172 17866 15996 -5634 -823 -4399
10-40-57-554 -15388 16012 14118 -5751 -598 -4247
10-40-57-566 -14968 14462 13702 -5550 -149 -4312
10-40-57-584 -13526 12746 12774 -5701 164 -4261
10-40-57-620 -13116 12506 11530 -5283 635 -4251
10-40-57-676 -12168 11654 9364 -5097 825 -4410
10-40-57-692 -9316 8422 6798 -4803 651 -4074
10-40-57-703 -6160 4910 9928 -4320 -278 -3485
10-40-57-739 -4770 4258 8742 -4093 -206 -3298
10-40-57-746 -3236 174 4756 -4210 -806 -2561
10-40-57-757 -1486 -428 1860 -3979 -388 -2360
10-40-57-770 -274 -1956 -1184 -4192 -169 -2169
10-40-57-776 5226 -4408 -14362 -3256 546 -1543
10-40-57-783 6560 -5930 -16612 -2720 549 -1291
10-40-57-808 6528 -6860 -17618 -2370 187 -745
10-40-57-826 5358 -6146 -16748 -253 -21 95
10-40-57-833 4740 -6086 -14556 175 -81 177
10-40-57-858 4544 -5838 -13832 1042 37 493
10-40-57-908 3474 -4464 -10596 2083 -397 993
10-40-57-932 3228 -3596 -9168 2562 -819 1246
10-40-57-943 2720 -2904 -8522 2756 -885 1498
10-40-57-959 1810 -2150 -6498 3483 -776 2172
10-40-57-981 -1070 5166 1262 5034 -606 3405
10-40-57-991 -1996 5858 2076 5485 -498 3649
10-40-58-009 -3950 6578 2300 5346 -476 3863
10-40-58-016 -7212 10614 8248 5316 -371 3767
10-40-58-024 -7838 13154 11406 5706 -535 4167
10-40-58-062 -9220 15174 13834 5892 -775 4034
10-40-58-074 -11958 17092 10162 5783 80 4721
10-40-58-082 -13336 19826 10316 5905 386 4623
10-40-58-102 -15104 22418 11384 5544 913 4308
10-40-58-153 -15316 32511 23930 5614 858 4615
10-40-58-181 -15606 31784 22598 5862 376 4665
10-40-58-190 -16304 29748 18860 5857 -83 4238
10-40-58-203 -17994 26582 12826 5437 605 3947
10-40-58-209 -24564 24686 24348 3264 616 2623
10-40-58-215 -25790 21290 23048 3193 38 2358
10-40-58-247 -25610 16094 20282 2466 -623 1729
10-40-58-318 -27578 12344 16060 72 -647 178
10-40-58-329 -29308 13144 16822 -683 -683 10
10-40-58-345 -29308 14190 18620 -1208 -740 -399
10-40-58-356 -29186 16874 22986 -1958 -1072 -1393
10-40-58-414 -25058 23358 22050 -4266 -980 -3293
10-40-58-426 -24128 24840 22378 -5167 -1071 -3528
10-40-58-445 -22758 26082 23608 -5710 -659 -3768
10-40-58-475 -21884 28456 23662 -6101 -557 -4412
10-40-58-488 -13936 19456 13770 -6754 1630 -5447
10-40-58-499 -12480 19376 13636 -6292 1418 -5456
10-40-58-519 -11856 18642 13454 -6086 1613 -5392
10-40-58-530 -7468 15274 10168 -5603 941 -5181
10-40-58-542 -5842 13188 8980 -5728 1134 -5152
10-40-58-560 -5112 11898 8174 -5655 939 -4851
10-40-58-570 -2360 9766 5974 -5026 946 -4577
10-40-58-580 -400 9358 3950 -5167 1034 -4637
10-40-58-597 2650 9562 -696 -4953 649 -4420
10-40-58-615 8072 5302 -6988 -4122 848 -3652
10-40-58-624 8606 2298 -8454 -3688 504 -3008
10-40-58-642 8210 154 -10566 -3368 585 -2692
10-40-58-670 10488 -1882 -13488 -2142 -474 -1600
10-40-58-682 12270 -2200 -14718 -1601 -760 -710
10-40-58-700 12706 -2466 -15162 -1067 -974 -361
10-40-58-711 8056 -2240 -14714 714 -1018 919
10-40-58-741 7650 -2040 -13510 1550 -905 1238
10-40-58-759 7472 -1580 -12776 2052 -935 1848
10-40-58-769 3956 478 -9310 3217 -1571 2536
10-40-58-789 2544 1570 -7656 3903 -1421 2752
10-40-58-805 1522 2594 -6290 4061 -1511 2955
10-40-58-815 -1850 5202 -1090 5457 -1881 3514
10-40-58-824 -3190 6180 1208 5743 -1802 3927
10-40-58-842 -4530 7242 3792 6014 -1648 3793
10-40-58-854 -7652 13570 16312 6582 -1385 3999
10-40-58-869 -8652 17086 16300 7111 -1639 4394
10-40-58-888 -10928 16946 14546 7554 -1630 4505
10-40-58-903 -15480 20294 10624 6597 237 4334
10-40-58-912 -14962 20638 9662 6070 1394 4452
10-40-58-931 -14352 23602 11068 5619 2025 4209
10-40-58-953 -14822 31218 18426 5222 2428 4466
10-40-58-962 -14604 31290 18094 4824 1471 4634
10-40-58-980 -15060 31138 17848 4545 735 4637
10-40-59-004 -18134 29414 14112 4210 -58 4439
10-40-59-013 -21046 28474 13634 3845 -51 4013
10-40-59-028 -23652 27684 15478 3214 -6 3967
10-40-59-054 -26656 21532 21346 2265 -114 2676
10-40-59-063 -27992 18832 21926 2114 96 2116
10-40-59-103 -29418 16694 22644 1414 117 1551
10-40-59-114 -32608 13162 18488 -217 84 31
10-40-59-121 -31964 13306 17122 -1109 66 -430
10-40-59-177 -31036 14914 17176 -1435 -139 -1133
10-40-59-201 -28190 18796 22040 -2866 -962 -2387
10-40-59-213 -27386 20342 23158 -3157 -1348 -2532
10-40-59-236 -27218 21834 23082 -3203 -1367 -3182
10-40-59-254 -17874 26586 18796 -5513 -68 -5181
10-40-59-267 -16388 26210 18454 -5906 111 -5030
10-40-59-289 -15112 25478 17738 -5802 55 -5438
10-40-59-307 -14432 20240 14704 -6042 262 -5537
10-40-59-331 -13016 19618 13450 -6052 363 -5521
10-40-59-356 -11942 18836 12948 -6108 233 -5357
10-40-59-402 -8818 17436 11154 -6402 632 -5114
10-40-59-409 -7774 16056 10170 -6062 773 -5034
10-40-59-419 -6336 14698 9266 -6228 869 -5217
10-40-59-428 -2404 10180 3692 -5908 1356 -4728
10-40-59-434 324 9790 826 -5680 1240 -4285
10-40-59-439 3126 9256 -2912 -5419 1545 -4388
10-40-59-451 10348 5126 -9168 -3883 866 -3385
10-40-59-456 10700 1946 -9418 -3063 129 -2903
10-40-59-473 10364 -424 -9190 -2725 -139 -2401
10-40-59-490 10566 -158 -12474 -1680 -1167 -734
10-40-59-500 9616 -506 -13186 -994 -1377 -526
10-40-59-511 9496 -1754 -14082 -396 -1339 119
10-40-59-527 9264 -1838 -12946 1189 -1167 1329
10-40-59-535 8386 -1842 -11768 1768 -1567 1458
10-40-59-548 7570 -1402 -10834 2296 -1518 1788
10-40-59-581 2948 856 -6792 3744 -1966 2493
10-40-59-590 1386 1434 -5910 4425 -2021 2915
10-40-59-602 -514 2572 -4088 4572 -1958 3080
10-40-59-666 -5124 5712 2074 5853 -1440 3274
10-40-59-706 -6156 6370 4308 6394 -1230 3691
10-40-59-719 -6744 6548 5782 6849 -969 3569
10-40-59-730 -7504 8966 10296 7686 -656 3816
10-40-59-746 -13616 21170 10912 7344 67 4766
10-40-59-756 -13964 23590 11652 7237 550 4966
10-40-59-769 -16114 27638 15102 6598 890 4525
10-40-59-785 -18496 32511 23214 5877 1006 4069
10-40-59-794 -20402 32511 23164 6007 916 4063
10-40-59-802 -22536 32511 20292 5555 949 4097
10-40-59-819 -13382 29072 15942 4412 1090 2838
10-40-59-832 -14594 28286 19590 3774 881 2266
10-40-59-838 -19568 27216 22366 3487 434 1977
10-40-59-881 -26704 19252 24876 2670 31 1226
10-40-59-898 -25530 15770 23514 2116 -226 1354
10-40-59-918 -26114 13242 21290 1395 -457 1147
10-40-59-949 -26246 13254 18002 -1233 -1099 -202
10-40-59-957 -25786 15654 18598 -1997 -1051 -747
10-40-59-965 -25672 17548 20002 -2861 -1033 -1197
10-41-00-008 -24224 23108 22992 -3825 -664 -2270
10-41-00-029 -24392 24886 23226 -4091 -824 -2834
10-41-00-046 -24684 26042 22518 -4334 -453 -3129
10-41-00-056 -23798 29674 22866 -5122 -555 -3706
10-41-00-072 -16200 26410 17274 -7144 -384 -4531
10-41-00-083 -15800 25138 16018 -7681 -16 -4919
10-41-00-095 -14862 24016 14804 -7596 388 -4781
10-41-00-114 -13166 21506 14048 -7653 1249 -5120
10-41-00-133 -11584 21034 13028 -7677 1882 -5334
10-41-00-148 -8828 20010 11342 -7799 2019 -5704
10-41-00-164 -4452 14460 4680 -6991 3087 -5626
10-41-00-178 -3594 12698 3042 -6325 3040 -5751
10-41-00-189 -2546 12468 2016 -6267 3418 -5659
10-41-00-214 7056 9774 -3766 -4309 1827 -5091
10-41-00-232 11490 5736 -7922 -4195 892 -4705
10-41-00-243 14260 2242 -9220 -3748 -217 -3782
10-41-00-259 14068 510 -14020 -3696 -2998 -2224
10-41-00-265 14108 -1110 -13966 -3243 -3701 -1912
10-41-00-270 11854 -3538 -12994 -3441 -3553 -1397
10-41-00-300 4186 -132 -10626 -2516 -2036 -266
10-41-00-311 3870 248 -9456 -2608 -1753 382
10-41-00-316 4740 4544 -8374 -1692 -1530 469
10-41-00-379 5084 4948 -6524 1760 -984 1503
10-41-00-391 5026 5960 -5050 2930 -1334 1742
10-41-00-405 5178 4476 -3526 3847 -1234 2154
10-41-00-426 2956 1716 3240 5737 -2592 1955
10-41-00-442 282 1932 6946 6067 -2862 2103
10-41-00-454 -2270 308 10390 6607 -2755 2103
10-41-00-474 -7258 -1126 15338 7081 -2852 1966
10-41-00-486 -9566 -1202 16492 7354 -2603 2023
10-41-00-498 -10472 -2708 14050 7614 -1969 2039
10-41-00-514 -11246 1142 10624 8221 -1168 2052
10-41-00-525 -12426 7094 14172 8131 -750 1957
10-41-00-545 -14710 13160 17176 8909 -435 2233
10-41-00-554 -14208 12018 10540 10238 724 5225
10-41-00-564 -10492 9430 3272 9322 1810 5121
10-41-00-577 -4108 19692 5146 7739 2216 4621
10-41-00-619 -13268 32511 21556 5528 2100 3564
10-41-00-627 -19938 32511 26714 5981 1814 3439
10-41-00-647 -23594 32511 27274 6218 1290 3194
10-41-00-662 -16712 27924 22330 5232 424 2427
10-41-00-670 -17012 24892 19974 4631 801 2025
10-41-00-676 -19346 20944 18546 3786 471 1926
10-41-00-695 -20598 18294 22612 2100 -331 1655
10-41-00-701 -20140 16678 22388 1546 -425 1405
10-41-00-719 -21762 15682 20886 711 -740 1040
10-41-00-759 -24504 14080 18022 -1068 -738 -535
10-41-00-775 -24358 15150 18128 -1611 -804 -672
10-41-00-793 -23276 16562 18504 -2119 -391 -1313
10-41-00-810 -20860 21192 18462 -3440 -400 -2014
10-41-00-819 -20566 22770 19206 -3575 -465 -2270
10-41-00-830 -19860 24434 19348 -3970 -504 -2504
10-41-00-848 -19212 26736 19604 -4976 -474 -3187
10-41-00-854 -18164 27570 19948 -5073 -407 -3394
10-41-00-860 -17814 28662 20162 -5656 -583 -3309
10-41-00-893 -17764 30330 20324 -6413 1 -3758
10-41-00-913 -16274 29718 18584 -6387 -89 -4169
10-41-00-918 -15288 27812 18212 -6642 162 -4052
10-41-00-945 -12738 22074 13934 -7391 1387 -4911
10-41-00-951 -13588 20804 14412 -7378 1629 -5123
10-41-00-958 -13046 20340 15148 -7353 1502 -5024
10-41-01-003 -8036 17558 11868 -7198 1253 -5165
10-41-01-018 -6294 15420 9136 -6989 1402 -4927
10-41-01-033 -5136 13034 8258 -6548 1342 -4558
10-41-01-051 -3578 8372 8278 -6436 583 -4893
10-41-01-060 -1052 7876 5046 -6438 -41 -4662
10-41-01-075 834 7784 4268 -6123 -530 -3989
10-41-01-099 -3452 3516 4378 -5239 -899 -3655
10-41-01-108 -1954 2172 2112 -5238 -1119 -3412
10-41-01-120 672 1194 -3456 -5221 -685 -3165
10-41-01-171 10800 698 -24750 -3970 74 -2329
10-41-01-181 13354 -468 -26534 -3317 -63 -1899
10-41-01-192 13510 -2532 -23328 -2909 121 -1233
10-41-01-209 3468 -4948 -13112 -403 -11 -519
10-41-01-222 3936 -5682 -11260 363 39 14
10-41-01-233 3266 -6458 -11370 669 -607 -29
10-41-01-275 1964 -5684 -10068 1899 -862 201
10-41-01-295 1290 -5316 -7814 2318 -845 548
10-41-01-305 396 -5908 -6098 2566 -840 387
10-41-01-318 -1644 -5990 -5314 2919 -697 719
10-41-01-340 524 -4756 2588 3823 -768 1838
10-41-01-348 -834 -4032 2614 4041 -1210 1839
10-41-01-370 -2778 -3074 1296 4429 -1490 1667
10-41-01-395 -5840 1196 -1096 5105 -1071 2352
10-41-01-406 -6010 1852 994 5648 -401 2197
10-41-01-418 -5746 1336 5826 5620 -208 2266
10-41-01-436 -5518 6162 12104 6346 -1888 2604
10-41-01-446 -8770 6966 9754 6924 -1678 2504
10-41-01-464 -9258 7944 7606 6805 -1203 2723
10-41-01-480 -12008 10266 20762 6456 646 2867
10-41-01-497 -12100 14926 25608 6485 391 3151
10-41-01-507 -13288 17060 25596 6929 -32 3646
10-41-01-526 -12598 13502 17456 6228 1120 3883
10-41-01-545 -13856 18242 20970 5375 1370 3235
10-41-01-555 -17594 22346 28256 5196 1167 3198
10-41-01-572 -18884 23668 31756 4550 878 2840
10-41-01-595 -20234 19888 27418 4385 397 2574
10-41-01-605 -17896 17130 23144 3615 563 2171
10-41-01-622 -14178 13200 16470 1556 804 944
10-41-01-636 -14738 13482 18096 927 776 766
10-41-01-643 -15230 14250 19324 714 636 643
10-41-01-686 -14104 12850 15416 786 -153 501
10-41-01-708 -13066 12302 13186 388 -531 440
10-41-01-723 -12392 11722 12048 250 -567 632
10-41-01-766 -12062 11554 10246 68 -278 337
10-41-01-777 -11916 11566 9716 3 108 -3
10-41-01-784 -11158 11394 9998 -300 -92 -78
10-41-01-797 -8828 11414 9244 -310 49 108
10-41-01-832 -9022 11578 8650 -298 -285 -124
10-41-01-843 -8932 11620 8586 -281 -317 -102
10-41-01-865 -8434 11570 7856 -264 -116 -8
10-41-01-875 -8570 11442 7694 -268 259 289
10-41-01-882 -8656 11754 7484 -297 353 310
10-41-01-896 -6918 13140 8916 -354 318 -19
10-41-01-907 -7026 13210 8596 -318 -34 -20
10-41-01-915 -7488 13392 8268 -302 113 -33
10-41-01-926 -7318 12204 7508 -147 -81 -40
10-41-01-931 -7282 12180 7304 -173 -11 -10
10-41-01-937 -7258 11998 7394 -193 316 284
10-41-01-962 -7098 11742 7740 -223 141 355
10-41-01-986 -7534 11696 7680 -232 205 141
10-41-02-008 -7302 11748 7776 -230 242 176
10-41-02-024 -7452 11394 7064 -209 625 516
10-41-02-035 -7270 11450 7430 -198 399 528
10-41-02-046 -6854 11538 7116 -178 419 536
10-41-02-064 -6994 11538 7704 -139 817 597
10-41-02-087 -7208 11188 7860 -137 641 620
10-41-02-113 -7330 11322 8322 -150 749 401
10-41-02-146 -7064 10932 7834 -198 1011 495
10-41-02-214 -7234 11290 7652 -241 1360 789
10-41-02-229 -6810 11288 7562 -533 1182 805
10-41-02-236 -6688 11220 7574 -603 1427 849
10-41-02-251 -6340 14644 7866 -485 2466 1075
10-41-02-258 -6908 15580 7012 -581 2784 1216
10-41-02-263 -7064 15692 6750 -559 2921 1251
10-41-02-297 -7134 15482 6016 -539 2498 1227
10-41-02-318 -6946 14680 5338 -513 2170 1281
10-41-02-332 -6920 14614 5230 -234 1725 927
10-41-02-373 -6764 14628 5238 -201 1512 1091
10-41-02-381 -6902 14948 4888 -377 1162 651
10-41-02-392 -7246 14980 4588 -338 1296 850
10-41-02-410 -7158 15350 4762 -305 948 808
10-41-02-421 -8112 17032 4518 79 1060 782
10-41-02-433 -7646 17284 5436 -82 731 510
10-41-02-463 -8256 17158 5350 287 874 509
10-41-02-474 -10050 14378 5662 237 803 473
10-41-02-488 -9172 13270 4926 232 852 426
10-41-02-506 -9586 13436 4568 203 881 600
10-41-02-517 -8986 11972 4536 298 692 266
10-41-02-542 -8570 11486 4350 -33 698 -102
10-41-02-573 -8010 11270 4466 -117 658 51
10-41-02-595 -6554 11558 3762 -136 500 -220
10-41-02-630 -6784 11910 3828 -228 473 -531
10-41-02-640 -6354 13904 4864 -427 1044 -591
10-41-02-650 -6036 14608 4816 -452 1135 -548
10-41-02-661 -6248 15492 4794 -474 1007 -247
10-41-02-666 -6090 18342 4968 -819 1248 -318
10-41-02-671 -6716 19236 4496 -861 1537 21
10-41-02-685 -6862 19476 4314 -656 1544 92
10-41-02-708 -7322 16894 3618 -1127 1263 -48
10-41-02-719 -7430 15600 2966 -947 1536 -57
10-41-02-740 -6786 14322 2598 -1022 1569 -80
10-41-02-751 -6176 12298 1150 -1405 1414 106
10-41-02-763 -5680 11352 832 -1179 1466 79
10-41-02-786 -5414 10426 370 -1181 1522 66
10-41-02-796 -3208 9834 400 -1321 1823 86
10-41-02-814 -3602 10260 1072 -1002 1531 127
10-41-02-839 -3666 10662 1608 -933 1481 -97
10-41-02-853 -3896 12220 2494 -694 1245 338
10-41-02-865 -3466 13116 2606 -644 1170 157
10-41-02-888 -3550 13754 2268 -859 1367 228
10-41-02-908 -4372 16266 2808 -783 1297 620
10-41-02-920 -4708 16608 3044 -774 1322 628
10-41-02-941 -4878 16704 3270 -771 1348 625
10-41-02-953 -4850 15386 3662 -863 1305 549
10-41-02-960 -4744 15086 3590 -672 1000 243
10-41-02-976 -4688 15284 2960 -744 946 187
10-41-02-996 -4534 17912 2886 -906 674 313
10-41-03-007 -5410 19210 2786 -920 852 277
10-41-03-032 -5698 19650 3144 -1152 507 -15
10-41-03-043 -5646 18658 3228 -709 228 -99
10-41-03-063 -5676 17312 3454 -889 147 -124
