10-43-29-683 -4172 15104 -1712 153 -74 -837
10-43-29-708 -3940 15220 -1350 166 34 -851
10-43-29-725 -3860 14992 -1134 170 -300 -847
10-43-29-738 -3872 15034 -796 173 -378 -835
10-43-29-755 -3574 14814 -342 128 -560 -512
10-43-29-777 -3794 14958 -334 347 -583 -476
10-43-29-799 -4154 14576 -320 303 -582 -437
10-43-29-823 -4402 14428 -146 126 -186 -568
10-43-29-829 -4440 14436 12 64 -370 -528
10-43-29-837 -4466 13962 -282 9 -301 -236
10-43-29-843 -4290 14700 -422 -148 103 -135
10-43-29-855 -4268 14790 -878 -191 -125 -369
10-43-29-861 -4430 15004 -1078 -222 -102 -356
10-43-29-909 -4304 15814 -1384 -532 114 -339
10-43-29-971 -4342 16146 -1250 -535 89 -341
10-43-29-980 -4352 16032 -1452 -536 67 -346
10-43-29-988 -4660 16278 -1916 -523 23 -374
10-43-30-006 -4412 16166 -2340 -531 -354 -161
10-43-30-073 -4416 15764 -2966 -595 70 52
10-43-30-099 -4088 15776 -3224 -592 103 99
10-43-30-116 -4372 15588 -3272 -576 -123 -112
10-43-30-136 -4210 15696 -3472 -544 -121 -31
10-43-30-150 -4288 15712 -3858 -141 -295 169
10-43-30-163 -4498 15232 -3722 -373 -303 211
10-43-30-192 -4784 14992 -4132 -351 -292 246
10-43-30-207 -5224 15674 -3930 -288 10 547
10-43-30-221 -5152 15872 -3642 5 -265 540
10-43-30-240 -4812 15996 -3050 48 -307 524
10-43-30-255 -5272 15548 -3044 -98 -183 220
10-43-30-282 -5376 15712 -3086 -85 -191 201
10-43-30-314 -5710 15558 -2918 -88 -185 179
10-43-30-325 -5538 15596 -2160 -82 -174 349
10-43-30-334 -5900 15622 -1934 -82 -160 315
10-43-30-350 -5964 15448 -2172 -89 -137 282
10-43-30-379 -5826 15002 -1732 119 0 -49
10-43-30-384 -6006 15394 -1902 110 42 -74
10-43-30-396 -5610 15388 -1880 103 67 -101
10-43-30-403 -5524 15216 -1914 91 78 65
10-43-30-408 -5522 15208 -1710 84 76 31
10-43-30-413 -5532 15218 -1862 79 77 -263
10-43-30-422 -5250 15230 -1846 73 66 -372
10-43-30-427 -5458 15068 -1414 70 59 -149
10-43-30-443 -5502 15238 -1800 65 60 -176
10-43-30-512 -5414 15296 -1426 44 84 -221
10-43-30-528 -5062 15462 -1520 33 100 -238
10-43-30-548 -5028 15452 -1842 19 116 -514
10-43-30-576 -5148 15458 -1896 -263 -118 -556
10-43-30-586 -4484 15986 -2106 -303 -109 -405
10-43-30-598 -4690 15772 -1754 -313 -107 -414
10-43-30-614 -4684 15928 -2140 -324 -100 -418
10-43-30-624 -4282 15494 -2184 -365 -45 -392
10-43-30-637 -4462 15704 -2294 -375 -22 -629
10-43-30-657 -4070 15532 -2822 -373 -3 -609
10-43-30-667 -3082 16050 -6590 44 -27 -613
10-43-30-677 -2250 16754 -7972 -111 -47 -620
10-43-30-700 -1676 16950 -7874 305 -115 -424
10-43-30-712 -9112 25006 -18502 1754 -724 -1469
10-43-30-728 -13820 24640 -24088 2708 -1515 -2380
10-43-30-752 -15438 29250 -30242 3326 -2877 -2640
10-43-30-763 -22502 32511 -32022 5464 -6339 -4143
10-43-30-773 -28476 32511 -30438 6144 -6774 -4955
10-43-30-793 -32768 32511 -28846 6503 -5983 -5362
10-43-30-809 -32768 29954 -26454 6708 -156 -6590
10-43-30-818 -31170 28774 -23472 6476 1649 -6973
10-43-30-838 -25088 27346 -20054 6051 2630 -6650
10-43-30-854 -18196 23736 -12460 6224 3352 -6467
10-43-30-870 -15838 22454 -9902 6213 3412 -6181
10-43-30-886 -17120 22348 -8334 6255 3395 -5918
10-43-30-900 -18396 17280 -3642 5592 4175 -5495
10-43-30-915 -16982 14982 -1536 5280 4444 -5022
10-43-30-940 -15378 13392 -32 5222 4323 -4751
10-43-30-948 -10032 8428 5280 4324 4112 -4017
10-43-30-962 -9490 7478 7036 4377 3870 -3829
10-43-30-981 -8986 6652 7772 4203 3686 -3905
10-43-31-000 -9148 3218 9166 3709 3695 -3412
10-43-31-006 -8312 2508 9734 3225 3462 -3018
10-43-31-029 -6796 2438 9856 3035 3656 -2808
10-43-31-050 -6088 1368 8934 2521 3135 -2646
10-43-31-055 -5524 1474 8268 2579 2534 -2245
10-43-31-093 -4932 1850 7618 2187 2394 -2362
10-43-31-107 -3764 1986 5608 1720 1915 -1986
10-43-31-117 -3628 2676 5176 1832 1721 -2019
10-43-31-138 -3166 3128 5478 1473 1788 -2005
10-43-31-156 -460 5170 7296 1357 1250 -2056
10-43-31-167 886 4980 7534 970 1041 -1885
10-43-31-188 1598 4654 7400 1091 560 -1424
10-43-31-200 2180 2558 6872 859 -150 -1310
10-43-31-232 2802 1480 6052 431 -555 -949
10-43-31-245 4390 124 5096 252 -598 -1106
10-43-31-321 7720 -4658 3426 97 -278 -868
10-43-31-421 8620 -6208 2186 -276 -307 -512
10-43-31-440 10130 -7572 2126 -373 -220 -598
10-43-31-452 11584 -11038 1026 -534 -799 4
10-43-31-462 8096 -18042 -4750 -666 -886 111
10-43-31-481 11224 -24094 -12402 -1055 -1543 354
10-43-31-497 11692 -25852 -13554 -1059 -1240 377
10-43-31-506 12392 -27998 -15578 -1064 -1326 353
10-43-31-534 13322 -32768 -21216 -709 -183 112
10-43-31-539 14190 -32768 -22842 -887 -301 10
10-43-31-544 13726 -32768 -22996 -507 40 -293
10-43-31-576 14466 -32768 -22434 -557 4 -296
10-43-31-584 14396 -32768 -21970 -211 -274 -280
10-43-31-599 13780 -32768 -21036 -152 15 5
10-43-31-638 12210 -31992 -17462 -288 91 9
10-43-31-646 12168 -31286 -16532 -270 -61 -281
10-43-31-654 11780 -30328 -15794 12 377 -305
10-43-31-673 9508 -25724 -14140 44 533 -328
10-43-31-696 8792 -24156 -12998 71 188 -323
10-43-31-708 8144 -22406 -12328 107 350 -325
10-43-31-726 8452 -18168 -9356 259 -12 -334
10-43-31-735 8426 -17412 -8606 314 -8 -316
10-43-31-742 8018 -16518 -8392 366 303 -281
10-43-31-774 6540 -14238 -8066 356 231 112
10-43-31-781 6136 -13650 -8240 306 233 -100
10-43-31-792 5610 -12538 -7824 -6 186 -50
10-43-31-825 3816 -9924 -6592 331 -64 330
10-43-31-831 3402 -9108 -6504 164 -66 323
10-43-31-837 3146 -8488 -5998 519 -53 296
10-43-31-864 2218 -6152 -3528 487 46 306
10-43-31-875 1750 -5114 -2558 502 -315 329
10-43-31-893 1532 -4680 -1978 486 -206 342
10-43-31-944 700 -2522 -546 484 -772 364
10-43-31-952 772 -1736 164 480 -671 329
10-43-31-961 -64 -1590 898 478 -760 345
10-43-31-974 -162 -750 970 413 -625 -9
10-43-31-985 -364 -856 986 389 -179 -64
10-43-31-992 -180 -892 654 611 -308 -126
10-43-32-014 -172 -1612 308 207 28 73
10-43-32-028 -92 -1596 198 171 -261 69
10-43-32-041 258 -1794 788 155 8 57
10-43-32-064 1916 -2720 446 358 298 -284
10-43-32-078 2150 -3608 480 320 177 -300
10-43-32-109 1938 -4446 754 261 535 -298
10-43-32-128 1494 -5144 870 43 530 28
10-43-32-140 1828 -5498 860 -339 138 80
10-43-32-158 1512 -5686 484 -194 -18 112
10-43-32-177 32 -5190 292 -395 48 -180
10-43-32-188 84 -4938 -534 -401 66 -572
10-43-32-201 58 -4592 -636 -389 91 -442
10-43-32-219 378 -4202 -1400 -580 -121 -1033
10-43-32-229 676 -4356 -724 -255 125 -1079
10-43-32-246 1342 -4302 -1136 -220 122 -1086
10-43-32-268 3142 -5576 -1976 -172 -56 -874
10-43-32-275 4202 -6422 -2300 -147 -28 -508
10-43-32-280 4736 -6862 -3170 -363 -13 -405
10-43-32-313 5810 -8192 -2448 37 -43 -526
10-43-32-323 7006 -9550 -1644 -126 90 -208
10-43-32-333 7310 -10876 -690 -89 -265 -145
10-43-32-357 8916 -14356 -1070 -285 -344 39
10-43-32-374 9794 -15600 -1384 -184 -382 121
10-43-32-382 10090 -17428 -1896 -600 -157 -51
10-43-32-408 10912 -20498 -5030 -654 -533 148
10-43-32-420 11128 -21140 -6320 -685 -617 185
10-43-32-432 10998 -22418 -7560 -697 -465 218
10-43-32-456 9836 -26720 -9866 -857 -398 526
10-43-32-472 9460 -28076 -11210 -859 -461 542
10-43-32-479 10046 -30050 -12478 -886 -838 535
10-43-32-503 11634 -32768 -17762 -1045 -705 314
10-43-32-513 11540 -32768 -18786 -1032 -786 -35
10-43-32-532 11662 -32768 -19806 -722 -251 66
10-43-32-559 12042 -32768 -20714 -638 234 -315
10-43-32-568 12804 -32768 -20224 -232 245 -343
10-43-32-578 12692 -32768 -19446 -346 164 -336
10-43-32-598 13288 -32402 -15866 48 -70 43
10-43-32-614 13298 -31376 -14960 38 -103 123
10-43-32-625 12806 -30144 -13710 29 -82 -48
10-43-32-664 9780 -26088 -10774 44 282 321
10-43-32-671 8066 -24920 -10094 57 276 314
10-43-32-678 7190 -23250 -9570 67 -19 292
10-43-32-694 5014 -20442 -7892 55 107 -1
10-43-32-699 4664 -19170 -7428 40 56 -48
10-43-32-710 4528 -18226 -6394 31 11 -92
10-43-32-749 4820 -15620 -4034 47 -50 45
10-43-32-767 5152 -14936 -4114 53 318 16
10-43-32-782 5190 -14714 -3486 34 140 2
10-43-32-802 4608 -13514 -3984 -293 334 44
10-43-32-814 4374 -13352 -4402 -285 -48 52
10-43-32-826 3932 -12656 -4500 -263 81 53
10-43-32-847 3160 -10534 -4776 -71 -174 -282
10-43-32-854 3142 -9676 -4976 256 -176 -321
10-43-32-871 2810 -9336 -4546 303 -175 -344
10-43-32-889 2276 -7464 -3716 346 -560 -328
10-43-32-903 2390 -6554 -3882 331 -609 -301
10-43-32-910 1938 -5872 -3834 294 -408 -285
10-43-32-938 1576 -4710 -2800 256 -485 -293
10-43-32-943 1874 -4332 -2802 -36 -461 -289
10-43-32-953 2060 -4304 -3642 -68 -633 -280
10-43-32-992 1252 -4080 -4100 -113 -355 -300
10-43-33-005 1378 -4120 -3894 -118 -285 -315
10-43-33-012 1020 -4144 -3348 -116 15 -330
10-43-33-055 1676 -4366 -1290 -57 -293 -324
10-43-33-068 1812 -4264 -1348 -46 -285 -336
10-43-33-082 1518 -4502 -1018 -36 -259 -352
10-43-33-099 1378 -4570 -586 -59 -122 -344
10-43-33-107 1384 -4710 288 -99 -66 -341
10-43-33-115 1802 -4938 926 104 -41 -330
10-43-33-135 1780 -5376 1870 -371 270 61
10-43-33-156 1480 -5548 1844 -199 -3 109
10-43-33-164 1550 -5340 1626 -526 -55 127
10-43-33-188 -44 -4340 1010 -629 -288 31
10-43-33-200 -172 -3992 1230 -626 -357 -306
10-43-33-205 -490 -4104 922 -403 -181 -148
10-43-33-232 164 -3376 -2170 -412 -603 -623
10-43-33-243 554 -3342 -3660 -606 -551 -427
10-43-33-251 542 -3422 -4442 -245 -192 -500
10-43-33-285 880 -3470 -5630 -41 -79 -661
10-43-33-290 1384 -4314 -5138 367 -9 -641
10-43-33-297 1738 -4836 -4712 230 312 -833
10-43-33-337 3288 -7544 -2970 583 355 -541
10-43-33-342 3564 -7648 -1414 622 324 -234
10-43-33-375 4446 -8810 -194 598 267 -186
10-43-33-392 7250 -12564 -626 310 -276 -266
10-43-33-403 8350 -13796 -462 -122 -155 70
10-43-33-419 9502 -15340 -706 -318 -523 -98
10-43-33-436 10186 -17838 -2848 -630 -454 359
10-43-33-443 10380 -18402 -4074 -474 -848 201
10-43-33-450 10158 -19374 -6466 -822 -746 550
10-43-33-474 10174 -22606 -13166 -721 -870 412
10-43-33-490 9374 -23888 -15098 -752 -621 420
10-43-33-501 8716 -25208 -17278 -1033 -169 398
10-43-33-536 7382 -29378 -19140 -492 -586 192
10-43-33-542 8054 -30670 -19376 -630 -591 335
10-43-33-550 9058 -32390 -19512 -521 -528 -32
10-43-33-575 11996 -32768 -18820 -231 311 -277
10-43-33-591 12700 -32768 -17840 -549 320 -256
10-43-33-624 13120 -32768 -17190 -169 560 -376
10-43-33-642 12938 -32768 -15030 -284 152 -335
10-43-33-651 12692 -32768 -14296 -283 -63 -317
10-43-33-664 12362 -32768 -14262 -319 28 -295
10-43-33-679 10458 -31656 -14158 -136 -360 -359
10-43-33-689 9708 -29866 -13456 -370 -317 -150
10-43-33-696 9156 -28362 -13410 -325 1 -210
10-43-33-726 7578 -22918 -13288 85 98 -232
10-43-33-737 7526 -21232 -13188 -118 78 -220
10-43-33-750 7784 -19604 -12718 -54 64 -204
10-43-33-775 7882 -16736 -9540 381 -110 -341
10-43-33-785 7826 -16048 -8394 150 -58 10
10-43-33-794 7666 -15606 -8232 141 -35 -128
10-43-33-819 7002 -14850 -7130 324 100 144
10-43-33-828 5832 -13998 -7746 -3 -272 244
10-43-33-836 5248 -12958 -8304 -57 -132 548
10-43-33-867 3134 -9986 -6400 -3 -381 219
10-43-33-875 2328 -9062 -5606 316 -276 383
10-43-33-888 2418 -7936 -5204 130 69 309
10-43-33-920 988 -6270 -3738 615 -66 -45
10-43-33-929 408 -5252 -3694 434 -88 -87
10-43-33-939 16 -4886 -2728 494 117 -121
10-43-33-971 22 -2492 468 710 -380 37
10-43-33-982 -76 -2094 1158 753 -207 7
10-43-33-993 -102 -1376 1836 1052 -236 -274
10-43-34-017 -750 112 1274 752 -201 -340
10-43-34-026 -1316 -20 1862 712 -179 -352
10-43-34-033 -1350 532 2026 643 -184 -365
10-43-34-059 306 478 2438 394 -542 -350
10-43-34-072 560 154 2606 548 -558 -329
10-43-34-080 510 106 2008 200 -249 -304
10-43-34-111 1298 -810 2156 273 -349 -259
10-43-34-116 1556 -1368 2068 -70 -298 37
10-43-34-126 1806 -2324 1796 85 22 92
10-43-34-164 680 -4782 -828 -144 -26 -40
10-43-34-176 460 -5242 -874 -160 -39 -49
10-43-34-183 496 -5634 -532 -169 -78 -68
10-43-34-204 462 -5836 50 -184 87 105
10-43-34-218 776 -5884 -14 -207 67 55
10-43-34-225 678 -5860 -60 -240 88 4
10-43-34-260 876 -5890 -108 -604 262 -134
10-43-34-265 826 -5346 -374 -639 307 -189
10-43-34-271 908 -5514 -434 -418 347 -215
10-43-34-310 1166 -6920 -1216 -468 221 -184
10-43-34-315 1364 -7640 -1116 -490 243 -133
10-43-34-322 1242 -8826 -1062 -797 246 -334
10-43-34-361 3024 -10948 262 -698 284 42
10-43-34-365 3642 -11924 412 -759 -13 48
10-43-34-370 4136 -13024 416 -1077 -19 48
10-43-34-414 6568 -17668 -1546 -1383 16 66
10-43-34-432 7150 -18632 -2438 -1210 -175 78
10-43-34-447 7444 -19532 -4066 -1542 -424 77
10-43-34-463 7086 -20266 -8392 -1605 -918 -285
10-43-34-469 7514 -20406 -9682 -1551 -947 -328
10-43-34-476 6600 -21010 -11012 -1225 -1123 -352
10-43-34-497 6322 -23258 -14382 -975 -1132 -180
10-43-34-508 7182 -24882 -16236 -959 -1018 -195
10-43-34-514 7972 -25566 -18478 -978 -1179 -220
10-43-34-548 8696 -27254 -22142 -978 -1257 -537
10-43-34-555 9266 -28262 -23026 -921 -1358 -574
10-43-34-567 8374 -27816 -25210 -900 -923 -484
10-43-34-599 9660 -32768 -28672 -445 -189 -427
10-43-34-604 10336 -32768 -29250 -231 0 -638
10-43-34-614 10752 -32768 -28052 21 21 -571
10-43-34-647 11260 -32768 -24366 231 -159 -176
10-43-34-655 11510 -32768 -23126 538 -210 -146
10-43-34-662 11118 -32082 -22134 558 -514 -380
10-43-34-699 8752 -27116 -19898 587 120 -144
10-43-34-704 8258 -25604 -18644 599 129 -179
10-43-34-716 8244 -23770 -17364 615 567 -201
10-43-34-749 6280 -20224 -13662 404 440 -374
10-43-34-754 6130 -19280 -12842 391 433 -321
10-43-34-760 6024 -17574 -11866 392 424 -268
10-43-34-803 6580 -14490 -7746 409 775 84
10-43-34-812 6646 -14090 -6660 392 788 120
10-43-34-822 6426 -13196 -5862 602 771 -81
10-43-34-838 4524 -12086 -4828 135 418 173
10-43-34-845 3724 -11342 -4494 321 560 512
10-43-34-854 3342 -10358 -4478 265 178 580
10-43-34-890 1410 -8058 -3448 -25 -1 639
10-43-34-908 982 -7048 -3076 285 306 608
10-43-34-920 664 -6916 -2150 354 376 559
10-43-34-945 568 -5770 -838 231 146 194
10-43-34-957 166 -5714 94 538 337 145
10-43-34-968 -20 -5438 592 566 -22 358
10-43-34-993 -144 -4318 1880 551 -318 -63
10-43-35-003 -208 -3808 2006 527 -370 114
10-43-35-010 -336 -3596 2652 231 -158 21
10-43-35-036 -574 -2648 2774 338 -222 -570
10-43-35-069 -616 -2234 2826 -3 -256 -408
10-43-35-080 -586 -2394 2448 -101 -527 -482
10-43-35-096 870 -2100 1064 -357 -515 -837
10-43-35-104 886 -1846 286 -160 -239 -829
10-43-35-110 942 -1860 -108 -188 -214 -816
10-43-35-134 1348 -2044 -1052 -539 -311 -431
10-43-35-148 1372 -2482 -956 -575 15 -625
10-43-35-154 1014 -3104 -1162 -624 71 -556
10-43-35-185 1012 -3210 -992 -502 -279 -150
10-43-35-191 900 -3648 -404 -795 -273 -143
10-43-35-197 922 -3960 -218 -833 55 -143
10-43-35-228 1680 -5478 -2472 -714 165 -191
10-43-35-250 1742 -5778 -3914 -708 571 -227
10-43-35-267 2014 -6188 -4868 -651 496 -545
10-43-35-290 3462 -6218 -1796 -218 1069 -510
10-43-35-300 2960 -6566 308 -309 1038 -787
10-43-35-311 3384 -7358 1240 40 1031 -508
10-43-35-333 4610 -10846 3426 40 607 -515
10-43-35-340 3814 -12066 2832 -304 -103 -336
10-43-35-354 3292 -12230 1986 -157 -590 60
10-43-35-385 3696 -11792 -1726 -844 -1690 -113
10-43-35-397 3540 -11248 -2958 -711 -2150 70
10-43-35-409 4680 -11560 -5254 -1114 -2166 -290
10-43-35-437 5304 -12936 -13386 -1012 -1006 -198
10-43-35-447 5908 -13310 -14406 -936 -693 -211
10-43-35-455 6030 -14492 -14880 -1090 -497 -180
10-43-35-477 7864 -17252 -17062 -790 -689 -294
10-43-35-490 8318 -18478 -18016 -486 -1132 46
10-43-35-509 8448 -19342 -18144 -458 -944 100
10-43-35-534 10980 -26178 -21052 -432 -1077 273
10-43-35-543 11406 -28214 -21760 -410 -703 282
10-43-35-552 11846 -29934 -23078 -392 -659 -108
10-43-35-575 12118 -32768 -24108 -580 -519 -207
10-43-35-589 12640 -32768 -24240 -573 -166 -542
10-43-35-596 13172 -32768 -24504 -547 -137 -607
10-43-35-622 12550 -32768 -26950 -245 4 -616
10-43-35-629 12296 -32768 -26764 -149 58 -634
10-43-35-635 11136 -31560 -26064 -267 92 -393
10-43-35-667 9502 -25944 -24058 333 257 -448
10-43-35-674 9328 -24258 -23466 382 322 -449
10-43-35-688 9228 -22684 -22564 182 381 -438
10-43-35-723 8630 -19334 -18648 587 527 -394
10-43-35-731 8810 -17588 -16366 402 554 -616
10-43-35-739 8564 -16694 -14404 444 542 -575
10-43-35-779 7852 -13702 -10520 398 234 -134
10-43-35-788 7620 -13152 -9218 604 231 -324
10-43-35-793 7514 -12232 -7682 535 218 -257
10-43-35-820 7188 -10230 -5170 -29 303 -26
10-43-35-825 6906 -10028 -5822 120 257 316
10-43-35-835 6982 -9424 -6394 57 272 147
10-43-35-877 4226 -8054 -6158 -83 159 538
10-43-35-886 3730 -7578 -5362 -17 215 554
10-43-35-894 3068 -7768 -4554 314 211 576
10-43-35-917 2430 -7424 -4232 170 -73 613
10-43-35-929 1780 -7318 -3932 202 -123 620
10-43-35-935 1214 -6796 -2600 247 104 599
10-43-35-964 1456 -5512 812 561 -88 183
10-43-35-979 1188 -5156 1216 529 -127 375
10-43-35-984 1042 -4598 1422 249 61 303
10-43-36-023 -648 -3610 992 150 -377 76
10-43-36-031 -1562 -2700 958 380 -153 -280
10-43-36-039 -1210 -2570 960 344 -198 -384
10-43-36-060 -496 -1482 800 283 -527 -517
10-43-36-068 8 -1444 466 -5 -560 -555
10-43-36-084 268 -1604 526 -30 -559 -565
10-43-36-106 1604 -976 -56 103 -178 -217
10-43-36-121 1772 -1006 334 62 -168 -147
10-43-36-128 2106 -1440 428 9 -185 -325
10-43-36-166 2454 -2868 -300 -384 -200 -90
10-43-36-176 2188 -3186 -422 -166 -206 -20
10-43-36-186 2334 -3418 -1050 -213 -194 287
10-43-36-209 1890 -3732 -166 -557 -362 294
10-43-36-220 1832 -4270 -36 -604 -354 274
10-43-36-229 1618 -5414 -114 -401 -331 265
10-43-36-256 1806 -7164 -1272 -801 25 288
10-43-36-274 1192 -7372 -1894 -837 54 284
10-43-36-282 1098 -7626 -1642 -878 65 260
10-43-36-315 2244 -10004 -1276 -720 -283 -70
10-43-36-322 2626 -10688 -1984 -738 -349 -63
10-43-36-330 2490 -11698 -2564 -1035 -170 -60
10-43-36-369 3072 -12610 -4052 -1135 -437 68
10-43-36-384 3056 -12770 -4828 -909 -837 -275
10-43-36-396 3024 -12972 -5878 -940 -724 -370
10-43-36-410 3324 -14300 -10100 -1013 -1079 -515
10-43-36-417 3868 -15232 -11166 -1297 -1056 -519
10-43-36-425 3746 -15450 -12830 -1284 -1036 -521
10-43-36-462 4146 -15744 -15014 -940 -764 -545
10-43-36-469 3800 -15878 -16320 -1123 -764 -580
10-43-36-478 4082 -16172 -17052 -1044 -1031 -617
10-43-36-511 5426 -16622 -19154 -831 -757 -397
10-43-36-526 5704 -16954 -19778 -782 -709 -392
10-43-36-533 6508 -17206 -20586 -485 -667 -397
10-43-36-553 7512 -18428 -22328 -634 -603 -547
10-43-36-564 7338 -19512 -23056 -597 -228 -237
10-43-36-573 7164 -20558 -23760 -553 -154 -176
10-43-36-598 8224 -23742 -25716 -129 -175 -282
10-43-36-614 8416 -25196 -25852 -319 -194 6
10-43-36-623 8678 -26408 -26892 -283 -190 18
10-43-36-652 9288 -27596 -28102 -291 -290 -276
10-43-36-662 9090 -27530 -27970 -276 122 3
10-43-36-670 9314 -27458 -27580 9 277 12
10-43-36-693 7470 -25298 -24048 -44 163 24
10-43-36-707 6582 -24596 -22752 259 129 13
10-43-36-716 6460 -23194 -21568 291 316 -264
10-43-36-753 6006 -20330 -17092 332 280 -327
10-43-36-770 5992 -18846 -16012 338 339 -358
10-43-36-787 5944 -18048 -14518 354 157 -383
10-43-36-803 5664 -15220 -11848 345 137 -153
10-43-36-812 5002 -14518 -11634 318 353 -370
10-43-36-821 5040 -14152 -11816 286 303 -327
10-43-36-840 4986 -12480 -12078 302 -55 22
10-43-36-853 5150 -11748 -11688 343 -120 57
10-43-36-878 4742 -11160 -11576 144 102 100
10-43-36-893 5084 -10686 -9932 549 108 272
10-43-36-903 4666 -10412 -10352 594 -109 350
10-43-36-916 3808 -10114 -9988 601 -65 158
10-43-36-950 1700 -8510 -7122 587 58 222
10-43-36-958 1650 -7622 -6272 595 -285 199
10-43-36-965 946 -7430 -4776 602 -345 160
10-43-36-982 178 -5984 -3404 618 -269 257
10-43-36-994 304 -5376 -2480 625 71 -48
10-43-37-001 62 -5186 -1684 624 -121 -96
10-43-37-035 -784 -3954 -580 557 110 37
10-43-37-043 -516 -3700 -372 552 49 2
10-43-37-053 -276 -3224 22 524 -263 -276
10-43-37-081 564 -2542 394 221 -302 -341
10-43-37-095 454 -2280 362 193 -293 -349
10-43-37-103 580 -2002 36 164 -275 -355
10-43-37-130 1552 -2304 -280 293 39 -326
10-43-37-144 1888 -2446 -606 -16 52 -303
10-43-37-157 2060 -3122 -620 -81 68 -278
10-43-37-182 1198 -3506 -1300 6 -61 43
10-43-37-192 898 -3838 -936 -343 -3 62
10-43-37-207 1026 -4196 -1584 -174 260 70
10-43-37-234 178 -4114 -1038 -621 -52 51
10-43-37-249 252 -4206 -524 -405 -75 28
10-43-37-257 438 -4402 54 -450 -95 10
10-43-37-277 816 -4824 -110 -801 125 5
10-43-37-286 706 -5094 304 -841 94 21
10-43-37-301 1118 -5648 356 -872 40 42
10-43-37-329 1442 -7482 -1770 -709 -156 -89
10-43-37-339 1546 -7852 -2436 -747 -173 -33
10-43-37-370 1194 -8434 -3468 -1038 -192 265
10-43-37-396 1526 -10132 -6992 -1109 -170 -22
10-43-37-408 1690 -11012 -7458 -1093 -367 -88
10-43-37-421 2016 -11636 -7800 -1078 -304 92
10-43-37-438 4184 -13252 -9242 -1073 -341 -336
10-43-37-448 4104 -13992 -9722 -1064 -164 -346
10-43-37-457 4066 -14590 -10880 -1059 -255 -354
10-43-37-476 4412 -15796 -14300 -1025 -433 -356
10-43-37-485 4474 -15842 -15532 -745 -512 -372
10-43-37-498 4410 -15748 -16534 -688 -845 -152
10-43-37-520 4342 -15562 -18108 -497 -854 -543
10-43-37-533 5154 -16204 -18616 -469 -864 -563
10-43-37-542 5104 -16546 -19198 -441 -828 -556
10-43-37-570 5292 -17404 -19924 -387 -594 -532
10-43-37-589 6008 -17964 -20536 -613 -232 -532
10-43-37-600 5882 -18590 -20880 -579 -381 -255
10-43-37-634 6040 -20924 -23736 -208 126 -180
10-43-37-642 6956 -22118 -25352 -172 117 -146
10-43-37-673 7536 -22952 -26370 -372 83 -369
10-43-37-687 8348 -25928 -28958 44 61 -314
10-43-37-696 8886 -26268 -29436 79 63 -355
10-43-37-712 9440 -26974 -30482 -119 -108 -301
10-43-37-734 9320 -26116 -28568 317 271 27
10-43-37-743 9004 -25022 -27118 383 -19 26
10-43-37-757 8636 -23998 -26234 188 -43 14
10-43-37-776 7020 -20732 -21866 386 360 22
10-43-37-784 6430 -20228 -20280 430 190 43
10-43-37-793 5564 -19482 -18450 466 524 78
10-43-37-820 4510 -17028 -14354 769 232 -97
10-43-37-828 4374 -16682 -13324 500 139 -67
10-43-37-844 4040 -15920 -12414 482 315 -58
10-43-37-883 4516 -13966 -11002 389 314 -5
10-43-37-892 5144 -13510 -11280 624 319 -12
10-43-37-902 4986 -13006 -10670 617 331 263
10-43-37-918 3458 -11858 -11084 396 334 304
10-43-37-925 2804 -11256 -10472 403 340 333
10-43-37-935 2530 -10704 -10162 414 337 351
10-43-37-958 2394 -9630 -8934 436 303 133
10-43-37-969 2150 -9300 -8096 446 286 138
10-43-37-975 2308 -8438 -7036 474 281 137
10-43-38-006 1960 -7480 -4028 455 128 155
10-43-38-016 1672 -7286 -3036 424 171 174
10-43-38-023 1846 -6938 -2882 388 181 184
10-43-38-059 400 -5662 -1596 595 148 132
10-43-38-074 -110 -4858 -1044 608 135 324
10-43-38-082 -164 -4676 -130 632 370 -7
10-43-38-102 -966 -3878 1012 388 -49 17
10-43-38-113 -1226 -3592 1264 619 -98 -312
10-43-38-118 -1376 -3404 1500 582 112 -133
10-43-38-172 38 -2638 1626 190 -278 -592
10-43-38-187 -4 -2426 1642 144 -296 -639
10-43-38-212 328 -2126 1584 349 -311 -417
10-43-38-236 1662 -1458 1096 -117 -159 -424
10-43-38-263 2316 -1874 656 52 -176 -626
10-43-38-272 2236 -1792 884 -299 -153 -543
10-43-38-287 2294 -2938 -290 -616 -304 -261
10-43-38-305 1740 -2740 -832 -447 -319 67
10-43-38-314 1604 -2708 -944 -778 -363 111
10-43-38-333 388 -2556 -1264 -878 -169 92
10-43-38-349 454 -2786 -1838 -655 -172 46
10-43-38-357 454 -2990 -2358 -677 -384 4
10-43-38-373 956 -4644 -3872 -888 88 -154
10-43-38-381 1644 -5014 -3724 -851 -120 -192
10-43-38-402 1716 -6184 -3562 -822 -61 -209
10-43-38-418 2568 -8968 -4516 -480 350 -161
10-43-38-423 3084 -9386 -5178 -462 354 -380
10-43-38-443 3396 -10330 -5224 -457 311 -343
10-43-38-460 4866 -12328 -4594 -784 101 -310
10-43-38-469 5718 -12796 -4802 -839 63 -299
10-43-38-490 6314 -13778 -5364 -646 38 -278
10-43-38-500 7548 -16354 -8758 -736 -146 65
10-43-38-514 6972 -16926 -9472 -727 -239 97
10-43-38-541 6434 -16622 -10460 -713 -568 107
10-43-38-553 5442 -17716 -13918 -674 -506 82
10-43-38-562 5066 -17898 -14718 -666 -792 96
10-43-38-584 4980 -18506 -15284 -892 -819 105
10-43-38-647 4742 -19876 -18690 -489 -510 20
10-43-38-664 5388 -21060 -19802 -421 -434 -282
10-43-38-679 5364 -22108 -20168 -592 -559 -309
10-43-38-698 6512 -24570 -21276 -204 -130 -340
10-43-38-704 9062 -29564 -22716 15 -208 -210
10-43-38-710 9216 -29228 -22806 47 -202 -521
10-43-38-734 9738 -29060 -22648 29 -226 -566
10-43-38-761 8680 -28226 -22580 -289 -178 -528
10-43-38-774 8560 -27140 -22402 -334 -362 -514
10-43-38-794 8404 -25930 -22182 -348 -320 -516
10-43-38-805 7272 -22438 -21034 29 88 -536
10-43-38-816 6760 -21456 -20258 92 -124 -537
10-43-38-836 5800 -20388 -19288 -112 -77 -518
10-43-38-849 4770 -17340 -15838 -38 94 -178
10-43-38-857 4520 -16382 -15376 -33 55 -166
10-43-38-888 5132 -15580 -14682 -25 20 -169
10-43-38-938 5696 -13784 -12850 -28 22 -378
10-43-38-957 5312 -13360 -12458 -41 39 -341
10-43-38-967 5428 -12804 -12192 -40 45 -295
10-43-38-988 4650 -11614 -12214 -20 55 67
10-43-39-000 2624 -9290 -9748 132 -292 283
10-43-39-007 2676 -8652 -9130 152 -278 278
10-43-39-023 2252 -8542 -8752 173 40 270
10-43-39-095 2232 -7790 -6096 194 -74 -58
10-43-39-105 2340 -7438 -5326 177 -65 -64
10-43-39-113 2162 -6868 -4514 148 -76 -67
10-43-39-138 1426 -6186 -3314 315 -127 -80
10-43-39-143 58 -3322 -976 -67 -118 -301
10-43-39-148 -326 -3194 -692 -77 -84 -362
10-43-39-175 -410 -2928 -218 -94 -69 -158
10-43-39-191 -452 -2106 934 -125 17 -552
10-43-39-196 -242 -1672 1308 116 -336 -572
10-43-39-219 -68 -1468 726 93 -149 -576
10-43-39-281 696 -1376 -110 62 -303 -540
10-43-39-288 870 -990 82 60 9 -520
10-43-39-303 886 -968 -312 70 60 -247
10-43-39-322 1170 -1452 -462 87 82 -188
10-43-39-337 1650 -2224 -1726 -346 -362 64
10-43-39-347 1454 -2526 -2414 -366 -314 75
10-43-39-370 1446 -2984 -2980 -134 31 95
10-43-39-380 1712 -4848 -4336 -177 298 -118
10-43-39-397 1990 -5844 -4878 -194 343 -82
10-43-39-417 2670 -6890 -4966 -210 370 -32
10-43-39-474 3044 -9910 -5176 -519 292 378
10-43-39-493 3586 -10838 -5178 -539 -77 372
10-43-39-502 3700 -11542 -4588 -572 75 337
10-43-39-520 4252 -13046 -4352 -426 -294 -64
10-43-39-529 5200 -16026 -8318 -730 -142 67
10-43-39-537 4878 -16078 -8374 -747 -544 49
10-43-39-560 4254 -16010 -9198 -745 -433 16
10-43-39-579 3656 -16732 -11698 -721 -695 -360
10-43-39-626 3502 -16974 -12654 -717 -744 -138
10-43-39-634 4354 -17274 -13924 -728 -1080 -167
10-43-39-666 4978 -18324 -16344 -725 -981 -212
10-43-39-674 6496 -21142 -29146 -425 -542 -385
10-43-39-681 7108 -22120 -29608 -518 -346 -411
10-43-39-692 8178 -23046 -30186 -341 75 -394
10-43-39-718 9492 -26090 -30500 367 201 -238
10-43-39-729 9572 -26734 -29716 207 180 -162
10-43-39-734 9792 -26798 -28108 522 380 -357
10-43-39-777 10972 -27918 -24172 526 283 12
10-43-39-794 10870 -27754 -23574 229 -2 49
10-43-39-845 10188 -27558 -22764 169 -9 60
10-43-39-860 9282 -25778 -21014 354 378 -120
10-43-39-866 9088 -24946 -19710 342 139 121
10-43-39-874 8692 -23778 -18506 354 132 120
10-43-39-884 6342 -20790 -16296 156 154 -103
10-43-39-889 5958 -19476 -15688 195 169 -96
10-43-39-896 5406 -18128 -14626 238 170 -96
10-43-39-953 4448 -15446 -11404 613 270 118
10-43-39-968 4374 -14494 -10782 637 -45 113
10-43-39-975 4090 -14014 -9986 633 -109 126
10-43-39-981 3810 -13158 -8888 579 32 -90
10-43-40-005 1758 -8664 -8570 237 -96 113
10-43-40-018 1190 -8166 -7816 518 -44 104
10-43-40-032 970 -7874 -7186 538 -16 96
10-43-40-068 756 -6278 -3730 519 -121 -122
10-43-40-080 1114 -5578 -3106 227 78 -117
10-43-40-087 1336 -5198 -2202 184 39 -116
10-43-40-109 1068 -3904 -844 286 -96 89
10-43-40-118 734 -3282 -332 -9 -81 66
10-43-40-128 448 -3048 328 -62 -86 44
10-43-40-154 78 -2454 412 11 31 -289
10-43-40-167 -202 -2024 -8 -300 -260 -320
10-43-40-175 -566 -1756 270 -338 -273 -362
10-43-40-199 -584 -1356 -568 -363 79 -211
10-43-40-226 -234 -1100 -560 -359 -115 -520
10-43-40-235 120 -1026 -266 -357 -81 -564
10-43-40-291 1204 -1258 -106 -382 -100 -560
10-43-40-303 1820 -1268 -378 -136 -125 -256
10-43-40-316 1916 -1344 -166 -152 122 -195
10-43-40-324 1158 -1168 -756 -211 92 -302
10-43-40-333 1372 -1574 -1160 -227 64 -280
10-43-40-342 756 -1608 -1432 -236 51 -260
10-43-40-353 -24 -2158 -1282 -252 -87 -266
10-43-40-408 178 -2596 -1288 -533 -44 -283
10-43-40-417 710 -3160 -1618 -573 -33 -283
10-43-40-447 1940 -4804 -2444 -637 -23 20
10-43-40-463 4620 -10338 -6410 -552 104 36
10-43-40-472 4848 -11194 -6794 -533 47 8
10-43-40-501 5108 -12384 -7030 -513 33 -285
10-43-40-510 6490 -14864 -8012 -251 -364 -350
10-43-40-517 6164 -15472 -8424 -246 -136 -333
10-43-40-594 6236 -15546 -8878 -239 -175 -333
10-43-40-622 5098 -15952 -10926 -170 -230 -374
10-43-40-631 5188 -16158 -11374 -136 -515 -163
10-43-40-652 5000 -16080 -11232 -348 -555 -199
10-43-40-660 7746 -22472 -15720 -224 -1035 -302
10-43-40-670 7952 -24704 -17782 -571 -1078 -289
10-43-40-687 8832 -26314 -20414 -639 -1092 -286
10-43-40-695 9706 -29934 -27012 -593 -839 -324
10-43-40-708 10248 -31020 -28120 -543 -504 -384
10-43-40-733 10238 -31480 -29612 -221 -433 -175
10-43-40-743 11104 -31900 -30836 -310 -173 -224
10-43-40-750 10428 -31016 -29636 18 -288 -194
10-43-40-784 10550 -30042 -28172 65 104 -200
10-43-40-793 9842 -26478 -21840 -96 -55 -162
10-43-40-799 9490 -25138 -19880 -80 121 -147
10-43-40-828 9044 -23890 -18634 -68 57 -134
10-43-40-859 6854 -19944 -16686 259 -12 -362
10-43-40-871 6248 -18606 -15284 309 313 -360
10-43-40-889 5510 -17332 -14590 347 317 -366
10-43-40-897 5592 -14290 -12524 159 -67 -345
10-43-40-905 5898 -13906 -12024 176 -78 -324
10-43-40-925 6168 -13266 -11510 191 -69 -299
10-43-40-938 6252 -12928 -11548 218 -8 92
10-43-40-943 5956 -12596 -11002 237 258 -85
10-43-40-979 5020 -11766 -10788 251 -27 -12
10-43-40-997 4148 -10482 -8592 215 86 347
10-43-41-008 3748 -10174 -8376 189 68 363
10-43-41-028 3514 -9886 -8314 169 92 380
10-43-41-041 2372 -8622 -6938 200 -14 380
10-43-41-058 2318 -8544 -6658 209 269 362
10-43-41-077 2354 -7820 -5956 215 274 344
10-43-41-137 1702 -7186 -4820 239 -107 259
10-43-41-147 2042 -6930 -5152 251 100 -23
10-43-41-169 1906 -6084 -4966 539 108 -47
10-43-41-193 1672 -5424 -4456 604 -107 123
10-43-41-206 1144 -4860 598 210 -384 67
10-43-41-229 1000 -4826 136 350 -248 81
10-43-41-244 1572 -5036 -602 -15 -603 77
10-43-41-254 726 -4096 -2146 108 -563 -297
10-43-41-262 1568 -4370 -2412 -109 -526 -378
10-43-41-280 1244 -4654 -2910 -69 -241 -184
10-43-41-292 1340 -6734 -5380 132 -355 -566
10-43-41-302 1844 -7130 -5664 215 -309 -559
10-43-41-329 1972 -7328 -5678 552 -316 -548
10-43-41-346 3452 -8392 -4976 612 -353 -224
10-43-41-359 3738 -9640 -4332 586 -351 -136
10-43-41-374 4448 -10688 -4704 546 -352 -283
10-43-41-395 5008 -13932 -5504 352 -558 313
10-43-41-403 4894 -14440 -6168 278 -628 353
10-43-41-416 4784 -14844 -6762 -37 -626 356
10-43-41-496 5768 -16132 -8146 -91 -229 329
10-43-41-510 5278 -16454 -8762 -74 -135 322
10-43-41-518 4482 -16356 -8444 -50 -259 308
10-43-41-531 3690 -16448 -8226 295 -18 -21
10-43-41-540 4004 -16134 -3802 358 -281 -268
10-43-41-546 4800 -15858 -3536 297 -288 41
10-43-41-558 5016 -16430 -3104 -33 -260 -127
10-43-41-632 5560 -15958 -3620 -370 -288 312
10-43-41-642 5736 -15684 -3752 -205 -343 351
10-43-41-655 5418 -15238 -4092 -532 -130 368
10-43-41-673 4916 -14462 -5240 -539 -189 371
10-43-41-714 3342 -11416 -3820 -515 -608 314
10-43-41-736 3500 -11106 -3716 -549 -637 141
10-43-41-746 3910 -10762 -3016 -605 -412 248
10-43-41-761 4374 -10264 -1586 -494 -771 486
10-43-41-768 6160 -10264 4220 -1165 -1624 1577
10-43-41-785 6882 -9244 4724 -1655 -1854 1681
10-43-41-810 8232 -8334 5330 -1900 -1937 2000
10-43-41-816 8160 -6490 6996 -2857 -2853 3339
10-43-41-822 7852 -5164 6194 -3199 -2712 3510
10-43-41-852 7296 -3660 5382 -3259 -2780 3999
10-43-41-867 5010 542 3414 -4391 -2720 5370
10-43-41-876 3586 1710 4322 -4724 -2701 5938
10-43-41-903 2618 4378 4378 -5032 -2715 5809
10-43-41-966 2100 10110 1748 -6204 -2765 6419
10-43-41-974 1216 12412 900 -6293 -2937 6404
10-43-41-988 -2250 15688 348 -7259 -2509 6109
10-43-42-012 -10488 23920 3288 -8152 -2243 5805
10-43-42-017 -19854 32511 7268 -7899 -1214 5765
10-43-42-030 -24336 32511 5236 -7758 -424 5805
10-43-42-060 -28278 32511 1934 -7232 488 6167
10-43-42-067 -30574 32511 -1992 -6058 3683 6182
10-43-42-074 -27570 32511 -2668 -5895 4931 5623
10-43-42-100 -22008 32511 -2406 -5377 5334 5097
10-43-42-117 -4770 29488 78 -3537 3659 2811
10-43-42-125 -1982 27322 -690 -3331 2167 2354
10-43-42-149 -3398 27106 -2592 -2905 814 1600
10-43-42-166 -10794 28904 -5792 -1653 -1785 -471
10-43-42-171 -11902 28314 -6658 -988 -2322 -1187
10-43-42-193 -10826 26580 -7190 -1046 -2206 -1896
10-43-42-273 -13438 25750 -9936 -1335 -1441 -2066
10-43-42-286 -21888 32511 -26480 -1086 911 -2856
10-43-42-296 13998 32511 -32768 1125 -109 -3145
10-43-42-314 10156 13154 -29702 1537 -2130 513
10-43-42-390 -13612 11462 -6234 72 1769 130
10-43-42-406 -13132 12634 -4010 -159 2271 418
10-43-42-417 -10678 13474 -3062 -577 2822 863
10-43-42-427 -7828 15220 -290 -230 3019 1402
10-43-42-442 -6150 20994 2212 1296 1372 1860
10-43-42-448 -6596 20326 2814 1157 820 1556
10-43-42-459 -7114 19404 3906 1238 332 957
10-43-42-504 -7352 18058 5848 1546 -864 263
