10-42-01-356 -5722 15014 -1824 -274 58 -308
10-42-01-375 -5690 15020 -1842 -269 48 -310
10-42-01-392 -5666 15364 -1912 -263 25 -297
10-42-01-444 -5696 15364 -1674 -266 35 -274
10-42-01-453 -5650 15090 -1676 -265 37 -269
10-42-01-459 -5364 15086 -1862 -265 38 -268
10-42-01-464 -5360 15426 -1678 -258 21 -270
10-42-01-478 -5362 15072 -1698 0 9 -270
10-42-01-508 -5672 15374 -1854 2 6 -270
10-42-01-542 -5348 15052 -1914 6 13 -264
10-42-01-553 -5322 15006 -1676 10 18 -261
10-42-01-562 -5304 15048 -1866 13 16 -261
10-42-01-598 -5342 15388 -1532 19 -283 10
10-42-01-671 -5700 15092 -1840 18 -289 16
10-42-01-705 -5728 15078 -1508 15 -285 20
10-42-01-710 -5534 15062 -1802 9 -272 20
10-42-01-716 -5518 14988 -1844 13 -264 7
10-42-01-731 -5542 14998 -1496 8 -292 -258
10-42-01-736 -5506 15168 -1528 8 -290 -261
10-42-01-745 -5748 15044 -1530 6 -293 -263
10-42-01-791 -5664 15042 -1488 8 -313 -261
10-42-01-807 -5684 15038 -1844 11 -321 0
10-42-01-818 -5710 15066 -1536 13 -325 4
10-42-01-864 -5568 15084 -1822 10 -331 11
10-42-01-924 -5582 15072 -1816 8 -329 10
10-42-01-942 -5618 14996 -1510 6 -329 7
10-42-01-949 -5618 14984 -1884 2 -322 8
10-42-01-970 -5978 15058 -1834 -271 -277 30
10-42-01-987 -5838 15036 -1856 -263 -271 13
10-42-02-011 -5990 15072 -1810 -261 -274 6
10-42-02-024 -6000 15082 -1470 -259 -275 1
10-42-02-029 -5772 15080 -1816 -262 -269 -274
10-42-02-034 -5980 15094 -1832 -266 -262 -276
10-42-02-058 -5788 15082 -1462 -266 3 -278
10-42-02-128 -5570 14996 -1826 -276 38 -272
10-42-02-150 -5906 15064 -1534 -277 44 -269
10-42-02-157 -5890 15046 -1472 -279 48 -268
10-42-02-170 -5580 15020 -1530 -279 45 -271
10-42-02-175 -5730 15090 -1484 -272 34 -281
10-42-02-183 -5512 15084 -1488 -270 33 -283
10-42-02-205 -5728 15364 -1486 -270 33 -284
10-42-02-262 -5646 15404 -1822 -268 37 -284
10-42-02-322 -5268 15240 -1640 -265 33 -283
10-42-02-330 -5270 15486 -1636 -263 18 -282
10-42-02-336 -5346 15482 -1664 -257 -269 -280
10-42-02-355 -5342 15082 -1488 -268 6 18
10-42-02-365 -5290 15390 -1436 -265 1 21
10-42-02-369 -5304 15394 -1498 -264 -260 23
10-42-02-476 -5670 15254 -1662 -263 -272 27
10-42-02-485 -5732 15436 -1532 -264 -272 28
10-42-02-496 -5724 15396 -1800 -264 -266 28
10-42-02-513 -5718 15090 -1900 -265 -262 28
10-42-02-603 -5892 15068 -1508 -257 -271 31
10-42-02-621 -5622 15388 -1512 -257 -263 31
10-42-02-631 -5612 15012 -1460 -258 -261 32
10-42-02-657 -5974 15072 -1878 -257 -259 27
10-42-02-671 -5604 15412 -1658 9 10 -271
10-42-02-678 -5900 15374 -1616 10 11 -273
10-42-02-699 -5620 15084 -1640 10 12 -276
10-42-02-723 -5746 15362 -1416 11 9 -283
10-42-02-732 -5734 15372 -1464 11 5 -285
10-42-02-748 -5688 15080 -1438 10 4 -284
10-42-02-805 -5670 15058 -1506 8 3 -284
10-42-02-820 -5310 15376 -1660 9 2 -283
10-42-02-849 -5306 15374 -1610 9 0 -282
10-42-02-861 -5302 15368 -1460 10 -265 -280
10-42-02-867 -5498 15482 -1766 19 -293 -272
10-42-02-894 -5278 15352 -2146 100 -185 -323
10-42-02-906 -5466 15654 -2884 114 -184 -326
10-42-02-911 -5098 16200 -4708 -107 -203 -358
10-42-02-957 -2936 22020 -11778 187 -798 -869
10-42-02-965 972 23108 -13528 487 -662 -922
10-42-02-972 2852 23924 -16978 923 -1041 -1308
10-42-03-004 7476 24416 -23768 2812 -3283 -1082
10-42-03-009 9364 23166 -24172 3254 -4335 -671
10-42-03-015 6748 21864 -24040 3479 -5002 -502
10-42-03-045 -7058 23704 -22062 4013 -5016 -187
10-42-03-061 -9536 25278 -21594 4454 -4495 -356
10-42-03-072 -11816 26582 -21012 4319 -4108 -276
10-42-03-106 -16200 27822 -18502 4493 -1792 -131
10-42-03-113 -16316 29182 -16914 4510 -1572 -205
10-42-03-122 -15804 29468 -15678 4573 -1342 -581
10-42-03-157 -15302 31584 -11868 4599 -1362 -661
10-42-03-167 -15572 32000 -10138 4602 -1388 -1062
10-42-03-180 -15552 31510 -9230 4864 -1175 -966
10-42-03-200 -11218 29592 -6152 4576 -1878 -1841
10-42-03-215 -10068 28942 -5154 4526 -2148 -1776
10-42-03-224 -8586 28030 -3774 4722 -2198 -1950
10-42-03-240 -3316 24440 -1634 4333 -2923 -2413
10-42-03-248 -244 22992 8 4261 -3080 -2195
10-42-03-261 3584 20964 -604 4242 -3051 -2342
10-42-03-290 6410 17780 230 4265 -3532 -1568
10-42-03-301 1298 18796 3842 4535 -3048 -1407
10-42-03-314 -1896 15504 7636 4825 -2878 -745
10-42-03-341 -3406 15232 18130 4315 -2586 201
10-42-03-349 -11374 8884 27700 4988 -2414 -406
10-42-03-356 -16050 -502 20014 4577 -2386 -1873
10-42-03-391 -4988 338 3266 354 -639 -298
10-42-03-396 -6688 -1202 6022 183 616 -298
10-42-03-402 -5532 -4948 7434 4 1762 -313
10-42-03-432 932 -2454 12864 -771 2012 242
10-42-03-444 -222 1458 10082 -364 1459 38
10-42-03-449 -2096 3508 9698 459 771 -176
10-42-03-480 -14748 -6836 10190 1108 -1424 512
10-42-03-492 -20350 -8636 11090 187 -1190 401
10-42-03-497 -23228 -8576 12620 -609 -892 459
10-42-03-530 -30402 -4586 17028 -1853 442 242
10-42-03-553 -32768 -5488 18160 -2063 859 -64
10-42-03-563 -32768 -6556 21412 -1990 686 -132
10-42-03-584 -32768 -6180 31094 -2986 -505 -2072
10-42-03-596 -32768 -1494 30022 -3951 -695 -2422
10-42-03-618 -32768 4388 28136 -4481 -591 -2550
10-42-03-635 -32768 19254 24756 -6475 865 -3021
10-42-03-651 -32768 27202 23168 -6644 1139 -3053
10-42-03-659 -32768 32490 22028 -6551 1147 -3202
10-42-03-690 -31494 32511 14980 -6290 517 -4717
10-42-03-698 -27572 32511 12894 -6260 108 -4966
10-42-03-705 -26050 32511 8672 -5522 -136 -5046
10-42-03-724 -19818 32511 -446 -5636 -669 -5536
10-42-03-740 -16076 32511 -2266 -5695 -1371 -5653
10-42-03-750 -14832 32511 -6698 -5311 -1770 -5443
10-42-03-783 -15704 32511 -8898 -5564 -3639 -4446
10-42-03-792 -16638 32511 -14146 -5395 -3479 -4020
10-42-03-818 -15360 31838 -14078 -4826 -3780 -3232
10-42-03-828 -13500 27282 -23568 -4572 -2866 -2866
10-42-03-846 -11442 23890 -29048 -4560 -1977 -2302
10-42-03-875 -10062 20990 -32768 -4953 -1592 -1973
10-42-03-882 -7194 18914 -32768 -5165 1556 -1589
10-42-03-895 -1864 20342 -32768 -4847 2191 -1354
10-42-03-928 3014 19602 -32768 -4575 2710 -968
10-42-03-941 26598 27778 -32768 -2267 1568 -958
10-42-03-951 32511 32511 -32768 722 -2429 787
10-42-03-972 8566 23356 -32768 1384 -3161 162
10-42-03-981 11344 21022 -32768 768 929 1650
10-42-03-987 14344 30732 -32768 1752 389 2215
10-42-04-012 6872 28082 -32768 3266 -135 2301
10-42-04-086 -4472 21982 -31710 4260 178 2658
10-42-04-098 -3662 22536 -26912 4631 673 2882
10-42-04-129 -590 25130 -23734 4628 719 3049
10-42-04-136 -9394 28384 -6280 4928 1233 3273
10-42-04-147 -9800 31924 -5420 4890 1547 3557
10-42-04-165 -9668 32511 -4024 4985 1185 3867
10-42-04-182 -14274 32511 48 5443 387 4001
10-42-04-193 -17768 32511 1430 5339 557 4281
10-42-04-206 -18398 32511 1866 5532 516 4525
10-42-04-223 -23342 32511 1294 5683 923 5159
10-42-04-233 -18936 32511 1322 5115 1159 5249
10-42-04-242 -21540 32511 4818 4595 1167 5599
10-42-04-305 -24806 32511 9720 4915 225 5335
10-42-04-322 -32036 32511 14522 4879 71 5647
10-42-04-332 -32368 32511 12770 4849 -760 5090
10-42-04-365 -32768 27322 12266 4745 -2258 4262
10-42-04-375 -32768 5724 27744 2975 -1346 1983
10-42-04-459 -32768 1148 28458 3126 -1023 1454
10-42-04-476 -32768 -3104 28260 596 -968 847
10-42-04-488 -32768 -4222 29162 -28 -820 185
10-42-04-506 -32768 -5630 30150 -377 -229 30
10-42-04-518 -32768 12244 24648 -4001 1099 -2869
10-42-04-528 -32768 15936 24676 -4383 829 -3173
10-42-04-551 -32768 19830 22508 -4258 365 -3280
10-42-04-577 -32768 32511 13972 -4540 -412 -4278
10-42-04-587 -32768 32511 10732 -4979 99 -4482
10-42-04-649 -32768 32511 9790 -5238 887 -4541
10-42-04-666 -24764 32511 4738 -5962 1407 -4504
10-42-04-676 -20228 32511 4062 -5950 762 -4952
10-42-04-706 -18384 32511 3902 -5518 608 -5247
10-42-04-725 -10102 32511 -1162 -6893 -849 -5531
10-42-04-746 -8230 32511 -2762 -6548 -1315 -5692
10-42-04-762 -8620 32511 -6726 -6429 -1422 -5637
10-42-04-772 -12256 32511 -11680 -5518 -1567 -4639
10-42-04-778 -11386 31512 -15314 -5311 -1083 -4013
10-42-04-800 -5870 31038 -17722 -5002 -747 -3510
10-42-04-807 1728 21792 -27766 -4209 -2345 -3309
10-42-04-815 -502 20402 -30594 -4159 -2039 -3100
10-42-04-858 -878 19880 -32768 -4100 -1737 -2186
10-42-04-873 3714 13828 -32768 -3489 630 -607
10-42-04-956 5296 14274 -32768 -3694 1649 -226
10-42-04-981 11344 17108 -32768 -3279 1966 -223
10-42-04-991 20852 24994 -32768 -201 -85 314
10-42-05-036 13894 24650 -32768 1098 -832 588
10-42-05-061 -3078 22244 -20616 4616 31 2891
10-42-05-071 -3282 23242 -18092 4682 341 3119
10-42-05-094 -4056 25094 -16190 4582 630 3013
10-42-05-103 -15062 32511 -4688 6677 463 4317
10-42-05-110 -14494 32511 -4726 7002 780 4697
10-42-05-132 -16962 32511 -5308 7259 889 4881
10-42-05-145 -16018 32511 -5216 7000 734 4831
10-42-05-150 -16620 32511 -5566 6373 1046 4804
10-42-05-180 -18880 32511 -5696 6015 1048 5081
10-42-05-195 -18646 32511 124 4717 870 5036
10-42-05-202 -19072 32511 1408 4724 153 4765
10-42-05-232 -19380 32511 2440 4705 -369 4606
10-42-05-243 -26422 32511 6662 4339 -1655 4128
10-42-05-248 -27448 32511 8880 4465 -1803 3850
10-42-05-280 -26358 32454 11548 4089 -1842 3284
10-42-05-292 -31318 18448 20058 3967 -1669 2654
10-42-05-297 -32768 14402 22388 3649 -1829 2390
10-42-05-327 -32768 10830 23290 2991 -1569 1981
10-42-05-345 -32768 4192 25326 1612 -189 1240
10-42-05-349 -32768 1790 25474 1339 -336 1360
10-42-05-376 -32768 -110 26118 1065 -333 1004
10-42-05-395 -32768 -3284 26532 -117 -138 512
10-42-05-399 -32768 -3048 26638 -247 113 -12
10-42-05-431 -32768 -3086 26278 -852 -2 -345
10-42-05-436 -32768 490 23884 -1978 329 -1309
10-42-05-440 -32768 2840 22436 -2467 216 -1567
10-42-05-479 -32768 4478 21122 -3133 600 -1803
10-42-05-497 -32768 10948 20632 -3759 803 -2386
10-42-05-506 -32768 14670 20412 -4157 501 -2646
10-42-05-522 -32768 17888 19178 -4076 463 -2844
10-42-05-648 -32768 21908 17452 -4495 854 -3008
10-42-05-673 -32768 24948 17328 -5198 1067 -3303
10-42-05-698 -31644 30872 16874 -5637 1336 -3561
10-42-05-704 -12222 32511 -1346 -5917 -375 -6233
10-42-05-709 -8136 32511 -936 -5769 -591 -5764
10-42-05-725 -8508 32511 -7086 -5288 -1420 -4808
10-42-05-730 -8134 31578 -8522 -5237 -1663 -4417
10-42-05-735 -6574 29002 -9094 -5140 -1603 -4153
10-42-05-778 -6406 23688 -13952 -4352 -2405 -3447
10-42-05-794 -6834 23448 -18046 -4294 -2047 -2992
10-42-05-802 -6410 23542 -21980 -4356 -1677 -2869
10-42-05-827 -450 16944 -32768 -3786 -679 -1874
10-42-05-835 1234 17268 -32768 -4210 -425 -1262
10-42-05-936 1788 18952 -32768 -4044 14 -963
10-42-05-974 8570 19316 -32768 -3579 467 -371
10-42-05-983 12152 20284 -32768 -2983 866 260
10-42-05-993 14318 22514 -32768 -2343 796 248
10-42-06-031 1430 24420 -31534 3813 -671 2116
10-42-06-041 -868 23452 -28382 4030 -769 2363
10-42-06-055 -3198 23210 -26108 4385 -240 2621
10-42-06-071 -6186 26120 -17316 4262 424 3035
10-42-06-082 -6082 28040 -14038 4623 492 3454
10-42-06-114 -7118 30764 -11134 4940 632 3308
10-42-06-124 -11760 32511 -6000 5802 12 3724
10-42-06-131 -13420 32511 -3566 6238 -161 3786
10-42-06-157 -13660 32511 -1688 6419 -553 4098
10-42-06-174 -18122 32511 1734 6656 -787 4028
10-42-06-186 -17758 32511 2786 6526 -770 4198
10-42-06-214 -18552 32511 2168 6118 -600 4072
10-42-06-221 -17622 32511 9786 5457 12 4441
10-42-06-235 -19862 32511 10196 5285 -455 4413
10-42-06-258 -24338 32511 12860 5302 -1061 4055
10-42-06-269 -25110 32511 14204 5249 -1430 3850
10-42-06-276 -24580 30980 14018 5078 -1492 3597
10-42-06-306 -25272 27954 15760 4740 -1590 3003
10-42-06-317 -32768 15092 22580 4141 -1037 2340
10-42-06-335 -32768 12122 26424 3467 -754 2314
10-42-06-358 -32768 7276 30210 3369 -1053 1670
10-42-06-376 -32768 -592 32511 2227 -718 1218
10-42-06-387 -32768 -5130 32511 1770 -801 1287
10-42-06-408 -32768 -8472 32511 978 -613 657
10-42-06-418 -32768 -2838 32511 -1409 -769 -498
10-42-06-443 -32768 -656 32511 -1958 -423 -1095
10-42-06-462 -32768 650 29894 -2842 -197 -1200
10-42-06-469 -32768 14210 23774 -4608 714 -2009
10-42-06-473 -32768 17162 21910 -4585 1099 -2289
10-42-06-504 -32768 18400 20082 -4901 1121 -2516
10-42-06-511 -28026 30038 13500 -5741 421 -3373
10-42-06-518 -25632 32511 12440 -5705 524 -3328
10-42-06-554 -23672 32511 12108 -5368 556 -3464
10-42-06-567 -20490 32511 11046 -5617 599 -4022
10-42-06-574 -20426 32511 10814 -5869 196 -4010
10-42-06-595 -18434 32511 10512 -6146 287 -4440
10-42-06-620 -15744 32511 4554 -6527 -346 -4865
10-42-06-625 -17466 32511 2674 -6393 35 -4897
10-42-06-644 -17354 32511 1752 -6574 352 -4750
10-42-06-660 -14846 32511 2420 -6730 249 -4799
10-42-06-666 -14618 32511 1492 -6277 215 -4930
10-42-06-750 -14010 32511 1204 -6342 210 -4698
10-42-06-770 -12830 32511 -1950 -5723 -420 -4297
10-42-06-780 -13548 32338 -5678 -5334 -790 -4228
10-42-06-809 -13624 29876 -8836 -5708 -442 -4392
10-42-06-820 -6470 20616 -32768 -4238 -614 -1929
10-42-06-830 -3408 19724 -32768 -4150 -101 -1593
10-42-06-854 -996 19052 -32768 -3466 407 -1089
10-42-06-865 8438 20818 -32768 -2278 747 -479
10-42-06-871 10980 23550 -32768 -1852 540 -434
10-42-06-888 10280 25620 -32768 -648 -319 -184
10-42-06-907 2764 24594 -32768 1452 108 892
10-42-06-913 3760 24914 -32768 2342 348 1005
10-42-06-937 3718 25108 -32768 2715 373 1570
10-42-06-950 -1336 24030 -28142 4061 1 2172
10-42-06-960 -2960 24620 -24326 4326 14 2342
10-42-06-996 -4822 24520 -20580 4577 54 2283
10-42-07-003 -9260 26568 -12194 5273 348 3101
10-42-07-011 -10090 27330 -10268 5728 222 2990
10-42-07-035 -11060 28370 -7870 5923 522 3363
10-42-07-054 -13364 31758 -3280 6023 331 3584
10-42-07-083 -14160 32511 -1234 6500 -117 3700
10-42-07-145 -14822 32511 610 6675 19 3875
10-42-07-158 -19904 32511 2542 7025 -293 3724
10-42-07-178 -20822 32511 3232 6534 -127 4028
10-42-07-189 -19892 32511 6384 6355 570 4431
10-42-07-202 -32750 32511 18344 5761 -161 4083
10-42-07-209 -26362 32511 12768 6112 -1484 3844
10-42-07-215 -17744 32511 11740 5761 -2651 3231
10-42-07-233 -21108 23706 14456 4847 -2507 2063
10-42-07-244 -23324 20396 15958 4515 -2335 1515
10-42-07-249 -27568 17050 19824 4358 -1813 1603
10-42-07-294 -30904 9374 23932 3858 -511 1227
10-42-07-303 -32768 6632 25692 3134 68 1554
10-42-07-309 -32768 3936 27934 2538 329 1177
10-42-07-344 -32768 -2344 32511 1689 1097 709
10-42-07-349 -32768 -3900 32511 1264 671 407
10-42-07-353 -32768 -3750 32511 870 241 359
10-42-07-384 -32768 -3200 32511 -209 -209 -251
10-42-07-392 -32768 -1720 32511 -968 -537 -508
10-42-07-408 -32768 -868 32636 -1874 -359 -1073
10-42-07-433 -32768 5332 28950 -3521 581 -1801
10-42-07-454 -32768 9046 27138 -4182 391 -1701
10-42-07-464 -31648 11792 24674 -4438 539 -2144
10-42-07-487 -30622 21112 18700 -4773 -142 -2510
10-42-07-502 -30432 24262 17426 -5235 -533 -2703
10-42-07-509 -29704 28014 15880 -5452 -256 -3116
10-42-07-583 -25372 32511 11968 -5830 867 -3438
10-42-07-601 -25328 32511 14120 -6509 1225 -3429
10-42-07-612 -23378 32511 13452 -6274 1681 -3658
10-42-07-620 -17608 32511 12214 -6518 2006 -3565
10-42-07-733 -14204 32511 3066 -6361 -282 -5037
10-42-07-770 -14236 32511 2404 -6341 -353 -5227
10-42-07-780 -16166 32511 650 -6318 0 -4851
10-42-07-787 -13448 32511 874 -6499 -88 -4930
10-42-07-794 -10534 20468 -22016 -4582 -2247 -2893
10-42-07-806 -10296 22574 -27686 -4236 -2158 -2872
10-42-07-817 -8752 22706 -31180 -3820 -1497 -2599
10-42-07-829 -7054 15938 -32768 -3123 -783 -1038
10-42-07-834 -6260 15032 -32768 -2777 86 -422
10-42-07-839 -3596 15906 -32768 -2839 426 -518
10-42-07-872 10748 27356 -32768 -345 1122 217
10-42-07-878 352 26314 -32768 895 580 793
10-42-07-882 -6544 16940 -32768 1431 528 462
10-42-07-917 1674 22976 -32768 2755 411 1436
10-42-07-922 -1282 22802 -32768 3575 139 1463
10-42-07-934 -4188 20358 -30186 4090 360 1520
10-42-07-968 -7734 22158 -22370 4539 845 2610
10-42-07-984 -8648 22514 -19884 4946 757 2531
10-42-07-992 -10424 22796 -17148 4801 1134 2696
10-42-08-018 -12742 26364 -9424 5460 1017 3293
10-42-08-031 -13612 27842 -7756 5713 1148 3701
10-42-08-039 -15308 29870 -6510 5976 1061 3540
10-42-08-060 -17088 32511 -1454 6457 788 4142
10-42-08-070 -17170 32542 106 6283 390 4113
10-42-08-075 -17172 32511 874 6481 556 3851
10-42-08-122 -16488 32511 4678 6263 -41 3867
10-42-08-133 -17152 32511 4758 6156 367 3753
10-42-08-149 -16944 32511 5780 5915 204 4138
10-42-08-165 -15610 32511 6292 5117 415 4047
10-42-08-170 -15082 32511 7950 5164 614 4028
10-42-08-179 -16718 32511 7408 5182 366 3822
10-42-08-209 -18092 32511 9586 4609 -377 3785
10-42-08-224 -20594 32511 10412 4415 -343 4144
10-42-08-232 -21318 32511 12744 4203 45 4133
10-42-08-260 -21972 23878 16606 3966 -213 3631
10-42-08-285 -21612 20210 15680 3715 -466 3353
10-42-08-292 -24326 17956 15144 3577 -645 3129
10-42-08-308 -32768 10454 23158 2474 -1009 3046
10-42-08-313 -32768 5196 28498 2550 -1605 2792
10-42-08-324 -32768 -1494 32020 2513 -1742 2523
10-42-08-357 -32768 -8482 32511 828 -967 684
10-42-08-378 -32768 -5990 32511 -384 61 356
10-42-08-391 -32768 -3296 32511 -1038 636 -354
10-42-08-413 -32768 1770 31252 -2580 681 -1390
10-42-08-423 -32768 4094 29020 -3112 845 -1433
10-42-08-432 -32768 6548 27598 -3597 788 -1706
10-42-08-464 -32768 14178 25012 -4261 406 -2933
10-42-08-477 -32768 16764 23152 -4514 634 -2960
10-42-08-484 -32768 19116 21260 -4837 482 -3205
10-42-08-557 -29710 30826 21132 -5787 1017 -3890
10-42-08-609 -27502 32511 20944 -6159 1342 -3737
10-42-08-617 -25374 32511 18110 -5755 765 -3714
10-42-08-625 -14912 32511 8386 -6147 1044 -5052
10-42-08-643 -15024 32511 4334 -5607 909 -5308
10-42-08-663 -11926 32511 -888 -6291 466 -5528
10-42-08-672 -9076 32511 -190 -6276 -8 -5590
10-42-08-704 -7728 32511 -1384 -6267 -412 -5703
10-42-08-710 -9994 32511 -8044 -5699 -2185 -4989
10-42-08-715 -11150 31330 -11160 -5357 -2202 -4449
10-42-08-746 -9752 28892 -14206 -5458 -2431 -3806
10-42-08-755 -7772 21526 -20922 -4526 -2031 -2938
10-42-08-763 -8218 21208 -24816 -4621 -2162 -2880
10-42-08-905 -7802 21470 -28872 -4457 -1517 -2438
10-42-08-938 -2998 17168 -32768 -3918 -158 -935
10-42-08-948 -3342 16842 -32768 -3640 -47 -875
10-42-08-954 -1072 17754 -32768 -3350 578 -435
10-42-08-966 -1100 27770 -27452 5109 -359 2706
10-42-08-973 -4536 27326 -23566 5367 -118 3015
10-42-08-990 -6128 27742 -19694 5712 171 3603
10-42-08-996 -9426 29742 -8858 5553 1036 4173
10-42-09-001 -9342 30632 -6122 5919 666 3981
10-42-09-037 -9170 31426 -4654 5871 437 4107
10-42-09-049 -14402 32511 620 6307 -697 3693
10-42-09-064 -14036 32511 462 6362 -952 3293
10-42-09-092 -13178 32511 1214 6292 -997 3242
10-42-09-104 -19182 32511 4622 5504 -228 2964
10-42-09-115 -18632 32511 5634 5365 -110 3690
10-42-09-134 -17390 32511 6388 5362 296 3468
10-42-09-147 -18948 32511 8188 5283 280 3759
10-42-09-166 -16660 32511 7958 5365 -86 3948
10-42-09-196 -15732 32511 8584 5344 84 3599
10-42-09-224 -28186 32511 14354 5325 -175 3264
10-42-09-235 -27576 32511 15016 5076 -519 3704
10-42-09-247 -24524 30922 15848 5162 -487 3636
10-42-09-253 -24496 20828 18962 4368 -1152 2537
10-42-09-259 -26858 15342 20526 4089 -755 2583
10-42-09-279 -31004 10302 23426 4198 -770 2568
10-42-09-304 -32768 5666 27200 2723 -829 2639
10-42-09-314 -32768 3548 30038 2477 -930 2405
10-42-09-333 -32768 1234 30066 2245 -1616 2065
10-42-09-340 -32768 -5986 30728 1377 -942 1076
10-42-09-347 -32768 -8364 32242 685 -630 427
10-42-09-387 -32768 -9158 32624 272 -597 -25
10-42-09-402 -32768 88 30392 -1757 -452 -1327
10-42-09-414 -32768 2114 30048 -2268 64 -1634
10-42-09-480 -32768 3634 29296 -2745 575 -1880
10-42-09-496 -32768 9454 25868 -4153 701 -2605
10-42-09-503 -32768 12826 25698 -4253 687 -2832
10-42-09-521 -32768 16634 25404 -4582 710 -3138
10-42-09-532 -24806 32511 16108 -6583 1155 -4283
10-42-09-569 -22622 32511 16844 -6571 1370 -4544
10-42-09-585 -20568 32511 16088 -6397 929 -4977
10-42-09-595 -18312 32511 9398 -6297 264 -5666
10-42-09-620 -14780 32511 8226 -6441 95 -5971
10-42-09-636 -12010 32511 -2250 -6534 -424 -5558
10-42-09-648 -10412 32511 -3856 -6953 -425 -5273
10-42-09-681 -7852 32511 -3800 -6604 -609 -5222
10-42-09-693 -5224 32511 -4878 -6125 -1127 -4427
10-42-09-704 -5526 32511 -6946 -5701 -1326 -4178
10-42-09-730 -6898 31892 -9596 -5156 -1478 -3491
10-42-09-737 -3970 28782 -22764 -4418 -2156 -2595
10-42-09-744 -3980 25254 -29800 -4001 -2054 -2154
10-42-09-764 -3156 22712 -32768 -4068 -1510 -1656
10-42-09-820 5362 20832 -32768 -4929 960 -472
10-42-09-866 11154 22374 -32768 -4654 1749 -869
10-42-09-879 17594 26240 -32768 -3560 1777 -731
10-42-09-895 21184 30574 -32768 -841 -139 -527
10-42-09-915 7928 24200 -32768 2960 -209 1251
10-42-09-932 -3204 27020 -17200 4913 809 2774
10-42-09-939 -4890 28052 -14522 5172 613 3188
10-42-09-966 -6500 28778 -11666 5432 138 3341
10-42-09-972 -11606 31064 -4728 6006 -49 3944
10-42-09-982 -12436 32511 -2296 5841 -24 4172
10-42-10-072 -13114 32511 -1048 6210 296 4363
10-42-10-109 -14376 32511 464 6086 220 4370
10-42-10-118 -14276 32511 1160 6217 556 4277
10-42-10-134 -15094 32511 2778 6015 628 4271
10-42-10-144 -17192 32511 8434 4484 745 5016
10-42-10-157 -20566 32511 9360 4683 720 5332
10-42-10-174 -19378 32511 11676 4679 437 5748
10-42-10-184 -32768 32511 20498 4310 -1128 5579
10-42-10-195 -32768 30778 16670 4062 -1906 5205
10-42-10-217 -32236 23812 14068 4183 -2884 4031
10-42-10-224 -32768 9974 22166 3840 -2559 2600
10-42-10-230 -32768 4046 24796 3431 -2116 2004
10-42-10-315 -32768 1866 26494 2375 -1862 2222
10-42-10-339 -32768 -5340 31384 1151 -1070 1585
10-42-10-357 -32768 -5796 31714 408 -1057 654
10-42-10-368 -32768 -5098 32511 97 -1002 307
10-42-10-386 -32768 17694 26310 -4877 520 -3618
10-42-10-394 -32768 21696 24826 -4805 449 -3919
10-42-10-403 -32768 26420 23630 -4852 861 -4153
10-42-10-464 -32630 32511 19648 -4829 757 -4449
10-42-10-475 -30466 32511 17320 -5208 714 -4480
10-42-10-483 -27932 32511 15370 -5476 1025 -4249
10-42-10-505 -17266 32511 6474 -6277 816 -5979
10-42-10-512 -16986 32511 3898 -6354 852 -5799
10-42-10-517 -14140 32511 3310 -6716 784 -6228
10-42-10-549 -9606 32511 286 -6049 -208 -5577
10-42-10-564 -7894 32511 -1472 -6001 -776 -5737
10-42-10-572 -5784 32511 -4632 -5304 -1344 -5502
10-42-10-599 -6696 30784 -11594 -4787 -2445 -4373
10-42-10-616 -5620 30014 -12008 -4836 -2722 -3776
10-42-10-625 -5900 28176 -12118 -4907 -3100 -3487
10-42-10-711 -9182 21734 -26672 -3836 -2519 -2276
10-42-10-740 -8714 19874 -32768 -4169 -2168 -2319
10-42-10-748 -7678 19968 -32768 -4428 -1352 -2055
10-42-10-797 12530 25796 -32768 867 856 390
10-42-10-813 9502 24636 -32768 1467 240 1067
10-42-10-820 7470 24500 -32768 2576 358 1088
10-42-10-845 -4566 23370 -19846 5171 230 2662
10-42-10-861 -5526 25016 -17070 5213 471 2916
10-42-10-867 -6578 25910 -14386 4992 697 3126
10-42-10-896 -8726 30142 -7270 5331 938 3577
10-42-10-914 -9508 31696 -5096 5901 1100 3964
10-42-10-924 -10270 31744 -4208 5883 699 3717
10-42-10-947 -12910 32511 -82 6279 305 4009
10-42-10-957 -14746 32511 -184 6454 -19 4433
10-42-10-966 -15978 32511 2004 6416 -41 4247
10-42-10-987 -18296 32511 2508 5857 563 4822
10-42-11-001 -19164 32511 3094 5665 616 5335
10-42-11-009 -18654 32511 5930 5325 220 5273
10-42-11-047 -20528 32511 10790 5366 -39 4584
10-42-11-055 -26044 32511 12768 5673 127 4568
10-42-11-063 -30554 32511 13820 5718 -44 4717
10-42-11-101 -24028 32511 15428 5376 83 4311
10-42-11-115 -26754 31604 14364 5075 -353 4383
10-42-11-138 -29370 26712 14678 4835 -415 3991
10-42-11-155 -30142 19726 20412 3525 -1648 3295
10-42-11-164 -32768 17006 23266 3264 -1765 3016
10-42-11-173 -32768 11754 26120 3621 -2320 2817
10-42-11-194 -32768 3874 27618 1690 -1480 1505
10-42-11-203 -32768 3668 31610 1096 -753 1581
10-42-11-212 -32768 2218 32511 486 -147 1353
10-42-11-235 -32768 1358 32511 -500 -276 18
10-42-11-244 -32768 2352 32511 -995 -238 -458
10-42-11-251 -32768 3464 31408 -1823 -229 -1135
10-42-11-285 -32768 11684 27212 -3467 -313 -1982
10-42-11-293 -32768 15460 26048 -4163 -276 -2213
10-42-11-300 -32768 18222 26068 -4253 109 -2661
10-42-11-347 -32768 32134 23532 -4828 572 -3446
10-42-11-357 -32768 32511 21258 -5069 248 -3707
10-42-11-368 -32578 32511 18064 -5639 143 -3859
10-42-11-384 -27890 32511 15266 -6925 682 -4519
10-42-11-391 -24484 32511 12760 -7177 725 -5173
10-42-11-397 -21536 32511 8736 -7436 1033 -5457
10-42-11-433 -18832 32511 6928 -7968 537 -6181
10-42-11-438 -17940 32511 5900 -7561 322 -6052
10-42-11-477 -16918 32511 2088 -7418 229 -6198
10-42-11-482 -9474 32511 -602 -7372 904 -5662
10-42-11-486 -8854 32511 -3046 -7065 1399 -5012
10-42-11-588 -8058 32511 -6186 -6805 1353 -4856
10-42-11-633 -4272 32511 -9330 -6502 193 -4492
10-42-11-648 -3506 32002 -8290 -5827 -421 -4252
10-42-11-656 -5500 28824 -6734 -6015 -1588 -4161
10-42-11-669 -3948 18654 -32768 -3628 -1861 -2033
10-42-11-675 -2514 17770 -32768 -3539 -1194 -1501
10-42-11-687 -1260 15614 -32768 -3853 -412 -974
10-42-11-692 7448 18298 -32768 -2885 1927 -524
10-42-11-698 11838 21482 -32768 -1679 1895 -197
10-42-11-775 16224 25284 -32768 87 1109 -269
10-42-11-808 4606 19744 -32768 1772 69 1326
10-42-11-826 6056 21876 -32768 2648 42 1852
10-42-11-846 4134 22190 -32768 3065 56 1666
10-42-11-867 -10812 26548 -15614 4940 968 2983
10-42-11-881 -10554 28782 -13960 5121 942 3454
10-42-11-894 -10072 29730 -11352 5380 710 3270
10-42-11-905 -15626 32038 -4236 5843 -385 3232
10-42-11-914 -16850 32511 -2172 6191 -439 3247
10-42-11-925 -17562 32511 -874 6067 -597 3237
10-42-11-930 -19658 32511 442 6029 295 3662
10-42-11-937 -20820 32511 2626 5860 436 3853
10-42-11-958 -21236 32511 3968 6243 923 4149
10-42-11-973 -20390 32511 3000 5729 2365 4717
10-42-11-978 -19846 32511 3222 5036 2374 4982
10-42-12-003 -20342 32511 4406 4858 1965 4978
10-42-12-069 -26690 32511 6556 4828 245 4422
10-42-12-079 -27168 32511 8550 4793 -250 3831
10-42-12-092 -22666 32511 8066 4893 -1097 3868
10-42-12-112 -25778 32511 13512 4317 -1533 3416
10-42-12-118 -26068 14810 21100 3734 -1833 2666
10-42-12-123 -32578 10570 23458 3884 -1284 2348
10-42-12-154 -32768 7502 25866 3468 -909 2230
10-42-12-176 -32768 -3478 32090 2094 -644 1658
10-42-12-187 -32768 -4820 31126 1220 -543 1335
10-42-12-208 -32768 -7160 32511 762 494 993
10-42-12-221 -32768 -8102 32511 -1646 -255 59
10-42-12-240 -32768 -2440 32511 -2283 -434 -399
10-42-12-271 -32768 826 32504 -2921 -259 -1089
10-42-12-284 -32768 7808 27326 -4202 1522 -1977
10-42-12-306 -32768 10668 25478 -4003 1517 -2236
10-42-12-322 -32768 11996 24368 -4180 1194 -2461
10-42-12-354 -32768 15778 23170 -4558 1137 -3336
10-42-12-372 -32768 21156 25196 -5478 1173 -3524
10-42-12-384 -32768 29570 25962 -5978 1874 -4217
10-42-12-409 -31106 32511 22138 -5462 1805 -4241
10-42-12-418 -22988 32511 12478 -5550 740 -5415
10-42-12-428 -22168 32511 9320 -5741 679 -5363
10-42-12-449 -22364 32511 5010 -5632 950 -5319
10-42-12-460 -8188 32511 -214 -5706 1583 -6214
10-42-12-476 -6420 32511 -50 -5355 1060 -6155
10-42-12-495 -6770 32511 -192 -5633 160 -5538
10-42-12-510 -1246 32511 -6394 -5157 -1389 -4535
10-42-12-516 -1952 32511 -7074 -4920 -1986 -4476
10-42-12-546 -3706 30934 -8530 -4351 -2515 -4192
10-42-12-552 -6924 27384 -15914 -4217 -2952 -3253
10-42-12-564 -7320 24788 -20846 -4122 -3162 -3143
10-42-12-592 -9106 21990 -23036 -4223 -2696 -2511
10-42-12-716 -8486 16190 -31918 -4288 -942 -1955
10-42-12-750 -6396 15736 -32768 -4734 -539 -2084
10-42-12-758 -5304 18076 -32768 -4560 -36 -1873
10-42-12-789 1532 18522 -32768 -3833 501 -1443
10-42-12-809 -574 18240 -32768 2942 607 1734
10-42-12-817 162 17892 -31320 3279 971 2341
10-42-12-855 -2504 17584 -28090 3953 1771 2654
10-42-12-865 -5748 23848 -13958 4067 376 3265
10-42-12-874 -7974 25586 -12178 4297 -206 3392
10-42-12-897 -9664 26772 -10600 4516 -808 3352
10-42-12-905 -13412 29666 -4314 5039 -711 3381
10-42-12-913 -15006 30320 -2782 5255 -668 3452
10-42-12-931 -16418 30240 -1748 5660 -855 3286
10-42-12-997 -18304 31922 -196 5252 -141 3314
10-42-13-015 -18212 32556 -46 5386 -319 3323
10-42-13-022 -16932 31676 592 5171 64 3634
10-42-13-036 -17612 32511 1866 4880 -115 3477
10-42-13-043 -20736 32511 4350 4750 -562 4138
10-42-13-048 -25112 32511 6226 4756 -541 4056
10-42-13-080 -29036 32511 11332 4596 -383 4440
10-42-13-126 -29336 24208 14762 4931 -1345 3664
10-42-13-135 -32768 21602 15884 4944 -1421 3091
10-42-13-148 -32768 17080 16376 4545 -1892 2433
10-42-13-154 -32768 2796 22820 3823 -2610 1463
10-42-13-162 -32768 -1016 26486 3276 -2942 1536
10-42-13-180 -32768 -3132 28744 3094 -2896 1290
10-42-13-196 -32768 -3370 25982 1308 -873 130
10-42-13-201 -32768 -3136 24854 670 -317 269
10-42-13-229 -32008 -4290 22542 451 361 -122
10-42-13-237 -25166 -3842 17486 -1033 341 -585
10-42-13-251 -23330 -1142 15402 -1163 -60 -464
10-42-13-273 -21704 1212 12508 -1642 92 -814
10-42-13-340 -20050 1904 8546 -1532 65 -662
10-42-13-352 -18770 2146 7650 -1915 62 -687
10-42-13-359 -17108 2690 6560 -2050 36 -720
10-42-13-380 -15176 4528 3520 -2141 -175 -752
10-42-13-394 -15054 3288 -2552 -2645 -20 -800
10-42-13-400 -15404 3048 -3404 -2677 167 -795
10-42-13-419 -15106 3386 -3740 -2488 600 -864
10-42-13-555 -13994 4574 -4798 -2553 807 -763
10-42-13-572 -12990 4926 -4874 -2468 774 -1045
10-42-13-579 -11990 4576 -4278 -2606 421 -1028
10-42-13-596 -2888 12214 2312 -3609 2850 -273
10-42-13-604 1826 12552 1738 -3462 3155 -60
10-42-13-611 6712 10156 1248 -3902 3362 111
10-42-13-694 1556 14654 2414 -4670 3552 -144
10-42-13-711 2216 15140 1606 -4567 3524 262
10-42-13-725 3898 16388 1048 -4943 3620 628
10-42-13-738 -2202 27738 -2924 -5705 1917 1456
10-42-13-745 -4130 29360 -2100 -5362 1653 1445
10-42-13-750 -5684 31232 -2138 -5387 1326 1522
10-42-13-783 -7158 32511 -5224 -4565 483 2123
10-42-13-793 -8552 32511 -6434 -4718 597 1958
10-42-13-804 -8846 32464 -6616 -4701 406 1941
10-42-13-827 -9370 28752 -6086 -4678 244 1722
10-42-13-859 -11062 27960 -6090 -4635 213 1910
10-42-13-871 -11610 27140 -6406 -4333 216 1847
10-42-13-887 -13726 28492 -6684 -4243 656 1537
10-42-13-908 -15582 28438 -6572 -4469 1280 1175
10-42-13-925 -16738 27838 -7836 -4258 1799 981
10-42-13-969 -19812 28200 -10464 -4757 3785 176
10-42-13-986 -18592 30664 -12770 -5204 4558 -265
10-42-13-994 32511 15818 -27272 198 8538 375
10-42-14-062 32511 21098 -9820 275 6098 29
10-42-14-117 -12880 18074 -9878 -352 836 -312
